                  1.37482733406759782824
                 -1.38270346300828284036
                  1.10102510911966144924
                 -0.61510209703158358341
                  0.48043719357622538535
                  0.29385513262575374549
                 -0.07605979191056787270
                 -0.08859241770723377818
                  0.60079009394933879928
                 -0.54947420178311445760
                  0.90956597264160232719
                 -0.85849662885578015281
                 -0.99705968788489962584
                 -0.68069991199621981970
                  1.36352802914249315869
                  1.68411942776790901632
                  1.33860699979689257155
                  1.07293716724399912366
                 -1.16493405464436805552
                  0.53100451142582016928
                  0.56384317704510500402
                 -0.27522421076721520494
                  0.05582454365330218743
                 -0.15074728069080939319
                 -0.42801584701612527262
                  0.66203982149405204982
                 -0.88535400288496679533
                 -1.19650842281875235962
                  1.41255529875558250019
                 -1.68784756284085091238
                  0.40236944084756842699
