                  1.49536486663870871183
                  0.83972054825585196181
                 -1.16942496261488204645
                  1.30222915281733753190
                  0.45993920393785037160
                  0.37848839362114949925
                  0.05517515911392459338
                  0.07635589810380469244
                 -0.55082101580070286229
                  0.64835591970612127533
                 -0.89381748977225938813
                 -0.67266240688294087757
                 -1.19019545449629360334
                  1.30804045204444197026
                 -1.04853887490212493994
                  1.96568443249353874691
                 -1.34150158304818756250
                  1.13122898093597923364
                  0.73365067542797945954
                 -0.78821483248057844229
                  0.61853667403343526310
                 -0.26335855896290172318
                 -0.17027300334083592115
                 -0.26650235473958650001
                  0.52996161827914156639
                  1.05758462249726137294
                 -0.92683496605795068213
                  1.13851651938351405846
                  1.44836159192582281108
                  1.80046628903475580685
                  0.31309626278651148112
