                 -1.47892589816785724466
                  1.26505212980558856550
                 -1.09754933613201011156
                  0.80736215145089118561
                  0.68233189301312335839
                  0.41666507085433041047
                  0.18881695668191533777
                 -0.05243808458276482537
                  0.18506316422483792827
                 -0.47884717301607554463
                  0.62381799836302687101
                 -0.86030717190539651718
                 -1.05757785468384124528
                  1.27682547408128321820
                 -1.48293231011194315272
                 -1.67809465868387786003
                  1.43178026663887125736
                  1.21890263633358264528
                  0.91986146743725183406
                 -0.71794574111486941792
                  0.47218999425773650058
                  0.24330950120830294181
                  0.01432557772467583576
                  0.23911519014961951646
                 -0.50646381963867292963
                  0.71392162542155479521
                  0.92382342359884939142
                 -1.21961177199422299289
                  1.44268979779172679123
                  1.67681650294671280577
                 -0.01564166079049119501
