     0.00013105     0.00753071    -0.00739966
     0.02248545     0.02398495    -0.00149950
    -0.01472814    -0.01944342     0.00471529
     0.03938440     0.02240403     0.01698037
    -0.00835920    -0.00609132    -0.00226788
     0.01503587     0.02021055    -0.00517469
     0.00008727     0.00542440    -0.00533713
    -0.02133286    -0.02663124     0.00529838
    -0.02912807    -0.03309681     0.00396873
    -0.01862652    -0.02218571     0.00355919
     0.01521862     0.01562477    -0.00040615
     0.00163704     0.00567051    -0.00403347
    -0.00086611     0.00623287    -0.00709898
     0.02370240     0.02337802     0.00032438
    -0.00005693    -0.00397949     0.00392257
    -0.01545324    -0.03296939     0.01751615
     0.02800090     0.02378562     0.00421528
     0.01375955     0.01414298    -0.00038343
    -0.02915009    -0.03897028     0.00982019
     0.01361105     0.01613871    -0.00252765
     0.02544344     0.02064762     0.00479582
    -0.00275083     0.00013172    -0.00288255
     0.03055158     0.02498193     0.00556965
     0.01867354     0.01863966     0.00003388
     0.04042456     0.02521552     0.01520904
     0.02956705     0.02269433     0.00687272
     0.04064772     0.02339333     0.01725439
     0.00783462     0.01028089    -0.00244627
    -0.00106399     0.00638884    -0.00745283
    -0.00287785     0.00071473    -0.00359258
    -0.00785737    -0.01128398     0.00342661
     0.03260876     0.02086863     0.01174013
    -0.01014865    -0.01437133     0.00422268
    -0.01674700    -0.02987218     0.01312518
     0.01755034     0.02090583    -0.00335549
     0.03207763     0.02478748     0.00729015
     0.03335830     0.02255378     0.01080452
    -0.01619026    -0.03507631     0.01888606
    -0.01555860    -0.02765765     0.01209905
     0.02413010     0.02309786     0.00103224
    -0.00133532     0.00901816    -0.01035348
    -0.01508177    -0.01520393     0.00012216
    -0.00062769    -0.00329466     0.00266698
     0.04314458     0.02033443     0.02281015
    -0.00200785    -0.00358162     0.00157377
    -0.00702680    -0.00317557    -0.00385123
    -0.00672682    -0.00263448    -0.00409233
    -0.00113961     0.00675299    -0.00789261
    -0.00016931     0.00725449    -0.00742380
    -0.03058620    -0.03009978    -0.00048642
    -0.01978553    -0.02320098     0.00341545
     0.00390677     0.01138508    -0.00747832
    -0.02415895    -0.02292213    -0.00123682
    -0.00141415     0.00491684    -0.00633099
    -0.00150210     0.00297121    -0.00447330
    -0.00046861     0.00699178    -0.00746039
    -0.00948352    -0.02160671     0.01212318
    -0.00063144    -0.00322574     0.00259430
     0.02863800     0.02306741     0.00557059
    -0.02603109    -0.03403121     0.00800012
     0.03337656     0.02482495     0.00855161
     0.00847001     0.01514525    -0.00667525
     0.00721630     0.00920985    -0.00199356
     0.01381827     0.01827456    -0.00445629
    -0.01201883    -0.01395982     0.00194099
     0.00003924     0.00674627    -0.00670703
    -0.00226382     0.00323955    -0.00550337
     0.00662306     0.00899431    -0.00237125
     0.00540130     0.01018226    -0.00478097
    -0.01086975    -0.00593375    -0.00493600
    -0.00046297     0.00699841    -0.00746139
    -0.00915903    -0.00973235     0.00057332
     0.02074457     0.00831596     0.01242861
    -0.01618160    -0.01332305    -0.00285856
     0.00505637     0.01196147    -0.00690510
    -0.00045593     0.00697277    -0.00742870
    -0.01848072    -0.02369542     0.00521470
    -0.00072581     0.00582503    -0.00655084
     0.02089919     0.02214783    -0.00124864
     0.01791889     0.01563473     0.00228416
    -0.00573270    -0.00980296     0.00407026
     0.01941832     0.02164329    -0.00222498
    -0.03183324    -0.02098436    -0.01084888
     0.02524346     0.02280434     0.00243911
     0.01616871     0.02034347    -0.00417477
     0.03466148     0.01695531     0.01770618
     0.02785445     0.02214083     0.00571362
    -0.01749445    -0.01794510     0.00045066
     0.00298199     0.00129119     0.00169080
     0.01512031     0.00539877     0.00972154
     0.02495826     0.02324504     0.00171321
     0.01682347     0.02016111    -0.00333764
    -0.02238700    -0.02279629     0.00040929
     0.02828273     0.02201697     0.00626576
     0.03404215     0.02494901     0.00909315
     0.01266883     0.01344306    -0.00077423
    -0.00046798     0.00694769    -0.00741567
     0.00920899     0.01020072    -0.00099173
     0.03655798     0.01835887     0.01819911
     0.00619568     0.01063003    -0.00443435
    -0.00361196    -0.00686439     0.00325243
    -0.00463960    -0.00688259     0.00224300
    -0.00867091    -0.00667487    -0.00199604
    -0.00867118    -0.00667487    -0.00199631
    -0.00893981    -0.00714481    -0.00179500
    -0.00808837    -0.00762072    -0.00046765
    -0.01001722    -0.00751871    -0.00249851
    -0.00585467    -0.00700307     0.00114840
    -0.00891763    -0.00727946    -0.00163818
    -0.00455508    -0.00686199     0.00230691
    -0.00611478    -0.00709600     0.00098122
    -0.00781340    -0.00708753    -0.00072587
    -0.00544089    -0.00706750     0.00162661
    -0.00429330    -0.00683748     0.00254418
    -0.00567208    -0.00705575     0.00138367
    -0.01211699    -0.00934390    -0.00277308
    -0.00433075    -0.00685738     0.00252663
    -0.01094752    -0.00859293    -0.00235459
    -0.03422022    -0.03904342     0.00482320
    -0.00693346    -0.00728154     0.00034808
    -0.02450617    -0.02514728     0.00064112
    -0.00440288    -0.00685481     0.00245192
    -0.00480159    -0.00683110     0.00202951
    -0.00630354    -0.00710941     0.00080587
    -0.00778556    -0.00745148    -0.00033408
    -0.01037418    -0.00765381    -0.00272037
    -0.00795430    -0.00715780    -0.00079649
    -0.00466085    -0.00685942     0.00219858
    -0.01057690    -0.00905244    -0.00152447
    -0.01878446    -0.01628478    -0.00249967
    -0.00562865    -0.00696168     0.00133303
    -0.00502047    -0.00686844     0.00184797
    -0.00731921    -0.00734360     0.00002439
    -0.01396905    -0.01074908    -0.00321996
    -0.00686690    -0.00702380     0.00015690
    -0.02438592    -0.02446003     0.00007411
    -0.01048574    -0.00770998    -0.00277577
    -0.03169354    -0.03947749     0.00778395
    -0.00549001    -0.00689330     0.00140330
    -0.00571137    -0.00693277     0.00122140
    -0.01949715    -0.01723594    -0.00226121
    -0.01094850    -0.00841557    -0.00253293
    -0.00841934    -0.00711312    -0.00130622
    -0.00841950    -0.00711312    -0.00130638
    -0.00626265    -0.00693155     0.00066891
    -0.01084537    -0.00901898    -0.00182639
    -0.00906841    -0.00667776    -0.00239065
    -0.01028207    -0.00868110    -0.00160096
    -0.01699286    -0.01291689    -0.00407597
    -0.01644292    -0.01251836    -0.00392456
    -0.00944453    -0.00808849    -0.00135604
    -0.00947258    -0.00784845    -0.00162414
    -0.00636357    -0.00695355     0.00058998
    -0.00661726    -0.00697471     0.00035744
    -0.00782316    -0.00706499    -0.00075818
    -0.00798447    -0.00708097    -0.00090350
    -0.01109977    -0.00792933    -0.00317044
    -0.00743848    -0.00693098    -0.00050750
    -0.00791900    -0.00703859    -0.00088041
    -0.01626299    -0.01229948    -0.00396351
    -0.01359048    -0.01041747    -0.00317302
    -0.00793721    -0.00710493    -0.00083227
    -0.00837104    -0.00715292    -0.00121812
    -0.00840990    -0.00715778    -0.00125211
    -0.01651494    -0.01350244    -0.00301251
    -0.01022517    -0.00773355    -0.00249162
    -0.00702184    -0.00704710     0.00002526
    -0.01029507    -0.00774264    -0.00255244
    -0.03047311    -0.02860765    -0.00186546
    -0.01085269    -0.00859306    -0.00225963
    -0.01864614    -0.01496046    -0.00368568
    -0.01145975    -0.00806568    -0.00339407
    -0.01119615    -0.00799507    -0.00320109
    -0.00846625    -0.00725122    -0.00121503
    -0.00801764    -0.00716843    -0.00084922
    -0.00888648    -0.00608480    -0.00280168
    -0.01569887    -0.01223009    -0.00346879
    -0.00865929    -0.00725374    -0.00140554
    -0.02532849    -0.05304344     0.02771495
    -0.01228872    -0.00938316    -0.00290556
    -0.01900661    -0.01623053    -0.00277608
    -0.01073367    -0.00789159    -0.00284208
    -0.01273253    -0.00972100    -0.00301154
    -0.01513231    -0.01172867    -0.00340364
    -0.01690129    -0.01315988    -0.00374141
    -0.01799130    -0.01459899    -0.00339230
    -0.01756253    -0.01432066    -0.00324187
    -0.01969966    -0.01691038    -0.00278928
    -0.01501282    -0.01148098    -0.00353184
    -0.01471695    -0.01128635    -0.00343060
    -0.00851882    -0.00729765    -0.00122117
    -0.00903168    -0.00753686    -0.00149482
    -0.01107365    -0.00800848    -0.00306517
    -0.01860159    -0.01542590    -0.00317570
    -0.01849427    -0.01523856    -0.00325571
    -0.00949332    -0.00762919    -0.00186413
    -0.01890127    -0.02213760     0.00323633
    -0.03255078    -0.04632823     0.01377745
    -0.01214180    -0.01090790    -0.00123391
    -0.02514811    -0.03876854     0.01362043
    -0.00199813     0.00183010    -0.00382824
    -0.00199813     0.00183010    -0.00382824
    -0.00199813     0.00183010    -0.00382824
    -0.00199813     0.00183010    -0.00382824
    -0.00199813     0.00183010    -0.00382824
    -0.00199813     0.00183010    -0.00382824
    -0.00199813     0.00183010    -0.00382824
    -0.00199813     0.00183010    -0.00382824
     0.01749151    -0.00032573     0.01781723
    -0.00324942     0.00181324    -0.00506266
    -0.00481584     0.00048020    -0.00529605
    -0.00433665     0.00092121    -0.00525786
    -0.01162019     0.00112251    -0.01274270
    -0.05506420    -0.08897396     0.03390976
    -0.00475271    -0.00618057     0.00142786
    -0.00331184     0.00127641    -0.00458825
    -0.00351593     0.00261744    -0.00613337
     0.03303740     0.03538698    -0.00234958
    -0.00345293     0.00098374    -0.00443667
    -0.00366341     0.00070620    -0.00436961
    -0.00360031     0.00077901    -0.00437932
     0.02081181     0.02020190     0.00060991
    -0.00377373     0.00157374    -0.00534747
    -0.00777925    -0.01415999     0.00638075
    -0.00413349    -0.01213392     0.00800043
    -0.00317981     0.00224592    -0.00542573
    -0.00313543     0.00222132    -0.00535675
     0.03297130     0.01817822     0.01479309
    -0.00295189     0.00147745    -0.00442934
    -0.00357786    -0.01578426     0.01220639
     0.03381793     0.02814327     0.00567466
    -0.00378622     0.00199993    -0.00578615
     0.01851672     0.03707023    -0.01855351
    -0.00697896    -0.01215247     0.00517351
    -0.00596259     0.00179313    -0.00775572
    -0.00570280     0.00175193    -0.00745473
    -0.00646189     0.00281296    -0.00927484
    -0.00369776     0.00127236    -0.00497012
     0.02929654     0.03073873    -0.00144219
    -0.00327339     0.00259610    -0.00586949
    -0.00361367     0.00133388    -0.00494755
     0.04882457     0.03675260     0.01207197
     0.04766229     0.03703452     0.01062777
    -0.00784039     0.00194923    -0.00978962
    -0.00386421     0.00238995    -0.00625416
    -0.00417466     0.00158049    -0.00575515
     0.02508060     0.01036090     0.01471970
     0.00494888     0.00693652    -0.00198764
    -0.00687790    -0.00738391     0.00050601
    -0.00615600     0.00197108    -0.00812708
    -0.00722070     0.00206013    -0.00928084
    -0.00246312    -0.01222520     0.00976208
    -0.00246285    -0.01222520     0.00976235
    -0.00246285    -0.01222520     0.00976235
    -0.00246285    -0.01222520     0.00976235
    -0.00246285    -0.01222520     0.00976235
    -0.00246285    -0.01222520     0.00976235
    -0.00246285    -0.01222520     0.00976235
    -0.00246285    -0.01222520     0.00976235
    -0.00246285    -0.01222520     0.00976235
    -0.00246285    -0.01222520     0.00976235
    -0.00246285    -0.01222520     0.00976235
    -0.00246285    -0.01222520     0.00976235
    -0.00605170    -0.00836379     0.00231209
    -0.00347228    -0.00026708    -0.00320520
    -0.00381071    -0.01183642     0.00802571
    -0.00728386    -0.00363685    -0.00364702
    -0.00740713    -0.00051189    -0.00689524
    -0.00676149    -0.00368646    -0.00307503
     0.05312329     0.03445382     0.01866947
    -0.00375493     0.00208804    -0.00584297
    -0.00395591     0.00299840    -0.00695431
     0.04010009     0.03787326     0.00222682
    -0.00663351    -0.00096590    -0.00566761
    -0.00649710     0.00089079    -0.00738789
    -0.00492668    -0.00506832     0.00014165
    -0.00326392     0.00116984    -0.00443376
    -0.00404827     0.00329755    -0.00734582
    -0.00454144    -0.00404945    -0.00049199
    -0.00226807     0.00279598    -0.00506405
    -0.00226807     0.00279598    -0.00506405
    -0.00226807     0.00279598    -0.00506405
    -0.00226780     0.00279598    -0.00506378
    -0.00226780     0.00279598    -0.00506378
    -0.00226780     0.00279598    -0.00506378
    -0.00226780     0.00279598    -0.00506378
    -0.00226780     0.00279598    -0.00506378
    -0.00226780     0.00279598    -0.00506378
    -0.00226780     0.00279598    -0.00506378
    -0.00226780     0.00279598    -0.00506378
    -0.00226780     0.00279598    -0.00506378
     0.04130144     0.03744976     0.00385168
    -0.00414574     0.00128677    -0.00543251
     0.02289427     0.02488095    -0.00198668
     0.02136097     0.02520028    -0.00383932
     0.03643583     0.03670776    -0.00027193
     0.02604674     0.03534286    -0.00929612
     0.02873648     0.03740228    -0.00866580
     0.02287517     0.02555854    -0.00268337
     0.02466241     0.02559524    -0.00093283
     0.00682648     0.00693204     0.00681951     0.00453375     0.03390976
