                 -1.33307578456555120283
                  1.25239683328924766847
                  1.34177485559848452823
                 -0.95028173503986657078
                 -0.32259454326737363461
                 -0.79491168096065367710
                 -0.33336249613143476012
                 -0.44255525050067723303
                 -0.18710706560120382580
                  0.32391796609159301257
                 -0.70419788950911355041
                 -0.68542387635280133118
                 -1.06935490192581683644
                 -1.28427566759151057241
                  1.27381668026055705489
                 -1.49526341174085475316
                 -1.46066975884736804936
                 -1.19378249768982325207
                  0.93009602706449656662
                  0.73817639416760671978
                 -0.49873306725711835652
                  0.18403250383524902278
                  0.11121256899920847760
                  0.33915931572742441524
                 -0.66263944579414391090
                 -0.71413743245916272429
                  0.95432144406959218408
                 -1.26829091180938458017
                  1.37929302980209844698
                 -1.65451954421808689055
                 -0.89687484654533977668
