                 -1.49232662943642524489
                 -1.18694777999936040835
                  1.05976968971721707824
                 -0.90015917611506013341
                  0.45919508270906339575
                 -0.40915313371940242870
                  0.32552424963076681541
                 -0.13490411904204394067
                 -0.05767525332005158517
                  0.41243535209377713002
                 -0.51315780873935856743
                 -0.78684189261542492044
                  0.95137930912124812899
                 -1.25351438457867003784
                  1.53480327053073706267
                 -1.66588645623284281605
                  1.38288842607671735863
                 -1.15208861798905015661
                  0.92060522558568913531
                 -0.59582183782284958706
                 -0.49302797428993261342
                  0.26597527582370966703
                 -0.03006407236904517360
                  0.23837867572438756203
                  0.58817600036943384900
                 -0.65079821383808589275
                  1.17764385012155803345
                  1.18805069330261514615
                 -1.37464862042542779186
                 -1.65754346543507891099
                  0.22835873786849184008
