     0.00013105     0.00029712    -0.00016607
     0.02248545     0.02251750    -0.00003206
    -0.01472814    -0.01502365     0.00029551
     0.03938440     0.03900248     0.00038192
    -0.00835920    -0.00843954     0.00008034
     0.01503587     0.01595544    -0.00091957
     0.00008727     0.00005098     0.00003629
    -0.02133286    -0.02178731     0.00045446
    -0.02912807    -0.02926504     0.00013697
    -0.01862652    -0.01880756     0.00018104
     0.01521862     0.01514045     0.00007817
     0.00163704     0.00113174     0.00050530
    -0.00086611    -0.00094620     0.00008009
     0.02370240     0.02363673     0.00006567
    -0.00005693     0.00007392    -0.00013085
    -0.01545324    -0.01540597    -0.00004727
     0.02800090     0.02795011     0.00005078
     0.01375955     0.01347983     0.00027972
    -0.02915009    -0.02894523    -0.00020486
     0.01361105     0.01401726    -0.00040621
     0.02544344     0.02598292    -0.00053949
    -0.00275083    -0.00291939     0.00016857
     0.03055158     0.03069639    -0.00014480
     0.01867354     0.01982447    -0.00115093
     0.04042456     0.04059145    -0.00016689
     0.02956705     0.03030808    -0.00074103
     0.04064772     0.04036827     0.00027944
     0.00783462     0.00788595    -0.00005133
    -0.00106399    -0.00135725     0.00029325
    -0.00287785    -0.00270049    -0.00017736
    -0.00785737    -0.00794773     0.00009036
     0.03260876     0.03278044    -0.00017167
    -0.01014865    -0.01023395     0.00008530
    -0.01674700    -0.01666690    -0.00008010
     0.01755034     0.01764038    -0.00009004
     0.03207763     0.03210912    -0.00003150
     0.03335830     0.03365430    -0.00029599
    -0.01619026    -0.01632960     0.00013934
    -0.01555860    -0.01558778     0.00002918
     0.02413010     0.02395298     0.00017712
    -0.00133532    -0.00114325    -0.00019207
    -0.01508177    -0.01515576     0.00007399
    -0.00062769    -0.00074768     0.00011999
     0.04314458     0.04288914     0.00025544
    -0.00200785    -0.00190792    -0.00009993
    -0.00702680    -0.00700913    -0.00001767
    -0.00672682    -0.00676080     0.00003398
    -0.00113961    -0.00147609     0.00033648
    -0.00016931    -0.00055333     0.00038402
    -0.03058620    -0.03094374     0.00035754
    -0.01978553    -0.01992752     0.00014198
     0.00390677     0.00375268     0.00015409
    -0.02415895    -0.02417912     0.00002018
    -0.00141415    -0.00146231     0.00004816
    -0.00150210    -0.00120380    -0.00029830
    -0.00046861    -0.00033815    -0.00013046
    -0.00948352    -0.00947738    -0.00000615
    -0.00063144    -0.00063801     0.00000657
     0.02863800     0.02862647     0.00001153
    -0.02603109    -0.02593270    -0.00009839
     0.03337656     0.03367803    -0.00030147
     0.00847001     0.00805818     0.00041182
     0.00721630     0.00715294     0.00006336
     0.01381827     0.01343495     0.00038331
    -0.01201883    -0.01165971    -0.00035912
     0.00003924    -0.00024585     0.00028509
    -0.00226382    -0.00225775    -0.00000607
     0.00662306     0.00711662    -0.00049356
     0.00540130     0.00593677    -0.00053547
    -0.01086975    -0.01069798    -0.00017178
    -0.00046297    -0.00031944    -0.00014353
    -0.00915903    -0.00937508     0.00021606
     0.02074457     0.02093954    -0.00019497
    -0.01618160    -0.01629173     0.00011013
     0.00505637     0.00489488     0.00016149
    -0.00045593    -0.00029789    -0.00015803
    -0.01848072    -0.01853786     0.00005714
    -0.00072581    -0.00102143     0.00029562
     0.02089919     0.02096861    -0.00006943
     0.01791889     0.01744505     0.00047384
    -0.00573270    -0.00536604    -0.00036666
     0.01941832     0.01942370    -0.00000539
    -0.03183324    -0.03171939    -0.00011385
     0.02524346     0.02488592     0.00035754
     0.01616871     0.01594519     0.00022352
     0.03466148     0.03438116     0.00028032
     0.02785445     0.02791929    -0.00006485
    -0.01749445    -0.01764844     0.00015399
     0.00298199     0.00280071     0.00018127
     0.01512031     0.01492400     0.00019630
     0.02495826     0.02518147    -0.00022321
     0.01682347     0.01687526    -0.00005179
    -0.02238700    -0.02288442     0.00049742
     0.02828273     0.02840011    -0.00011739
     0.03404215     0.03373188     0.00031027
     0.01266883     0.01247804     0.00019079
    -0.00046798    -0.00033356    -0.00013442
     0.00920899     0.00930199    -0.00009300
     0.03655798     0.04151191    -0.00495393
     0.00619568     0.00573011     0.00046557
    -0.00361196    -0.00349559    -0.00011637
    -0.00463960    -0.00472374     0.00008415
    -0.00867091    -0.00870712     0.00003621
    -0.00867118    -0.00870712     0.00003594
    -0.00893981    -0.00893178    -0.00000803
    -0.00808837    -0.00818035     0.00009198
    -0.01001722    -0.01001169    -0.00000553
    -0.00585467    -0.00573342    -0.00012125
    -0.00891763    -0.00888942    -0.00002821
    -0.00455508    -0.00462356     0.00006849
    -0.00611478    -0.00601186    -0.00010292
    -0.00781340    -0.00776559    -0.00004781
    -0.00544089    -0.00536693    -0.00007396
    -0.00429330    -0.00421757    -0.00007573
    -0.00567208    -0.00559179    -0.00008029
    -0.01211699    -0.01222086     0.00010388
    -0.00433075    -0.00432752    -0.00000322
    -0.01094752    -0.01103809     0.00009057
    -0.03422022    -0.03483492     0.00061470
    -0.00693346    -0.00701679     0.00008333
    -0.02450617    -0.02425315    -0.00025301
    -0.00440288    -0.00438706    -0.00001582
    -0.00480159    -0.00472832    -0.00007326
    -0.00630354    -0.00624441    -0.00005913
    -0.00778556    -0.00789894     0.00011338
    -0.01037418    -0.01037528     0.00000111
    -0.00795430    -0.00792108    -0.00003321
    -0.00466085    -0.00467342     0.00001258
    -0.01057690    -0.01055687    -0.00002004
    -0.01878446    -0.01858651    -0.00019795
    -0.00562865    -0.00567160     0.00004295
    -0.00502047    -0.00502595     0.00000547
    -0.00731921    -0.00738668     0.00006747
    -0.01396905    -0.01400683     0.00003778
    -0.00686690    -0.00684256    -0.00002434
    -0.02438592    -0.02421172    -0.00017420
    -0.01048574    -0.01048342    -0.00000232
    -0.03169354    -0.03161042    -0.00008312
    -0.00549001    -0.00556634     0.00007633
    -0.00571137    -0.00573169     0.00002032
    -0.01949715    -0.01929417    -0.00020297
    -0.01094850    -0.01088632    -0.00006218
    -0.00841934    -0.00842094     0.00000160
    -0.00841950    -0.00842094     0.00000143
    -0.00626265    -0.00636740     0.00010475
    -0.01084537    -0.01077691    -0.00006846
    -0.00906841    -0.00910165     0.00003324
    -0.01028207    -0.01025981    -0.00002226
    -0.01699286    -0.01692125    -0.00007160
    -0.01644292    -0.01628246    -0.00016046
    -0.00944453    -0.00936826    -0.00007627
    -0.00947258    -0.00944455    -0.00002803
    -0.00636357    -0.00646072     0.00009715
    -0.00661726    -0.00670954     0.00009228
    -0.00782316    -0.00780629    -0.00001688
    -0.00798447    -0.00794118    -0.00004330
    -0.01109977    -0.01109367    -0.00000610
    -0.00743848    -0.00748011     0.00004163
    -0.00791900    -0.00793865     0.00001965
    -0.01626299    -0.01620254    -0.00006046
    -0.01359048    -0.01365022     0.00005973
    -0.00793721    -0.00791812    -0.00001908
    -0.00837104    -0.00827740    -0.00009364
    -0.00840990    -0.00831202    -0.00009788
    -0.01651494    -0.01656542     0.00005048
    -0.01022517    -0.01021779    -0.00000738
    -0.00702184    -0.00709307     0.00007122
    -0.01029507    -0.01028433    -0.00001074
    -0.03047311    -0.02923294    -0.00124016
    -0.01085269    -0.01093728     0.00008459
    -0.01864614    -0.01859700    -0.00004914
    -0.01145975    -0.01143815    -0.00002160
    -0.01119615    -0.01117655    -0.00001960
    -0.00846625    -0.00840297    -0.00006328
    -0.00801764    -0.00801470    -0.00000294
    -0.00888648    -0.00884425    -0.00004223
    -0.01569887    -0.01572544     0.00002656
    -0.00865929    -0.00856437    -0.00009492
    -0.02532849    -0.02476685    -0.00056165
    -0.01228872    -0.01232653     0.00003781
    -0.01900661    -0.01893190    -0.00007471
    -0.01073367    -0.01070624    -0.00002743
    -0.01273253    -0.01278978     0.00005724
    -0.01513231    -0.01514619     0.00001388
    -0.01690129    -0.01686472    -0.00003657
    -0.01799130    -0.01797258    -0.00001872
    -0.01756253    -0.01754088    -0.00002165
    -0.01969966    -0.01961677    -0.00008289
    -0.01501282    -0.01501714     0.00000432
    -0.01471695    -0.01473803     0.00002108
    -0.00851882    -0.00848672    -0.00003211
    -0.00903168    -0.00898572    -0.00004596
    -0.01107365    -0.01102888    -0.00004477
    -0.01860159    -0.01854292    -0.00005867
    -0.01849427    -0.01844169    -0.00005258
    -0.00949332    -0.00946482    -0.00002850
    -0.01890127    -0.01881816    -0.00008311
    -0.03255078    -0.03243730    -0.00011348
    -0.01214180    -0.01207447    -0.00006734
    -0.02514811    -0.02530652     0.00015841
    -0.00199813    -0.00194298    -0.00005516
    -0.00199813    -0.00194298    -0.00005516
    -0.00199813    -0.00194298    -0.00005516
    -0.00199813    -0.00194298    -0.00005516
    -0.00199813    -0.00194298    -0.00005516
    -0.00199813    -0.00194298    -0.00005516
    -0.00199813    -0.00194298    -0.00005516
    -0.00199813    -0.00194298    -0.00005516
     0.01749151     0.01745832     0.00003318
    -0.00324942    -0.00322151    -0.00002791
    -0.00481584    -0.00474302    -0.00007283
    -0.00433665    -0.00444530     0.00010865
    -0.01162019    -0.01142593    -0.00019426
    -0.05506420    -0.05493777    -0.00012643
    -0.00475271    -0.00464209    -0.00011062
    -0.00331184    -0.00332159     0.00000975
    -0.00351593    -0.00351123    -0.00000470
     0.03303740     0.03319373    -0.00015633
    -0.00345293    -0.00343323    -0.00001971
    -0.00366341    -0.00358012    -0.00008329
    -0.00360031    -0.00353746    -0.00006285
     0.02081181     0.02052893     0.00028288
    -0.00377373    -0.00375814    -0.00001558
    -0.00777925    -0.00781764     0.00003840
    -0.00413349    -0.00403689    -0.00009660
    -0.00317981    -0.00315643    -0.00002338
    -0.00313543    -0.00311124    -0.00002419
     0.03297130     0.03298103    -0.00000973
    -0.00295189    -0.00289440    -0.00005749
    -0.00357786    -0.00362889     0.00005103
     0.03381793     0.03382391    -0.00000598
    -0.00378622    -0.00378919     0.00000297
     0.01851672     0.01866361    -0.00014689
    -0.00697896    -0.00704758     0.00006862
    -0.00596259    -0.00598654     0.00002395
    -0.00570280    -0.00572054     0.00001774
    -0.00646189    -0.00659910     0.00013721
    -0.00369776    -0.00364693    -0.00005082
     0.02929654     0.02942709    -0.00013055
    -0.00327339    -0.00326775    -0.00000564
    -0.00361367    -0.00356455    -0.00004912
     0.04882457     0.04881643     0.00000814
     0.04766229     0.04758201     0.00008029
    -0.00784039    -0.00784261     0.00000222
    -0.00386421    -0.00388372     0.00001951
    -0.00417466    -0.00414654    -0.00002812
     0.02508060     0.02525807    -0.00017747
     0.00494888     0.00502524    -0.00007636
    -0.00687790    -0.00681393    -0.00006396
    -0.00615600    -0.00616299     0.00000699
    -0.00722070    -0.00721615    -0.00000455
    -0.00246312    -0.00242110    -0.00004202
    -0.00246285    -0.00242110    -0.00004175
    -0.00246285    -0.00242110    -0.00004175
    -0.00246285    -0.00242110    -0.00004175
    -0.00246285    -0.00242110    -0.00004175
    -0.00246285    -0.00242110    -0.00004175
    -0.00246285    -0.00242110    -0.00004175
    -0.00246285    -0.00242110    -0.00004175
    -0.00246285    -0.00242110    -0.00004175
    -0.00246285    -0.00242110    -0.00004175
    -0.00246285    -0.00242110    -0.00004175
    -0.00246285    -0.00242110    -0.00004175
    -0.00605170    -0.00607074     0.00001904
    -0.00347228    -0.00341272    -0.00005956
    -0.00381071    -0.00395284     0.00014213
    -0.00728386    -0.00715539    -0.00012847
    -0.00740713    -0.00735039    -0.00005674
    -0.00676149    -0.00664530    -0.00011618
     0.05312329     0.05326925    -0.00014596
    -0.00375493    -0.00374199    -0.00001294
    -0.00395591    -0.00398899     0.00003308
     0.04010009     0.03994174     0.00015835
    -0.00663351    -0.00651894    -0.00011457
    -0.00649710    -0.00641440    -0.00008270
    -0.00492668    -0.00492098    -0.00000569
    -0.00326392    -0.00322833    -0.00003559
    -0.00404827    -0.00407303     0.00002477
    -0.00454144    -0.00452092    -0.00002052
    -0.00226807    -0.00227271     0.00000464
    -0.00226807    -0.00227271     0.00000464
    -0.00226807    -0.00227271     0.00000464
    -0.00226780    -0.00227271     0.00000491
    -0.00226780    -0.00227271     0.00000491
    -0.00226780    -0.00227271     0.00000491
    -0.00226780    -0.00227271     0.00000491
    -0.00226780    -0.00227271     0.00000491
    -0.00226780    -0.00227271     0.00000491
    -0.00226780    -0.00227271     0.00000491
    -0.00226780    -0.00227271     0.00000491
    -0.00226780    -0.00227271     0.00000491
     0.04130144     0.04116508     0.00013637
    -0.00414574    -0.00411058    -0.00003515
     0.02289427     0.02299973    -0.00010546
     0.02136097     0.02124981     0.00011115
     0.03643583     0.03663052    -0.00019469
     0.02604674     0.02582260     0.00022414
     0.02873648     0.02881914    -0.00008266
     0.02287517     0.02275277     0.00012240
     0.02466241     0.02498426    -0.00032185
    -0.02206065    -0.02200691    -0.00005374
    -0.02034476    -0.02028252    -0.00006223
    -0.02034476    -0.02028252    -0.00006223
    -0.02204830    -0.02199481    -0.00005349
    -0.02564458    -0.02537893    -0.00026565
    -0.02933287    -0.02948189     0.00014902
    -0.03050184    -0.03080349     0.00030165
    -0.03260855    -0.03205743    -0.00055112
    -0.00760180    -0.00762323     0.00002143
    -0.02375791    -0.02373383    -0.00002407
    -0.02375791    -0.02373383    -0.00002407
    -0.03235657    -0.03259886     0.00024229
    -0.01497600    -0.01498356     0.00000756
    -0.02617991    -0.02610983    -0.00007008
    -0.02129092    -0.02130151     0.00001059
    -0.03103263    -0.03130391     0.00027129
    -0.04255039    -0.04263642     0.00008602
    -0.02115092    -0.02109134    -0.00005958
    -0.02115092    -0.02109134    -0.00005958
    -0.03215787    -0.03203962    -0.00011825
    -0.02285822    -0.02281649    -0.00004172
    -0.02285822    -0.02281649    -0.00004172
    -0.02691750    -0.02699465     0.00007715
    -0.02198909    -0.02193579    -0.00005330
    -0.02198909    -0.02193579    -0.00005330
    -0.02195934    -0.02189943    -0.00005991
    -0.03537888    -0.03566019     0.00028131
    -0.02876611    -0.02872358    -0.00004253
    -0.02553032    -0.02596568     0.00043536
    -0.02253737    -0.02275350     0.00021614
    -0.02549122    -0.02577802     0.00028680
    -0.02038149    -0.02032562    -0.00005588
    -0.03568515    -0.03541228    -0.00027287
    -0.03778241    -0.03775352    -0.00002890
    -0.04765892    -0.04789330     0.00023438
    -0.03129152    -0.03121648    -0.00007504
    -0.03190981    -0.03182670    -0.00008311
    -0.03360652    -0.03361259     0.00000607
    -0.02224114    -0.02268926     0.00044812
    -0.03023288    -0.03047194     0.00023906
    -0.05407624    -0.05395436    -0.00012188
    -0.04761255    -0.04797683     0.00036428
    -0.03728948    -0.03685560    -0.00043387
    -0.04156169    -0.04149008    -0.00007161
    -0.04102963    -0.04105124     0.00002161
    -0.00732531    -0.00755637     0.00023106
    -0.02773515    -0.02758715    -0.00014800
    -0.02838784    -0.02845321     0.00006537
    -0.00481954    -0.00472005    -0.00009949
    -0.04308466    -0.04299515    -0.00008951
    -0.02764584    -0.02734934    -0.00029650
    -0.04507180    -0.04473971    -0.00033209
    -0.02853756    -0.02852728    -0.00001028
    -0.03156026    -0.03146121    -0.00009904
    -0.01691879    -0.01668914    -0.00022964
    -0.04319552    -0.04274611    -0.00044941
    -0.02022266    -0.02000879    -0.00021387
    -0.03056299    -0.03057193     0.00000894
    -0.03990035    -0.03989084    -0.00000951
    -0.04693110    -0.04705340     0.00012231
    -0.02669140    -0.02672737     0.00003597
    -0.02206865    -0.02170896    -0.00035969
    -0.04068178    -0.04099831     0.00031652
    -0.02892323    -0.02888508    -0.00003815
    -0.01377136    -0.01392697     0.00015561
    -0.03662791    -0.03688444     0.00025652
    -0.03631844    -0.03623455    -0.00008389
    -0.03042976    -0.03070792     0.00027816
    -0.02334712    -0.02339415     0.00004702
    -0.03175544    -0.03195871     0.00020326
    -0.01549430    -0.01552347     0.00002917
    -0.04489071    -0.04483351    -0.00005720
    -0.04610433    -0.04611738     0.00001304
    -0.02146557    -0.02134623    -0.00011934
    -0.03878335    -0.03871797    -0.00006538
    -0.03654217    -0.03674757     0.00020540
    -0.02543318    -0.02541209    -0.00002109
    -0.03361874    -0.03413885     0.00052011
    -0.03389058    -0.03369845    -0.00019213
    -0.02137468    -0.02133090    -0.00004378
    -0.03335874    -0.03348720     0.00012846
    -0.03495697    -0.03460954    -0.00034744
    -0.02374607    -0.02365148    -0.00009459
    -0.01916234    -0.01882701    -0.00033533
    -0.02757654    -0.02758182     0.00000529
    -0.02917101    -0.02885232    -0.00031870
    -0.03918372    -0.03977028     0.00058656
    -0.02619115    -0.02616532    -0.00002583
    -0.03403181    -0.03426786     0.00023605
    -0.03205501    -0.03193247    -0.00012254
    -0.02860390    -0.02819184    -0.00041206
    -0.03887693    -0.03881755    -0.00005939
    -0.02522713    -0.02564067     0.00041354
    -0.04204690    -0.04178707    -0.00025983
    -0.04133355    -0.04110582    -0.00022773
    -0.03807393    -0.03805170    -0.00002223
    -0.03261200    -0.03293946     0.00032746
    -0.03018575    -0.03033112     0.00014537
    -0.03164388    -0.03127271    -0.00037117
    -0.03643199    -0.03613284    -0.00029915
    -0.01886769    -0.01887361     0.00000592
    -0.02819342    -0.02838086     0.00018744
    -0.02449125    -0.02457365     0.00008239
    -0.01866200    -0.01873875     0.00007675
    -0.02492998    -0.02489777    -0.00003221
    -0.02542455    -0.02545507     0.00003052
    -0.01837667    -0.01831665    -0.00006002
    -0.01592370    -0.01615724     0.00023354
    -0.02754369    -0.02744580    -0.00009789
    -0.01627467    -0.01630445     0.00002979
    -0.02830360    -0.02816262    -0.00014097
    -0.01972570    -0.01980974     0.00008405
    -0.01681275    -0.01681258    -0.00000017
    -0.01776035    -0.01773357    -0.00002678
    -0.02693163    -0.02704957     0.00011794
    -0.01317265    -0.01318729     0.00001463
    -0.01365388    -0.01371747     0.00006358
    -0.01704633    -0.01723393     0.00018760
    -0.02707672    -0.02697234    -0.00010438
    -0.01483494    -0.01477802    -0.00005692
    -0.01583099    -0.01585758     0.00002659
    -0.01913611    -0.01920519     0.00006908
    -0.01591967    -0.01590473    -0.00001494
    -0.02619550    -0.02631363     0.00011813
    -0.02066101    -0.02056026    -0.00010075
    -0.02573446    -0.02572772    -0.00000675
    -0.02521075    -0.02530400     0.00009325
    -0.02297449    -0.02292858    -0.00004591
    -0.02261911    -0.02263472     0.00001561
    -0.02300154    -0.02308796     0.00008642
    -0.01517146    -0.01512445    -0.00004701
    -0.02347719    -0.02337339    -0.00010380
    -0.01429803    -0.01424471    -0.00005332
    -0.01396175    -0.01392737    -0.00003439
    -0.02347243    -0.02339320    -0.00007923
    -0.01782670    -0.01778095    -0.00004574
    -0.02690183    -0.02682071    -0.00008112
    -0.01944708    -0.01942742    -0.00001966
    -0.01701297    -0.01698552    -0.00002745
    -0.02588913    -0.02602056     0.00013143
    -0.02718962    -0.02712565    -0.00006397
    -0.02184043    -0.02190875     0.00006832
    -0.01519574    -0.01541296     0.00021723
    -0.02064430    -0.02070269     0.00005839
    -0.01746008    -0.01755093     0.00009085
    -0.01944196    -0.01941768    -0.00002429
    -0.02183420    -0.02210818     0.00027398
    -0.02337725    -0.02343543     0.00005818
    -0.02011711    -0.02035935     0.00024225
    -0.01538592    -0.01534328    -0.00004263
    -0.02568695    -0.02573386     0.00004691
    -0.01359587    -0.01356537    -0.00003050
    -0.02447583    -0.02446817    -0.00000766
    -0.02241032    -0.02253164     0.00012133
    -0.02295370    -0.02291347    -0.00004023
    -0.02171248    -0.02173940     0.00002692
    -0.02519908    -0.02521071     0.00001163
    -0.01567449    -0.01556635    -0.00010815
    -0.02371685    -0.02380504     0.00008819
    -0.02546373    -0.02538566    -0.00007807
    -0.01954961    -0.01955813     0.00000852
    -0.01586731    -0.01590916     0.00004185
    -0.02397157    -0.02398991     0.00001834
    -0.01860317    -0.01860651     0.00000334
    -0.01822891    -0.01836453     0.00013562
    -0.02106507    -0.02105798    -0.00000708
    -0.01388058    -0.01386283    -0.00001775
    -0.02160092    -0.02162335     0.00002244
    -0.01641848    -0.01650371     0.00008523
    -0.02346337    -0.02345112    -0.00001225
    -0.02219829    -0.02222611     0.00002782
    -0.02380017    -0.02387579     0.00007562
    -0.01913916    -0.01909732    -0.00004184
    -0.02260654    -0.02260953     0.00000299
    -0.02076139    -0.02118832     0.00042693
    -0.01384932    -0.01376770    -0.00008162
    -0.01732203    -0.01743079     0.00010875
    -0.02055828    -0.02053038    -0.00002790
    -0.02303493    -0.02309989     0.00006496
    -0.02330963    -0.02332397     0.00001434
    -0.01694336    -0.01690284    -0.00004052
    -0.02478250    -0.02467622    -0.00010628
    -0.01784221    -0.01790137     0.00005916
    -0.01576331    -0.01576627     0.00000296
    -0.02122962    -0.02111428    -0.00011534
    -0.02001071    -0.01992569    -0.00008502
    -0.02305980    -0.02295898    -0.00010082
    -0.02167920    -0.02158330    -0.00009591
    -0.01753423    -0.01762813     0.00009390
    -0.01870138    -0.01866340    -0.00003798
    -0.02135634    -0.02123646    -0.00011988
    -0.01891537    -0.01883089    -0.00008448
    -0.01975332    -0.01983589     0.00008257
    -0.02310590    -0.02304556    -0.00006034
    -0.02268080    -0.02274160     0.00006080
    -0.02515856    -0.02518726     0.00002870
    -0.01903445    -0.01897868    -0.00005576
    -0.02216484    -0.02211293    -0.00005192
    -0.01998135    -0.01989849    -0.00008286
    -0.02155923    -0.02148956    -0.00006967
     0.00028994     0.00016003     0.00037537     0.00103895     0.00495393
