                  1.64800475352544251173
                 -1.11720465671480861936
                  0.97975740822318335699
                  0.81258291081725797511
                  0.66371366718555280251
                 -0.38858767027356577728
                 -0.12994212180105244037
                  0.56348394773547294534
                 -0.07942938874035888885
                  0.82098530008820336246
                  0.68099800156639778148
                 -0.84716984713021514786
                 -1.51685066826203907020
                  1.20632362533116599401
                 -1.77467521506768521888
                 -1.67326020997981905758
                  1.46658340912832119152
                 -1.09224957721550430811
                 -0.74561279961269322225
                  0.69657469791876269749
                 -0.61600695671946181786
                 -0.35155980542071585404
                  0.06534682029073982101
                 -0.24193088017917768751
                 -0.39146705856689589798
                  0.73050215610918234344
                 -0.85931449412401550436
                  0.99747954262594951125
                  1.42034222104631790984
                 -1.65283273503162253526
                  0.60124306153194617686
