                 -1.46287137713069848033
                  1.28095403961684795036
                  1.09905955825003665005
                  1.14040180688812786691
                  0.59238715472222480685
                 -0.07867577328754574162
                  0.00265864294266368942
                 -0.01087060720148185118
                 -0.21018531220181124741
                  0.52969346514884230182
                  0.44779197826954508788
                  0.79931991117606782105
                 -1.02916178013448278428
                 -1.28969601995362470603
                  1.44804695152446782913
                 -1.69874086703067117554
                  1.48803780553489173322
                 -1.19472535856380623898
                  0.96006195069545052778
                  0.72486147200789263767
                  0.62168510558692413603
                 -0.32292098640312105751
                 -0.05073561533320031930
                  0.06387169778738117920
                  0.51787514766566933311
                 -0.62551916615983360614
                  0.95997813109922125463
                 -1.16963781761890506239
                  1.37750212876009525687
                 -1.67576941610657148551
                 -0.43358421217598025477
