                  0.91431647535691540352
                  1.50575521617222429782
                 -1.23554628674261257615
                  1.14652947193636189915
                 -0.90184836891136543890
                  0.42674397582044165667
                  0.19555577652365482844
                 -0.10214031480058485823
                 -0.00735932473281579024
                  0.76905427202736675873
                  1.21346548872728354773
                  1.11804732629466485605
                 -1.04579573093599464961
                 -0.90726730931644017364
                  1.71282123151753795653
                  1.48732166660948661452
                 -1.52122887387463490150
                 -1.09615693122930202286
                  0.74447522796382625820
                 -0.82325860567317332706
                 -0.15355002523218630461
                  0.34827476322366202055
                 -0.09018314853473724524
                 -0.12020737239549871000
                  0.28065514709201105914
                 -0.63392897630657529806
                  0.86409254636599253097
                 -0.98478398589861604329
                 -1.52167808126155779114
                 -1.68226341349860519792
                 -0.44397620709956320262
