                 -1.36462016627365101407
                 -1.25832780898941587466
                 -1.08993998307037287532
                 -0.85913975872147163582
                  1.00188789649989651309
                 -0.52677954767642765077
                 -0.26725790982723851563
                 -0.10439257778918274722
                  0.18261914967650033637
                  0.37200990332925748527
                 -0.38584617736005349942
                  0.71782533960640382276
                 -1.20474602044755241259
                  1.35411481592275673158
                 -1.48763378408985880164
                  1.65756196535338018450
                 -1.41634649556309533125
                 -1.10658573684617600463
                  0.90090607574072845143
                  0.63511237310907076026
                  0.51092363749600722134
                 -0.08610617940686077221
                 -0.07778385538857851556
                 -0.26412111535616605851
                  0.41359965318703406645
                  0.75216620642896592219
                  0.93250510403473041432
                  1.30424702099113654086
                 -1.35709467739729339186
                 -1.70350872736248004635
                  0.26626379159057583790
