                 -1.49098408213992050797
                 -1.27223833908498096257
                 -1.06009831289407885357
                  0.86761907357832324106
                  0.68830899290811375923
                 -0.46805598525560154766
                 -0.21052852715752445878
                 -0.02992006513564372805
                 -0.21532838468538562093
                  0.43230848280214861923
                  0.66161951477923663933
                 -0.84485555046791283029
                 -1.04538450524326420599
                  1.27130471128439759276
                  1.47498034936186717125
                  1.67707557815937624568
                  1.40829451046739495546
                 -1.15709874497166143037
                  0.95820708284307631875
                  0.78198485630141212344
                  0.52205892168608980519
                  0.25503368118803071418
                 -0.02678153654346811241
                  0.24058712586562486235
                  0.47303122659605578715
                  0.72467531662409412352
                  0.95406600834914334630
                  1.19469922105797543566
                  1.40341218819276547514
                  1.67731002828095343560
                 -0.59420081753764608656
