     0.00531264     0.00542112    -0.00010848
    -0.00273025    -0.00279607     0.00006582
     0.02927692     0.02931349    -0.00003656
    -0.00311614    -0.00311230    -0.00000384
    -0.01176101    -0.01180672     0.00004572
     0.01535231     0.01512346     0.00022885
    -0.01062303    -0.01065347     0.00003044
    -0.00145638    -0.00126869    -0.00018769
    -0.01227549    -0.01226363    -0.00001186
    -0.02963285    -0.02953175    -0.00010110
     0.01102094     0.01095190     0.00006904
    -0.00089036    -0.00086867    -0.00002168
    -0.00872650    -0.00880957     0.00008307
     0.00711866     0.00722224    -0.00010357
    -0.00382908    -0.00383547     0.00000640
    -0.04102963    -0.04113131     0.00010168
    -0.00328986    -0.00327153    -0.00001833
    -0.02874611    -0.02878808     0.00004197
     0.03531197     0.03532783    -0.00001586
     0.00210086     0.00212118    -0.00002033
    -0.01751698    -0.01750964    -0.00000733
     0.03544819     0.03548095    -0.00003275
    -0.00078418    -0.00089928     0.00011510
     0.01891287     0.01878551     0.00012735
    -0.00073841    -0.00054778    -0.00019063
     0.02068797     0.02060554     0.00008243
     0.01717814     0.01721460    -0.00003646
    -0.00566029    -0.00568791     0.00002762
     0.02794658     0.02786794     0.00007864
    -0.01975288    -0.01959526    -0.00015762
     0.01716524     0.01717847    -0.00001323
     0.03134839     0.03133086     0.00001753
     0.02801409     0.02795518     0.00005891
     0.03089431     0.03088413     0.00001019
    -0.00110470    -0.00120754     0.00010284
    -0.00131426    -0.00130375    -0.00001050
    -0.03007884    -0.03010834     0.00002950
     0.03733027     0.03725028     0.00007999
     0.01623020     0.01634761    -0.00011740
    -0.00101852    -0.00099560    -0.00002292
     0.02410553     0.02401651     0.00008903
     0.03053202     0.03049465     0.00003737
     0.01981770     0.01979334     0.00002436
    -0.02353428    -0.02347476    -0.00005953
    -0.01563893    -0.01545783    -0.00018110
     0.01989642     0.01994239    -0.00004597
     0.00956943     0.00958890    -0.00001948
    -0.00020809    -0.00007836    -0.00012972
    -0.00045585    -0.00045917     0.00000333
     0.01835979     0.01839111    -0.00003131
     0.03818049     0.03814129     0.00003920
     0.02802533     0.02800369     0.00002165
    -0.00226780    -0.00233924     0.00007144
     0.00401580     0.00441480    -0.00039899
     0.00008727     0.00031681    -0.00022954
     0.02768963     0.02781659    -0.00012697
     0.01845544     0.01850860    -0.00005316
    -0.00177960    -0.00167299    -0.00010661
    -0.00047987    -0.00046351    -0.00001636
     0.03618859     0.03617426     0.00001432
     0.01391071     0.01397337    -0.00006266
    -0.00045495    -0.00047852     0.00002357
     0.03093439     0.03102961    -0.00009522
     0.00341663     0.00329455     0.00012209
    -0.00227912    -0.00219702    -0.00008210
    -0.02605743    -0.02617417     0.00011674
     0.00011415     0.00006914     0.00004501
    -0.00929130    -0.00931570     0.00002440
     0.01184016     0.01198098    -0.00014081
    -0.00981833    -0.00982933     0.00001100
    -0.00077868    -0.00082437     0.00004569
    -0.01099079    -0.01097463    -0.00001615
    -0.01833718    -0.01831162    -0.00002556
     0.01628430     0.01647488    -0.00019058
    -0.00988884    -0.00987513    -0.00001371
    -0.00516638    -0.00512008    -0.00004630
    -0.01654599    -0.01660594     0.00005995
     0.00707874     0.00709956    -0.00002082
     0.02743479     0.02740386     0.00003093
     0.00569488     0.00569682    -0.00000194
     0.01915045     0.01862831     0.00052214
    -0.02305705    -0.02309502     0.00003796
     0.00002095     0.00017959    -0.00015864
     0.00194281     0.00208395    -0.00014114
     0.02851832     0.02836568     0.00015264
     0.02128456     0.02123999     0.00004456
     0.01741180     0.01747797    -0.00006616
    -0.00131660    -0.00126218    -0.00005442
     0.00565978     0.00572143    -0.00006165
    -0.01162797    -0.01164980     0.00002183
     0.03700406     0.03709538    -0.00009132
    -0.00435067    -0.00431574    -0.00003492
    -0.01360058    -0.01360195     0.00000138
    -0.00077019    -0.00081323     0.00004304
     0.01701240     0.01701555    -0.00000316
    -0.00161478    -0.00168044     0.00006566
    -0.01630294    -0.01642433     0.00012139
    -0.00085411    -0.00066976    -0.00018435
    -0.03426218    -0.03419941    -0.00006277
    -0.00238682    -0.00241654     0.00002972
    -0.01491195    -0.01486928    -0.00004267
    -0.00948066    -0.00944473    -0.00003593
    -0.00948075    -0.00944473    -0.00003601
    -0.01238088    -0.01233885    -0.00004203
    -0.00947258    -0.00954276     0.00007018
    -0.00611562    -0.00613866     0.00002304
    -0.00893981    -0.00891209    -0.00002772
    -0.00605636    -0.00605774     0.00000139
    -0.00605636    -0.00605774     0.00000139
    -0.00890378    -0.00889631    -0.00000748
    -0.00528015    -0.00532250     0.00004235
    -0.01699286    -0.01700008     0.00000722
    -0.01132595    -0.01128485    -0.00004110
    -0.00406870    -0.00409346     0.00002476
    -0.01626299    -0.01628660     0.00002360
    -0.00653737    -0.00655258     0.00001521
    -0.00841934    -0.00840017    -0.00001917
    -0.00841950    -0.00840017    -0.00001933
    -0.01661244    -0.01659192    -0.00002052
    -0.01322699    -0.01320794    -0.00001906
    -0.00473304    -0.00477027     0.00003724
    -0.00791900    -0.00790864    -0.00001036
    -0.00574528    -0.00577620     0.00003092
    -0.00941076    -0.00942248     0.00001172
    -0.00743848    -0.00743714    -0.00000134
    -0.01094850    -0.01101316     0.00006466
    -0.01383326    -0.01380891    -0.00002435
    -0.01649489    -0.01652353     0.00002864
    -0.01518466    -0.01517476    -0.00000991
    -0.01535816    -0.01535078    -0.00000738
    -0.00579137    -0.00582199     0.00003061
    -0.01134054    -0.01136161     0.00002108
    -0.01189154    -0.01192888     0.00003735
    -0.00492151    -0.00495327     0.00003177
    -0.01772961    -0.01778498     0.00005537
    -0.01122415    -0.01120526    -0.00001890
    -0.00510170    -0.00513118     0.00002948
    -0.01057690    -0.01057346    -0.00000344
    -0.00516861    -0.00519917     0.00003056
    -0.01001722    -0.00999209    -0.00002513
    -0.00606621    -0.00609221     0.00002600
    -0.00574694    -0.00576682     0.00001988
    -0.01028207    -0.01028555     0.00000348
    -0.01094752    -0.01096253     0.00001501
    -0.00702688    -0.00703774     0.00001086
    -0.00556495    -0.00558160     0.00001665
    -0.01551645    -0.01556166     0.00004521
    -0.00723017    -0.00724192     0.00001175
    -0.01325404    -0.01326809     0.00001405
    -0.00876667    -0.00875764    -0.00000903
    -0.00876694    -0.00875764    -0.00000930
    -0.01221682    -0.01222351     0.00000669
    -0.01221682    -0.01222351     0.00000669
    -0.01083484    -0.01082920    -0.00000564
    -0.01671179    -0.01675776     0.00004597
    -0.01037418    -0.01035628    -0.00001790
    -0.01394788    -0.01397424     0.00002636
    -0.01084537    -0.01083710    -0.00000827
    -0.01481480    -0.01482807     0.00001326
    -0.00599236    -0.00600398     0.00001162
    -0.00944453    -0.00944893     0.00000440
    -0.00794532    -0.00796272     0.00001740
    -0.00832358    -0.00833158     0.00000799
    -0.01048574    -0.01046745    -0.00001830
    -0.01510531    -0.01514987     0.00004456
    -0.00617538    -0.00617634     0.00000096
    -0.00801764    -0.00801766     0.00000002
    -0.00795430    -0.00796415     0.00000985
    -0.01022517    -0.01021294    -0.00001223
    -0.00646311    -0.00646473     0.00000162
    -0.00654739    -0.00655147     0.00000408
    -0.01583284    -0.01587492     0.00004209
    -0.00655792    -0.00656266     0.00000474
    -0.00782316    -0.00782367     0.00000051
    -0.00793721    -0.00793639    -0.00000081
    -0.01029507    -0.01028268    -0.00001239
    -0.00672086    -0.00672076    -0.00000010
    -0.01526687    -0.01530943     0.00004256
    -0.01532254    -0.01535558     0.00003304
    -0.01229566    -0.01229352    -0.00000213
    -0.00798447    -0.00797878    -0.00000569
    -0.00851882    -0.00851190    -0.00000692
    -0.00949332    -0.00948610    -0.00000722
    -0.00744512    -0.00744083    -0.00000429
    -0.01374238    -0.01375200     0.00000962
    -0.00903168    -0.00903262     0.00000094
    -0.00771429    -0.00770326    -0.00001103
    -0.00846625    -0.00845935    -0.00000691
    -0.01109977    -0.01108894    -0.00001083
    -0.00888648    -0.00887364    -0.00001284
    -0.01445376    -0.01447734     0.00002358
    -0.00780847    -0.00779931    -0.00000916
    -0.01073367    -0.01072019    -0.00001348
    -0.01395838    -0.01397262     0.00001424
    -0.00837104    -0.00835168    -0.00001936
    -0.00840990    -0.00839245    -0.00001745
    -0.01119615    -0.01118488    -0.00001127
    -0.00865929    -0.00864320    -0.00001609
    -0.01145975    -0.01144714    -0.00001261
    -0.01107365    -0.01106012    -0.00001353
    -0.04466303    -0.04463825    -0.00002478
    -0.02817649    -0.02816864    -0.00000785
     0.02655747     0.02657707    -0.00001960
     0.01874320     0.01866965     0.00007355
    -0.02794003    -0.02794352     0.00000349
    -0.02729327    -0.02754747     0.00025421
     0.01692747     0.01684937     0.00007810
     0.01982537     0.01974893     0.00007644
    -0.03040682    -0.03039606    -0.00001076
    -0.02884540    -0.02885570     0.00001030
    -0.03278504    -0.03281041     0.00002537
     0.03381793     0.03380646     0.00001147
    -0.04561126    -0.04560282    -0.00000844
    -0.02964504    -0.02955319    -0.00009185
    -0.03734385    -0.03732320    -0.00002065
    -0.03329574    -0.03332459     0.00002885
    -0.03156796    -0.03157309     0.00000514
    -0.03295288    -0.03297767     0.00002479
    -0.03295302    -0.03297768     0.00002466
    -0.03367485    -0.03364816    -0.00002670
    -0.04733968    -0.04735834     0.00001867
    -0.03038407    -0.03040429     0.00002022
    -0.02764584    -0.02767232     0.00002648
    -0.01893366    -0.01896741     0.00003376
    -0.03582825    -0.03589450     0.00006625
    -0.02860390    -0.02869722     0.00009332
     0.04762423     0.04802917    -0.00040494
    -0.04571766    -0.04571043    -0.00000723
     0.04791702     0.04793978    -0.00002276
     0.02703329     0.02715691    -0.00012362
    -0.04021418    -0.04046250     0.00024831
     0.01212964     0.01178458     0.00034506
    -0.03870077    -0.03859661    -0.00010416
     0.01995441     0.01996381    -0.00000940
     0.02289427     0.02297751    -0.00008324
    -0.00944902    -0.00946335     0.00001433
    -0.03670095    -0.03661849    -0.00008246
    -0.03784497    -0.03807300     0.00022802
    -0.03984838    -0.03983325    -0.00001513
    -0.03261200    -0.03257140    -0.00004060
    -0.04569045    -0.04571497     0.00002452
     0.05745499     0.05741417     0.00004082
    -0.03164388    -0.03160493    -0.00003895
    -0.02917101    -0.02932145     0.00015043
    -0.04455347    -0.04458171     0.00002823
    -0.04656203    -0.04655017    -0.00001186
    -0.00321511    -0.00316755    -0.00004756
    -0.02522713    -0.02525837     0.00003124
    -0.04109616    -0.04104927    -0.00004689
    -0.00952545    -0.00951118    -0.00001428
     0.02744992     0.02745179    -0.00000187
    -0.03406988    -0.03403265    -0.00003723
     0.02124662     0.02121754     0.00002908
     0.02469017     0.02470369    -0.00001352
    -0.04141734    -0.04139761    -0.00001972
     0.03698800     0.03698967    -0.00000167
    -0.03181487    -0.03183045     0.00001558
    -0.03495697    -0.03496881     0.00001184
     0.01749151     0.01749237    -0.00000087
    -0.02052354    -0.02052823     0.00000470
    -0.02334712    -0.02332383    -0.00002329
    -0.04418430    -0.04417747    -0.00000683
    -0.03969170    -0.03979446     0.00010276
     0.04562843     0.04557952     0.00004892
    -0.03328924    -0.03327936    -0.00000988
     0.02508060     0.02511119    -0.00003059
    -0.04850982    -0.04858459     0.00007477
    -0.02999770    -0.03010006     0.00010236
     0.02030190     0.02026286     0.00003904
    -0.04089224    -0.04100569     0.00011345
    -0.04692900    -0.04705342     0.00012441
    -0.04434808    -0.04440005     0.00005197
    -0.03643199    -0.03632784    -0.00010415
    -0.02933287    -0.02930306    -0.00002980
    -0.04693110    -0.04691574    -0.00001536
    -0.01634485    -0.01622567    -0.00011917
    -0.03256680    -0.03276615     0.00019935
    -0.03018575    -0.03023662     0.00005087
    -0.04165663    -0.04164896    -0.00000767
    -0.02619991    -0.02620219     0.00000227
    -0.05612806    -0.05606542    -0.00006264
    -0.02532849    -0.02525036    -0.00007813
    -0.02619115    -0.02632828     0.00013713
    -0.04255039    -0.04241561    -0.00013478
    -0.04178006    -0.04174268    -0.00003738
    -0.02783126    -0.02778029    -0.00005098
    -0.02366144    -0.02372583     0.00006439
    -0.03205501    -0.03218985     0.00013483
    -0.03195262    -0.03183683    -0.00011578
    -0.04454477    -0.04459255     0.00004778
    -0.03807393    -0.03818852     0.00011459
    -0.03255078    -0.03259218     0.00004140
    -0.04793903    -0.04796933     0.00003029
    -0.03361874    -0.03360892    -0.00000982
    -0.02949703    -0.02953573     0.00003870
    -0.02884363    -0.02882085    -0.00002278
    -0.04308466    -0.04304547    -0.00003918
    -0.04598460    -0.04600045     0.00001584
    -0.03403181    -0.03408624     0.00005443
    -0.04133355    -0.04138826     0.00005470
     0.00673204     0.00671620     0.00001584
    -0.03240177    -0.03240093    -0.00000084
    -0.00459576    -0.00461629     0.00002053
    -0.02942218    -0.02943030     0.00000812
    -0.00799294    -0.00795138    -0.00004155
     0.00937889     0.00945549    -0.00007660
    -0.01228926    -0.01229052     0.00000126
     0.01252056     0.01259311    -0.00007255
     0.00014985     0.00018236    -0.00003250
     0.00709382     0.00726140    -0.00016758
    -0.00314640    -0.00306566    -0.00008074
     0.00373316     0.00373920    -0.00000604
    -0.00396731    -0.00404837     0.00008106
     0.01626841     0.01622136     0.00004705
     0.00382331     0.00380533     0.00001798
     0.00349620     0.00347296     0.00002324
    -0.01208986    -0.01209800     0.00000814
    -0.00825343    -0.00821927    -0.00003416
    -0.01818344    -0.01828975     0.00010631
     0.02201831     0.02208870    -0.00007038
     0.01665995     0.01670955    -0.00004960
     0.00082304     0.00065139     0.00017165
     0.00243776     0.00238627     0.00005149
    -0.01188844    -0.01190247     0.00001404
     0.00263273     0.00264047    -0.00000774
    -0.00850927    -0.00848257    -0.00002670
    -0.00849270    -0.00847782    -0.00001488
     0.01542254     0.01551260    -0.00009006
    -0.00460509    -0.00461089     0.00000580
     0.00166760     0.00152973     0.00013786
    -0.01168443    -0.01170359     0.00001915
     0.01959133     0.01977009    -0.00017877
    -0.00876038    -0.00874133    -0.00001905
    -0.03570547    -0.03569208    -0.00001340
     0.00524521     0.00523511     0.00001010
    -0.01147768    -0.01150105     0.00002337
    -0.03427456    -0.03427839     0.00000383
     0.00124054     0.00122899     0.00001155
    -0.03876126    -0.03876490     0.00000365
    -0.00900710    -0.00899557    -0.00001153
    -0.01377590    -0.01376342    -0.00001249
    -0.01126889    -0.01129464     0.00002575
     0.00877611     0.00879849    -0.00002239
    -0.00924940    -0.00924533    -0.00000407
    -0.01105707    -0.01108418     0.00002711
    -0.00948769    -0.00949063     0.00000294
     0.01306304     0.01313422    -0.00007117
    -0.01084246    -0.01086956     0.00002710
     0.00592958     0.00599703    -0.00006746
    -0.00972222    -0.00973147     0.00000925
    -0.00381474    -0.00379015    -0.00002459
     0.01197818     0.01196653     0.00001165
    -0.01062518    -0.01065067     0.00002549
    -0.00995360    -0.00996788     0.00001428
     0.00723020     0.00721952     0.00001068
    -0.01040463    -0.01042745     0.00002283
    -0.01018068    -0.01019987     0.00001919
     0.01745551     0.01749808    -0.00004258
     0.01202384     0.01223254    -0.00020870
     0.00590977     0.00586635     0.00004342
     0.00300147     0.00297089     0.00003058
     0.01203551     0.01196866     0.00006685
     0.00696658     0.00694697     0.00001960
     0.00565953     0.00569862    -0.00003909
     0.00582389     0.00575423     0.00006966
    -0.00566283    -0.00565484    -0.00000799
     0.01290941     0.01288803     0.00002137
     0.00336221     0.00333320     0.00002901
     0.01013243     0.01019001    -0.00005757
     0.01801429     0.01804865    -0.00003435
     0.00662303     0.00664391    -0.00002087
    -0.00069756    -0.00053622    -0.00016135
    -0.03237472    -0.03235680    -0.00001792
     0.00257958     0.00254044     0.00003915
     0.00048031     0.00058971    -0.00010941
     0.00232157     0.00223259     0.00008898
     0.01312528     0.01297861     0.00014666
     0.01349320     0.01344687     0.00004633
    -0.00049677    -0.00047800    -0.00001877
     0.00805579     0.00802897     0.00002682
     0.00842296     0.00839354     0.00002942
     0.00241939     0.00241197     0.00000742
     0.01749698     0.01740773     0.00008924
     0.00332471     0.00319302     0.00013169
    -0.00069661    -0.00078829     0.00009168
     0.00000533     0.00001210    -0.00000676
     0.00379457     0.00397589    -0.00018132
    -0.00219212    -0.00225345     0.00006133
     0.00105735     0.00095623     0.00010113
     0.00509046     0.00512523    -0.00003477
     0.01898332     0.01882471     0.00015860
    -0.00160947    -0.00173083     0.00012136
     0.01104012     0.01103032     0.00000980
     0.01791775     0.01778677     0.00013097
     0.00262848     0.00252949     0.00009900
     0.00909783     0.00909226     0.00000557
     0.01672994     0.01673455    -0.00000461
     0.00408712     0.00407850     0.00000862
     0.01786917     0.01769273     0.00017644
     0.00539392     0.00524430     0.00014962
     0.01298506     0.01300864    -0.00002358
    -0.01722821    -0.01720318    -0.00002503
     0.00038975     0.00039286    -0.00000311
    -0.00454144    -0.00459569     0.00005425
    -0.00357786    -0.00357708    -0.00000078
     0.05068028     0.05067977     0.00000052
     0.00962842     0.00950245     0.00012597
    -0.02451174    -0.02452926     0.00001752
    -0.00246312    -0.00245040    -0.00001272
    -0.00246285    -0.00245040    -0.00001244
    -0.00246285    -0.00245040    -0.00001244
    -0.00246285    -0.00245040    -0.00001244
    -0.00246285    -0.00245040    -0.00001244
    -0.00246285    -0.00245040    -0.00001244
    -0.00246285    -0.00245040    -0.00001244
    -0.00246285    -0.00245040    -0.00001244
    -0.00246285    -0.00245040    -0.00001244
    -0.00246285    -0.00245040    -0.00001244
    -0.00246285    -0.00245040    -0.00001244
    -0.00246285    -0.00245040    -0.00001244
     0.01108459     0.01104254     0.00004204
    -0.01055323    -0.01053398    -0.00001925
    -0.00995700    -0.01006753     0.00011053
     0.01561406     0.01558772     0.00002634
    -0.00514467    -0.00510217    -0.00004249
     0.01063127     0.01052098     0.00011029
    -0.01532257    -0.01552040     0.00019783
    -0.02251345    -0.02249454    -0.00001891
    -0.01213296    -0.01203083    -0.00010213
     0.00619568     0.00616611     0.00002957
     0.01357655     0.01377860    -0.00020205
     0.00314735     0.00309116     0.00005619
    -0.03366617    -0.03359330    -0.00007287
    -0.01145455    -0.01147611     0.00002156
    -0.00492668    -0.00497158     0.00004490
     0.01094809     0.01093681     0.00001128
    -0.00341500    -0.00337442    -0.00004058
     0.01531424     0.01529377     0.00002047
     0.00042722     0.00051126    -0.00008404
    -0.00381071    -0.00384486     0.00003415
    -0.00778308    -0.00772524    -0.00005784
    -0.01703961    -0.01702426    -0.00001534
    -0.01703961    -0.01702426    -0.00001534
     0.03297130     0.03299401    -0.00002271
    -0.03286452    -0.03290079     0.00003626
    -0.01247204    -0.01241054    -0.00006150
    -0.00728386    -0.00726131    -0.00002255
    -0.01445572    -0.01448427     0.00002855
     0.00902841     0.00897678     0.00005163
     0.01049875     0.01049793     0.00000083
    -0.02247856    -0.02247800    -0.00000057
    -0.00089955    -0.00084283    -0.00005673
    -0.00676149    -0.00674371    -0.00001778
    -0.02089843    -0.02090957     0.00001115
    -0.02089815    -0.02090957     0.00001142
    -0.02334906    -0.02335826     0.00000920
     0.00622109     0.00613948     0.00008161
    -0.01238270    -0.01235389    -0.00002882
    -0.01663960    -0.01664452     0.00000492
    -0.01835503    -0.01835995     0.00000492
    -0.01513236    -0.01513813     0.00000577
    -0.01513236    -0.01513813     0.00000577
    -0.00244478    -0.00246363     0.00001885
    -0.01331663    -0.01333088     0.00001426
    -0.00814437    -0.00799936    -0.00014501
    -0.02039692    -0.02040360     0.00000668
    -0.01362651    -0.01364747     0.00002096
    -0.00027421    -0.00023642    -0.00003779
    -0.00605170    -0.00607475     0.00002305
    -0.00944426    -0.00947872     0.00003446
    -0.00976045    -0.00974746    -0.00001299
     0.00832649     0.00827993     0.00004657
    -0.00687790    -0.00687196    -0.00000593
    -0.00558084    -0.00552353    -0.00005731
    -0.01876799    -0.01877330     0.00000531
    -0.01876799    -0.01877330     0.00000531
    -0.01706810    -0.01708584     0.00001774
    -0.00777925    -0.00777998     0.00000073
     0.00883554     0.00873801     0.00009753
    -0.01675538    -0.01671694    -0.00003844
    -0.00697896    -0.00696146    -0.00001750
    -0.00841232    -0.00839358    -0.00001874
     0.00321971     0.00328386    -0.00006415
    -0.01956673    -0.01960290     0.00003617
    -0.01737265    -0.01735625    -0.00001640
    -0.01737265    -0.01735625    -0.00001640
    -0.00853417    -0.00856206     0.00002789
    -0.01267536    -0.01270715     0.00003178
     0.00626295     0.00621680     0.00004615
    -0.00656624    -0.00657481     0.00000857
    -0.01199434    -0.01203091     0.00003657
    -0.00779095    -0.00780326     0.00001231
     0.01120766     0.01121357    -0.00000591
    -0.05506420    -0.05503429    -0.00002991
     0.00725015     0.00717526     0.00007488
    -0.01556230    -0.01560361     0.00004131
    -0.00645808    -0.00634050    -0.00011758
     0.00016169     0.00014110     0.00002059
     0.00454958     0.00456684    -0.00001726
    -0.01105008    -0.01097615    -0.00007394
    -0.00466839    -0.00465687    -0.00001151
    -0.00472790    -0.00471027    -0.00001762
    -0.00437676    -0.00435484    -0.00002192
    -0.00437676    -0.00435484    -0.00002192
    -0.00451513    -0.00449846    -0.00001667
    -0.01159728    -0.01155607    -0.00004121
    -0.00442193    -0.00439255    -0.00002938
    -0.02008306    -0.02008909     0.00000603
    -0.02086917    -0.02085544    -0.00001373
    -0.01790117    -0.01788141    -0.00001976
    -0.00488872    -0.00487797    -0.00001075
    -0.01494781    -0.01498282     0.00003501
    -0.00259395    -0.00263064     0.00003669
    -0.00387234    -0.00383563    -0.00003671
    -0.00387234    -0.00383563    -0.00003671
    -0.01878448    -0.01877144    -0.00001304
    -0.01955002    -0.01953768    -0.00001234
    -0.02261840    -0.02267243     0.00005403
    -0.02261827    -0.02267243     0.00005416
    -0.01615437    -0.01617109     0.00001673
    -0.01615437    -0.01617109     0.00001673
    -0.01833383    -0.01836036     0.00002653
    -0.02123111    -0.02121457    -0.00001654
    -0.02238142    -0.02238052    -0.00000090
    -0.01825525    -0.01829152     0.00003627
    -0.01680654    -0.01679746    -0.00000909
    -0.00501898    -0.00508867     0.00006969
    -0.01901262    -0.01899361    -0.00001901
    -0.01984469    -0.01982793    -0.00001676
    -0.01552157    -0.01554725     0.00002568
     0.00354464     0.00360381    -0.00005917
    -0.01665832    -0.01665786    -0.00000046
    -0.01665832    -0.01665786    -0.00000046
    -0.02007542    -0.02006343    -0.00001199
    -0.01955642    -0.01953938    -0.00001704
    -0.01960423    -0.01958571    -0.00001852
    -0.01633146    -0.01633541     0.00000395
    -0.01958771    -0.01961773     0.00003002
    -0.01921782    -0.01919145    -0.00002638
    -0.02346743    -0.02350090     0.00003348
    -0.01837188    -0.01838531     0.00001343
    -0.02049787    -0.02040681    -0.00009106
    -0.01994499    -0.01992410    -0.00002089
    -0.01780202    -0.01781453     0.00001251
    -0.01667908    -0.01665213    -0.00002695
     0.00587948     0.00596400    -0.00008452
    -0.00041693    -0.00039824    -0.00001869
    -0.00176719    -0.00171980    -0.00004739
    -0.01698918    -0.01702573     0.00003655
    -0.00021190    -0.00022159     0.00000969
    -0.01652028    -0.01649943    -0.00002085
    -0.01652001    -0.01649943    -0.00002058
    -0.02208784    -0.02208987     0.00000204
    -0.00060020    -0.00060007    -0.00000013
    -0.01728152    -0.01727136    -0.00001016
    -0.02283139    -0.02286019     0.00002880
    -0.02283133    -0.02286018     0.00002885
    -0.01902623    -0.01903920     0.00001297
    -0.01769121    -0.01769027    -0.00000094
    -0.02254512    -0.02257495     0.00002983
    -0.01260559    -0.01256961    -0.00003598
    -0.02156747    -0.02160874     0.00004127
    -0.01758898    -0.01758967     0.00000069
    -0.01758871    -0.01758967     0.00000096
    -0.01211786    -0.01221184     0.00009398
    -0.01764653    -0.01760571    -0.00004082
    -0.01778680    -0.01774686    -0.00003994
    -0.01851114    -0.01850101    -0.00001013
    -0.01846034    -0.01844480    -0.00001554
    -0.00105488    -0.00099351    -0.00006137
    -0.01861033    -0.01861814     0.00000781
    -0.01860984    -0.01861814     0.00000830
    -0.02054906    -0.02057791     0.00002885
    -0.02054881    -0.02057791     0.00002909
    -0.02163088    -0.02162655    -0.00000432
    -0.00593682    -0.00596670     0.00002988
    -0.01831811    -0.01833428     0.00001617
    -0.01956305    -0.01958083     0.00001777
    -0.01956267    -0.01958083     0.00001815
    -0.01855942    -0.01856301     0.00000359
    -0.01855915    -0.01856301     0.00000386
    -0.02022108    -0.02020758    -0.00001350
    -0.02170693    -0.02172738     0.00002045
    -0.02170690    -0.02172738     0.00002047
    -0.01804988    -0.01802828    -0.00002160
    -0.00769250    -0.00775569     0.00006320
    -0.01365944    -0.01363051    -0.00002892
    -0.01846401    -0.01847013     0.00000611
    -0.01846401    -0.01847013     0.00000611
    -0.00390807    -0.00397602     0.00006795
    -0.01956980    -0.01957756     0.00000776
    -0.01956978    -0.01957756     0.00000778
    -0.02061924    -0.02063269     0.00001345
    -0.02061921    -0.02063269     0.00001348
    -0.01964885    -0.01965746     0.00000860
    -0.02082558    -0.02082073    -0.00000485
    -0.01991182    -0.01989265    -0.00001917
    -0.01708921    -0.01709178     0.00000257
    -0.01475861    -0.01473842    -0.00002019
    -0.01590239    -0.01589258    -0.00000981
     0.03377948     0.03374836     0.00003112
    -0.03780565    -0.03791826     0.00011261
     0.03503047     0.03502207     0.00000840
     0.03562354     0.03566143    -0.00003789
    -0.01807519    -0.01789423    -0.00018096
     0.03526136     0.03520953     0.00005183
     0.03673434     0.03666155     0.00007279
    -0.03394400    -0.03393548    -0.00000852
    -0.03444613    -0.03435537    -0.00009077
    -0.04435298    -0.04426488    -0.00008810
     0.02588195     0.02573243     0.00014952
    -0.01718434    -0.01704450    -0.00013985
     0.04584670     0.04584987    -0.00000317
     0.04116038     0.04106760     0.00009278
     0.03248041     0.03252940    -0.00004899
     0.03499746     0.03500895    -0.00001149
    -0.03695214    -0.03699551     0.00004337
     0.02194114     0.02189584     0.00004530
     0.02899809     0.02901308    -0.00001499
    -0.03251785    -0.03240322    -0.00011464
    -0.03397480    -0.03402876     0.00005396
     0.02676267     0.02684022    -0.00007754
     0.03743669     0.03737981     0.00005688
    -0.01967726    -0.01952432    -0.00015294
    -0.04233945    -0.04229627    -0.00004318
    -0.03510291    -0.03518162     0.00007871
     0.03808819     0.03807252     0.00001567
     0.02310502     0.02306304     0.00004198
     0.03383066     0.03382755     0.00000312
     0.04489479     0.04488357     0.00001122
    -0.03547684    -0.03553879     0.00006195
     0.03311550     0.03307654     0.00003895
    -0.03592861    -0.03598496     0.00005636
     0.02803951     0.02810780    -0.00006829
    -0.03929841    -0.03935019     0.00005178
     0.02428159     0.02424231     0.00003928
     0.03265075     0.03263695     0.00001380
     0.04392046     0.04389849     0.00002197
     0.04178953     0.04187743    -0.00008790
     0.02725084     0.02726553    -0.00001469
     0.03960408     0.03950993     0.00009414
     0.02546822     0.02543133     0.00003689
    -0.03915011    -0.03915237     0.00000226
     0.03146085     0.03143946     0.00002139
     0.03255097     0.03251170     0.00003927
     0.02666272     0.02662774     0.00003498
     0.02930002     0.02935763    -0.00005761
    -0.03558376    -0.03568229     0.00009853
     0.03026393     0.03023741     0.00002652
     0.02786177     0.02782916     0.00003261
     0.02906337     0.02903318     0.00003018
     0.04292354     0.04289449     0.00002905
    -0.03206339    -0.03206810     0.00000471
     0.03938309     0.03949431    -0.00011122
    -0.02966025    -0.02966498     0.00000473
     0.03054304     0.03058939    -0.00004635
     0.03288602     0.03287755     0.00000847
     0.03626197     0.03618430     0.00007767
     0.04190426     0.04187147     0.00003279
     0.02635880     0.02630696     0.00005184
    -0.04742732    -0.04772925     0.00030192
    -0.03796862    -0.03799852     0.00002990
     0.03176829     0.03180281    -0.00003453
     0.04086258     0.04082934     0.00003324
     0.03297498     0.03299765    -0.00002267
     0.03437416     0.03451854    -0.00014438
    -0.04795147    -0.04815273     0.00020126
     0.03979905     0.03976804     0.00003100
     0.02425329     0.02414557     0.00010772
    -0.04660742    -0.04669485     0.00008744
     0.03416281     0.03417371    -0.00001090
     0.03871364     0.03868754     0.00002610
    -0.03434744    -0.03438303     0.00003560
     0.03533088     0.03533083     0.00000005
     0.03760682     0.03758781     0.00001900
     0.03647929     0.03646889     0.00001039
    -0.04378470    -0.04382131     0.00003662
     0.03002556     0.02992798     0.00009758
     0.02714268     0.02719915    -0.00005647
     0.03651635     0.03664001    -0.00012366
    -0.03221238    -0.03220231    -0.00001006
     0.03045659     0.03055790    -0.00010131
     0.04490611     0.04485276     0.00005334
     0.03938062     0.03936407     0.00001655
     0.03659915     0.03658306     0.00001609
    -0.03702362    -0.03708216     0.00005854
    -0.03818362    -0.03823796     0.00005435
    -0.03566161    -0.03567632     0.00001471
    -0.04568533    -0.04557755    -0.00010778
    -0.03484851    -0.03483212    -0.00001638
     0.04146887     0.04147484    -0.00000596
    -0.03900845    -0.03907407     0.00006562
     0.03772959     0.03776571    -0.00003612
    -0.03719258    -0.03720643     0.00001386
    -0.03806451    -0.03809663     0.00003212
    -0.03719318    -0.03718885    -0.00000433
     0.03749073     0.03737602     0.00011471
     0.04018376     0.03995495     0.00022881
     0.03565268     0.03575646    -0.00010378
     0.04610210     0.04609610     0.00000600
    -0.01728748    -0.01723363    -0.00005385
    -0.00419197    -0.00422062     0.00002865
    -0.02415280    -0.02468740     0.00053460
     0.01554867     0.01550458     0.00004408
    -0.06052406    -0.06078843     0.00026437
     0.00945688     0.00958736    -0.00013048
     0.00107719     0.00104572     0.00003147
    -0.03088201    -0.03086916    -0.00001286
    -0.00264280    -0.00247292    -0.00016988
    -0.00817686    -0.00821723     0.00004037
    -0.00795533    -0.00793839    -0.00001694
     0.01732097     0.01721030     0.00011067
    -0.00852312    -0.00854111     0.00001799
    -0.02377413    -0.02378537     0.00001124
     0.00057827     0.00047778     0.00010049
     0.00362287     0.00378956    -0.00016669
    -0.01407177    -0.01416373     0.00009196
    -0.00066578    -0.00069003     0.00002425
    -0.01548619    -0.01557411     0.00008792
    -0.00831030    -0.00807676    -0.00023354
    -0.01048746    -0.01048821     0.00000075
    -0.00784700    -0.00780913    -0.00003788
     0.01194313     0.01192041     0.00002272
    -0.01701071    -0.01697763    -0.00003307
     0.01771992     0.01773855    -0.00001863
    -0.01402820    -0.01406591     0.00003770
     0.00254375     0.00252305     0.00002070
    -0.01164364    -0.01170949     0.00006585
    -0.01992652    -0.02007073     0.00014421
     0.00902762     0.00902188     0.00000575
    -0.01628035    -0.01628376     0.00000341
    -0.00123281    -0.00124855     0.00001574
     0.02818177     0.02812696     0.00005481
     0.01616340     0.01619864    -0.00003524
    -0.01649824    -0.01664088     0.00014264
     0.02778438     0.02774488     0.00003950
    -0.03239371    -0.03250170     0.00010799
     0.01969873     0.01971527    -0.00001654
     0.00431328     0.00433254    -0.00001926
     0.01246973     0.01242499     0.00004473
     0.02840741     0.02842014    -0.00001273
    -0.00650883    -0.00652520     0.00001637
    -0.00405031    -0.00409917     0.00004886
    -0.01654798    -0.01648579    -0.00006219
    -0.01415583    -0.01417518     0.00001936
    -0.02600962    -0.02603446     0.00002483
    -0.01367603    -0.01356060    -0.00011543
    -0.01851661    -0.01853930     0.00002269
     0.00038322     0.00039982    -0.00001660
     0.00362994     0.00364802    -0.00001808
    -0.02020739    -0.01996227    -0.00024512
     0.00372611     0.00372274     0.00000337
    -0.01057728    -0.01058105     0.00000377
    -0.01095533    -0.01094955    -0.00000578
     0.02730608     0.02736213    -0.00005605
    -0.02147367    -0.02147559     0.00000192
    -0.01733183    -0.01738028     0.00004845
     0.00005508    -0.00011452     0.00016960
     0.00941917     0.00945729    -0.00003812
    -0.01970752    -0.01962424    -0.00008328
    -0.00461821    -0.00469856     0.00008035
    -0.01054773    -0.01053422    -0.00001351
    -0.00045536    -0.00044899    -0.00000637
    -0.01375873    -0.01371749    -0.00004124
     0.00240810     0.00237114     0.00003696
    -0.01610688    -0.01593473    -0.00017215
    -0.00367697    -0.00371706     0.00004010
    -0.02699193    -0.02699810     0.00000617
     0.01642659     0.01641902     0.00000756
     0.02332380     0.02332680    -0.00000300
    -0.01398649    -0.01397614    -0.00001035
     0.01330242     0.01329551     0.00000691
    -0.00966045    -0.00968984     0.00002939
    -0.00610093    -0.00601853    -0.00008240
     0.00206583     0.00201625     0.00004958
     0.01932487     0.01933787    -0.00001300
    -0.02683851    -0.02682014    -0.00001836
    -0.00373555    -0.00381729     0.00008174
    -0.00003586    -0.00006003     0.00002416
    -0.02179814    -0.02180781     0.00000966
    -0.01294859    -0.01302290     0.00007431
    -0.05618381    -0.05617329    -0.00001052
    -0.00339261    -0.00340494     0.00001233
     0.00048142     0.00043437     0.00004706
    -0.00932289    -0.00934097     0.00001807
    -0.01279406    -0.01277490    -0.00001916
     0.00169796     0.00168267     0.00001529
    -0.00943329    -0.00945560     0.00002231
    -0.01676371    -0.01676702     0.00000331
    -0.01351323    -0.01354629     0.00003306
    -0.00609704    -0.00605841    -0.00003863
    -0.00815123    -0.00820713     0.00005590
    -0.01857618    -0.01854133    -0.00003485
     0.01531857     0.01528717     0.00003140
    -0.00910869    -0.00928558     0.00017690
     0.04130144     0.04125885     0.00004259
     0.03643583     0.03648507    -0.00004924
    -0.01269256    -0.01284865     0.00015609
    -0.00919157    -0.00918516    -0.00000641
    -0.01584750    -0.01585293     0.00000543
    -0.00267717    -0.00273797     0.00006080
     0.03754317     0.03754455    -0.00000138
     0.01935296     0.01945290    -0.00009994
    -0.00380410    -0.00381468     0.00001058
    -0.00314915    -0.00320728     0.00005813
    -0.00279763    -0.00286765     0.00007002
    -0.00405202    -0.00398879    -0.00006323
    -0.00244704    -0.00244955     0.00000251
    -0.00245675    -0.00245750     0.00000074
    -0.00325538    -0.00316339    -0.00009199
    -0.01295545    -0.01302416     0.00006871
    -0.01276592    -0.01283449     0.00006857
     0.01779317     0.01776975     0.00002342
    -0.00285075    -0.00273784    -0.00011291
    -0.00260603    -0.00252191    -0.00008412
    -0.00319407    -0.00324797     0.00005390
    -0.00296718    -0.00286608    -0.00010110
    -0.00338910    -0.00333559    -0.00005351
    -0.00249449    -0.00250721     0.00001271
    -0.00378489    -0.00380220     0.00001731
    -0.00273932    -0.00277479     0.00003548
    -0.00273959    -0.00277479     0.00003521
    -0.02039983    -0.02044656     0.00004673
    -0.00351606    -0.00348162    -0.00003444
    -0.00257926    -0.00248539    -0.00009387
    -0.00262587    -0.00267816     0.00005229
     0.01744231     0.01740622     0.00003609
     0.00269069     0.00269382    -0.00000313
    -0.01515119    -0.01516671     0.00001552
    -0.00393980    -0.00386655    -0.00007325
     0.03690449     0.03688574     0.00001875
    -0.00292441    -0.00282121    -0.00010320
     0.04048801     0.04047819     0.00000983
    -0.00269733    -0.00259978    -0.00009755
    -0.00394927    -0.00389228    -0.00005699
    -0.00257003    -0.00252129    -0.00004875
    -0.00259910    -0.00262905     0.00002995
    -0.00256753    -0.00257657     0.00000904
    -0.00344725    -0.00340428    -0.00004297
    -0.01332133    -0.01331412    -0.00000721
    -0.00390347    -0.00382035    -0.00008312
     0.03749231     0.03749423    -0.00000192
    -0.01775948    -0.01779583     0.00003635
    -0.00315358    -0.00319627     0.00004268
    -0.00199201    -0.00191183    -0.00008018
    -0.00199201    -0.00191183    -0.00008018
    -0.00347993    -0.00339524    -0.00008469
    -0.00271221    -0.00275898     0.00004677
    -0.00265172    -0.00268027     0.00002855
    -0.00306022    -0.00297830    -0.00008192
    -0.00321677    -0.00326798     0.00005121
    -0.01715825    -0.01724056     0.00008232
    -0.00263156    -0.00258909    -0.00004246
    -0.01538306    -0.01546134     0.00007828
    -0.00263926    -0.00259454    -0.00004472
    -0.00364665    -0.00365332     0.00000667
     0.03705557     0.03702513     0.00003044
    -0.00276800    -0.00268144    -0.00008655
    -0.00358213    -0.00357282    -0.00000932
    -0.00285145    -0.00289728     0.00004583
    -0.00308757    -0.00313000     0.00004244
    -0.00262895    -0.00266390     0.00003496
    -0.00262895    -0.00266390     0.00003496
    -0.00311361    -0.00316247     0.00004886
    -0.01544627    -0.01553893     0.00009266
    -0.00306397    -0.00310470     0.00004072
    -0.00217294    -0.00212870    -0.00004424
    -0.00217294    -0.00212870    -0.00004424
    -0.00303366    -0.00307692     0.00004326
    -0.00351892    -0.00351147    -0.00000745
    -0.00346673    -0.00349273     0.00002600
    -0.00257597    -0.00252959    -0.00004637
    -0.00257597    -0.00252959    -0.00004637
    -0.00293750    -0.00295149     0.00001399
    -0.02370593    -0.02396545     0.00025951
    -0.00261063    -0.00257201    -0.00003863
    -0.00288784    -0.00288272    -0.00000512
    -0.00264465    -0.00261392    -0.00003072
    -0.00296321    -0.00290750    -0.00005571
    -0.00291763    -0.00291342    -0.00000421
    -0.00234271    -0.00233288    -0.00000983
    -0.00234271    -0.00233288    -0.00000983
    -0.00271240    -0.00269596    -0.00001644
    -0.00342896    -0.00344074     0.00001177
    -0.00249928    -0.00251440     0.00001511
    -0.00249928    -0.00251440     0.00001511
    -0.00307551    -0.00306997    -0.00000555
     0.04137304     0.04137443    -0.00000139
    -0.00332316    -0.00329272    -0.00003045
    -0.00300240    -0.00297023    -0.00003216
    -0.00335032    -0.00336768     0.00001736
    -0.00296310    -0.00298836     0.00002526
     0.03809553     0.03811285    -0.00001732
     0.03040894     0.03038956     0.00001938
    -0.00324398    -0.00321265    -0.00003133
    -0.00307834    -0.00308417     0.00000582
    -0.00330665    -0.00331408     0.00000744
     0.01038182     0.01044533    -0.00006351
    -0.00316466    -0.00316722     0.00000256
     0.02604674     0.02601431     0.00003243
    -0.00466852    -0.00465856    -0.00000996
    -0.04028602    -0.04014461    -0.00014141
    -0.00567904    -0.00569721     0.00001816
    -0.02990352    -0.02992294     0.00001942
    -0.00522388    -0.00523079     0.00000691
    -0.00522361    -0.00523079     0.00000719
    -0.00688524    -0.00691837     0.00003313
    -0.00688524    -0.00691837     0.00003313
    -0.00709327    -0.00713158     0.00003830
    -0.02230768    -0.02233393     0.00002625
    -0.00544524    -0.00545842     0.00001318
    -0.00544522    -0.00545842     0.00001320
    -0.00654896    -0.00657964     0.00003067
    -0.00654896    -0.00657964     0.00003067
    -0.00568707    -0.00570599     0.00001892
    -0.00568707    -0.00570599     0.00001892
    -0.00597565    -0.00600001     0.00002436
    -0.00623780    -0.00626545     0.00002765
    -0.00623780    -0.00626545     0.00002765
    -0.00595102    -0.00597462     0.00002360
    -0.00592076    -0.00593653     0.00001577
    -0.00592076    -0.00593653     0.00001577
    -0.00606656    -0.00608941     0.00002284
    -0.02093356    -0.02093698     0.00000342
     0.00597323     0.00592895     0.00004428
    -0.02593732    -0.02597620     0.00003888
    -0.02021724    -0.02021315    -0.00000409
    -0.02021493    -0.02020930    -0.00000563
    -0.02371293    -0.02375320     0.00004027
    -0.02061600    -0.02061470    -0.00000129
    -0.00377030    -0.00378233     0.00001203
    -0.03242063    -0.03229534    -0.00012529
    -0.02241211    -0.02241229     0.00000018
    -0.03028290    -0.03029494     0.00001204
    -0.02438592    -0.02436854    -0.00001738
    -0.03045909    -0.03046764     0.00000855
    -0.02778742    -0.02772712    -0.00006031
    -0.01895763    -0.01902220     0.00006457
    -0.02107397    -0.02107658     0.00000262
    -0.02107397    -0.02107658     0.00000262
    -0.02107397    -0.02107658     0.00000262
    -0.02107397    -0.02107658     0.00000262
    -0.02107397    -0.02107658     0.00000262
    -0.02107397    -0.02107658     0.00000262
    -0.02107397    -0.02107658     0.00000262
    -0.02107397    -0.02107658     0.00000262
    -0.02107397    -0.02107658     0.00000262
    -0.02107397    -0.02107658     0.00000262
    -0.02107397    -0.02107658     0.00000262
    -0.02107397    -0.02107658     0.00000262
    -0.03008572    -0.03005978    -0.00002594
    -0.02450617    -0.02449532    -0.00001084
    -0.03095829    -0.03096018     0.00000189
    -0.02231595    -0.02231122    -0.00000473
    -0.02256210    -0.02255413    -0.00000797
    -0.02717389    -0.02717774     0.00000385
    -0.02328584    -0.02329462     0.00000877
    -0.02057867    -0.02064742     0.00006876
     0.01825979     0.01823574     0.00002405
    -0.02707334    -0.02707708     0.00000374
    -0.02464524    -0.02464529     0.00000005
    -0.03288330    -0.03290095     0.00001765
    -0.03288330    -0.03290095     0.00001765
    -0.03288330    -0.03290095     0.00001765
    -0.03288330    -0.03290095     0.00001765
    -0.03288330    -0.03290095     0.00001765
    -0.03288330    -0.03290095     0.00001765
    -0.03288330    -0.03290095     0.00001765
    -0.03288330    -0.03290095     0.00001765
    -0.03288330    -0.03290095     0.00001765
    -0.03288330    -0.03290095     0.00001765
    -0.03288330    -0.03290095     0.00001765
    -0.03288330    -0.03290095     0.00001765
    -0.02718913    -0.02719098     0.00000186
    -0.03162877    -0.03164311     0.00001434
    -0.03156888    -0.03157154     0.00000266
     0.00941201     0.00944023    -0.00002822
    -0.02914250    -0.02911740    -0.00002509
    -0.02386079    -0.02384984    -0.00001095
    -0.02647268    -0.02647484     0.00000216
    -0.02647268    -0.02647484     0.00000216
    -0.02647268    -0.02647484     0.00000216
    -0.02647268    -0.02647484     0.00000216
    -0.02647268    -0.02647484     0.00000216
    -0.02647268    -0.02647484     0.00000216
    -0.02647295    -0.02647484     0.00000189
    -0.02647295    -0.02647484     0.00000189
    -0.02647295    -0.02647484     0.00000189
    -0.02647295    -0.02647484     0.00000189
    -0.02647295    -0.02647484     0.00000189
    -0.02647295    -0.02647484     0.00000189
    -0.02403258    -0.02402222    -0.00001036
    -0.03422022    -0.03422370     0.00000347
    -0.02436627    -0.02436052    -0.00000575
    -0.03475754    -0.03475314    -0.00000440
    -0.03230936    -0.03232992     0.00002057
     0.00135031     0.00134829     0.00000203
    -0.02662030    -0.02662656     0.00000626
    -0.02532545    -0.02528733    -0.00003812
    -0.03357673    -0.03358852     0.00001179
    -0.00040003    -0.00053518     0.00013514
    -0.00040003    -0.00053518     0.00013514
    -0.00040003    -0.00053518     0.00013514
    -0.00039976    -0.00053518     0.00013542
    -0.00186711    -0.00197484     0.00010774
    -0.00151086    -0.00157140     0.00006054
    -0.00093066    -0.00104604     0.00011539
    -0.00108421    -0.00115701     0.00007280
    -0.00025527    -0.00035192     0.00009665
    -0.00133382    -0.00147570     0.00014188
    -0.00095049    -0.00108050     0.00013001
    -0.00180771    -0.00190799     0.00010028
    -0.00113471    -0.00128109     0.00014637
    -0.00134966    -0.00149260     0.00014294
    -0.00142073    -0.00149514     0.00007440
    -0.00178765    -0.00189218     0.00010453
    -0.00172224    -0.00181473     0.00009250
    -0.00098432    -0.00111471     0.00013039
    -0.00143932    -0.00151917     0.00007986
    -0.00101722    -0.00112999     0.00011278
    -0.00101722    -0.00112999     0.00011278
    -0.00101722    -0.00112999     0.00011278
    -0.00101722    -0.00112999     0.00011278
    -0.00101722    -0.00112999     0.00011278
    -0.00101722    -0.00112999     0.00011278
    -0.00101722    -0.00112999     0.00011278
    -0.00101722    -0.00112999     0.00011278
    -0.00101722    -0.00112999     0.00011278
    -0.00101722    -0.00112999     0.00011278
    -0.00101722    -0.00112999     0.00011278
    -0.00101722    -0.00112999     0.00011278
    -0.00061898    -0.00068802     0.00006905
    -0.00147769    -0.00161246     0.00013477
    -0.00145290    -0.00153863     0.00008574
    -0.00102946    -0.00114494     0.00011548
    -0.00051879    -0.00065873     0.00013995
    -0.00051879    -0.00065873     0.00013995
    -0.00051879    -0.00065873     0.00013995
    -0.00051879    -0.00065873     0.00013995
    -0.00051879    -0.00065873     0.00013995
    -0.00051879    -0.00065873     0.00013995
    -0.00051879    -0.00065873     0.00013995
    -0.00051879    -0.00065873     0.00013995
    -0.00051879    -0.00065873     0.00013995
    -0.00051879    -0.00065873     0.00013995
    -0.00051879    -0.00065873     0.00013995
    -0.00051879    -0.00065873     0.00013995
    -0.00035742    -0.00045169     0.00009427
    -0.00113828    -0.00128610     0.00014782
    -0.00125439    -0.00134071     0.00008632
    -0.00160800    -0.00170364     0.00009564
    -0.00150874    -0.00164150     0.00013277
    -0.00145004    -0.00158597     0.00013593
    -0.00131684    -0.00146264     0.00014580
    -0.00083163    -0.00095556     0.00012393
    -0.00104519    -0.00116749     0.00012230
    -0.00083136    -0.00095556     0.00012420
    -0.00083136    -0.00095556     0.00012420
    -0.00083136    -0.00095556     0.00012420
    -0.00083136    -0.00095556     0.00012420
    -0.00083136    -0.00095556     0.00012420
    -0.00083136    -0.00095556     0.00012420
    -0.00083136    -0.00095556     0.00012420
    -0.00083136    -0.00095556     0.00012420
    -0.00083136    -0.00095556     0.00012420
    -0.00083136    -0.00095556     0.00012420
    -0.00083136    -0.00095556     0.00012420
    -0.00164901    -0.00175735     0.00010834
    -0.00158286    -0.00171155     0.00012869
    -0.00130949    -0.00140094     0.00009145
    -0.00066401    -0.00079859     0.00013458
    -0.00066401    -0.00079859     0.00013458
    -0.00066401    -0.00079859     0.00013458
    -0.00066401    -0.00079859     0.00013458
    -0.00066401    -0.00079859     0.00013458
    -0.00066401    -0.00079859     0.00013458
    -0.00066401    -0.00079859     0.00013458
    -0.00066374    -0.00079859     0.00013485
    -0.00066374    -0.00079859     0.00013485
    -0.00066374    -0.00079859     0.00013485
    -0.00066374    -0.00079859     0.00013485
    -0.00066374    -0.00079859     0.00013485
    -0.00117882    -0.00132562     0.00014680
    -0.00162283    -0.00174780     0.00012496
    -0.00142816    -0.00156353     0.00013536
    -0.00047582    -0.00056369     0.00008787
    -0.00108029    -0.00121879     0.00013850
    -0.00112642    -0.00123989     0.00011347
    -0.01937192    -0.01934244    -0.00002948
    -0.00128255    -0.00138366     0.00010110
    -0.00114748    -0.00125967     0.00011219
    -0.00122666    -0.00133360     0.00010694
    -0.00136468    -0.00150467     0.00014000
    -0.00126288    -0.00140622     0.00014334
    -0.00144209    -0.00157457     0.00013247
    -0.00131396    -0.00145207     0.00013811
    -0.00131279    -0.00143341     0.00012062
    -0.00124405    -0.00136699     0.00012294
    -0.00119613    -0.00132869     0.00013255
    -0.06867857    -0.06867445    -0.00000412
    -0.00045857    -0.00046520     0.00000663
    -0.00045838    -0.00047014     0.00001177
    -0.00021856    -0.00023130     0.00001274
    -0.00021824    -0.00023152     0.00001329
    -0.00045982    -0.00046373     0.00000391
    -0.00141635    -0.00140603    -0.00001033
    -0.00022357    -0.00022941     0.00000584
    -0.00046118    -0.00046328     0.00000210
    -0.00021807    -0.00023174     0.00001367
    -0.00022047    -0.00023084     0.00001037
    -0.00022349    -0.00022973     0.00000625
    -0.00022172    -0.00023057     0.00000885
    -0.00022234    -0.00023030     0.00000796
    -0.00165380    -0.00168559     0.00003179
    -0.00021824    -0.00023213     0.00001389
    -0.00021859    -0.00023231     0.00001372
    -0.00946407    -0.00946238    -0.00000168
    -0.00021913    -0.00023249     0.00001335
    -0.00021949    -0.00023281     0.00001332
    -0.00021946    -0.00023295     0.00001349
    -0.00138438    -0.00139735     0.00001297
    -0.00138438    -0.00139735     0.00001297
    -0.00138438    -0.00139735     0.00001297
    -0.00138438    -0.00139735     0.00001297
    -0.00138438    -0.00139735     0.00001297
    -0.00138438    -0.00139735     0.00001297
    -0.00138438    -0.00139735     0.00001297
    -0.00138438    -0.00139735     0.00001297
    -0.00138438    -0.00139735     0.00001297
    -0.00138438    -0.00139735     0.00001297
    -0.00138438    -0.00139735     0.00001297
    -0.00138438    -0.00139735     0.00001297
    -0.00278930    -0.00281253     0.00002323
    -0.00186991    -0.00182863    -0.00004128
    -0.00181111    -0.00181775     0.00000664
    -0.00215033    -0.00217936     0.00002904
    -0.00045272    -0.00047250     0.00001978
    -0.00211794    -0.00214772     0.00002978
    -0.00179432    -0.00182480     0.00003048
    -0.00209294    -0.00212153     0.00002860
    -0.00155083    -0.00155724     0.00000640
    -0.00190442    -0.00193577     0.00003135
    -0.00157491    -0.00156315    -0.00001177
    -0.00219590    -0.00221193     0.00001602
    -0.00206056    -0.00208988     0.00002933
    -0.00188265    -0.00191227     0.00002962
    -0.00197111    -0.00200074     0.00002962
    -0.00082600    -0.00079852    -0.00002748
    -0.00082600    -0.00079852    -0.00002748
    -0.00082600    -0.00079852    -0.00002748
    -0.00082600    -0.00079852    -0.00002748
    -0.00082600    -0.00079852    -0.00002748
    -0.00082600    -0.00079852    -0.00002748
    -0.00082600    -0.00079852    -0.00002748
    -0.00082600    -0.00079852    -0.00002748
    -0.00082600    -0.00079852    -0.00002748
    -0.00082600    -0.00079852    -0.00002748
    -0.00082600    -0.00079852    -0.00002748
    -0.00082600    -0.00079852    -0.00002748
    -0.00192357    -0.00194162     0.00001805
     0.00718840     0.00716123     0.00002717
    -0.00252018    -0.00253779     0.00001760
    -0.00188801    -0.00190465     0.00001664
    -0.00160446    -0.00160800     0.00000354
    -0.00155429    -0.00154882    -0.00000547
    -0.01334618    -0.01343384     0.00008766
    -0.00252209    -0.00251050    -0.00001159
    -0.00177982    -0.00175541    -0.00002440
    -0.00187059    -0.00186113    -0.00000946
    -0.01364572    -0.01376075     0.00011503
    -0.00209558    -0.00210728     0.00001170
    -0.00211525    -0.00212622     0.00001097
    -0.00199797    -0.00199335    -0.00000462
    -0.03537774    -0.03540256     0.00002482
    -0.00238026    -0.00238569     0.00000543
    -0.00394056    -0.00393853    -0.00000203
    -0.00200654    -0.00201173     0.00000519
    -0.00111523    -0.00110199    -0.00001324
    -0.00111523    -0.00110199    -0.00001324
    -0.00111523    -0.00110199    -0.00001324
    -0.00111523    -0.00110199    -0.00001324
    -0.00111523    -0.00110199    -0.00001324
    -0.00111523    -0.00110199    -0.00001324
    -0.00111523    -0.00110199    -0.00001324
    -0.00111523    -0.00110199    -0.00001324
    -0.00111523    -0.00110199    -0.00001324
    -0.00111523    -0.00110199    -0.00001324
    -0.00111523    -0.00110199    -0.00001324
    -0.00111523    -0.00110199    -0.00001324
    -0.00184311    -0.00184283    -0.00000028
    -0.00189266    -0.00189122    -0.00000144
    -0.01391974    -0.01400659     0.00008685
    -0.02772108    -0.02773711     0.00001603
    -0.00198850    -0.00189232    -0.00009618
    -0.00579676    -0.00586839     0.00007163
    -0.00402397    -0.00402372    -0.00000024
    -0.03021460    -0.03022251     0.00000792
    -0.00222037    -0.00226530     0.00004493
    -0.01577618    -0.01572884    -0.00004735
    -0.00427036    -0.00430779     0.00003743
    -0.00529090    -0.00532678     0.00003588
    -0.01538461    -0.01540640     0.00002179
    -0.00476071    -0.00477945     0.00001873
    -0.01532412    -0.01538484     0.00006072
    -0.00989474    -0.00991726     0.00002252
    -0.00509329    -0.00512411     0.00003082
    -0.00516589    -0.00514792    -0.00001797
    -0.00050556    -0.00052205     0.00001649
    -0.03099693    -0.03081849    -0.00017844
    -0.00445595    -0.00449061     0.00003466
    -0.01338348    -0.01336183    -0.00002166
    -0.00477709    -0.00479839     0.00002129
    -0.00298716    -0.00305699     0.00006983
    -0.01142043    -0.01139942    -0.00002101
    -0.00049185    -0.00049916     0.00000732
    -0.00832772    -0.00834302     0.00001530
    -0.01302927    -0.01309888     0.00006960
    -0.00024166    -0.00026850     0.00002683
     0.01531492     0.01525810     0.00005682
     0.02680221     0.02685700    -0.00005479
    -0.00045269    -0.00047761     0.00002492
    -0.00051326    -0.00050831    -0.00000495
    -0.00532121    -0.00535670     0.00003549
    -0.00909549    -0.00915320     0.00005771
    -0.03083627    -0.03081155    -0.00002472
    -0.03083630    -0.03081155    -0.00002475
    -0.00524856    -0.00527441     0.00002585
    -0.00057138    -0.00053195    -0.00003944
    -0.00494953    -0.00498698     0.00003744
    -0.00054425    -0.00051688    -0.00002737
     0.02502721     0.02504623    -0.00001902
    -0.00027979    -0.00031011     0.00003032
    -0.01355884    -0.01359558     0.00003674
    -0.00489002    -0.00492868     0.00003865
    -0.00492015    -0.00495957     0.00003943
    -0.00045576    -0.00047954     0.00002377
    -0.00052842    -0.00051373    -0.00001469
    -0.00914556    -0.00916703     0.00002147
    -0.00542979    -0.00545574     0.00002595
    -0.00053859    -0.00051074    -0.00002785
    -0.00477609    -0.00471131    -0.00006477
     0.01636115     0.01639175    -0.00003061
    -0.00535594    -0.00538881     0.00003287
     0.01972975     0.01866633     0.00106342
    -0.00517618    -0.00521013     0.00003395
    -0.00051813    -0.00050253    -0.00001560
    -0.01068994    -0.01071314     0.00002320
    -0.01379367    -0.01377542    -0.00001825
    -0.00023358    -0.00025760     0.00002402
    -0.00756259    -0.00756220    -0.00000039
    -0.00517648    -0.00521180     0.00003533
    -0.00445216    -0.00445672     0.00000455
    -0.00509299    -0.00513115     0.00003816
    -0.01005202    -0.01010431     0.00005229
    -0.01661269    -0.01665267     0.00003998
    -0.00063052    -0.00065527     0.00002476
    -0.00957335    -0.00959207     0.00001873
    -0.02398564    -0.02400262     0.00001698
    -0.00052053    -0.00050658    -0.00001395
    -0.02691750    -0.02683953    -0.00007797
     0.00017745     0.00019264    -0.00001520
    -0.02146557    -0.02145090    -0.00001467
    -0.00049098    -0.00048203    -0.00000895
    -0.00620860    -0.00622418     0.00001557
     0.00137676     0.00142247    -0.00004571
     0.00013717     0.00014370    -0.00000653
    -0.01242330    -0.01243641     0.00001311
    -0.04753922    -0.04753303    -0.00000619
    -0.01299118    -0.01299984     0.00000867
    -0.00057824    -0.00057742    -0.00000082
    -0.00351620    -0.00350388    -0.00001232
    -0.01120159    -0.01120151    -0.00000008
    -0.03193588    -0.03191865    -0.00001723
    -0.03193615    -0.03191865    -0.00001750
    -0.00672676    -0.00675089     0.00002412
    -0.02419748    -0.02419199    -0.00000549
    -0.00481954    -0.00482572     0.00000617
    -0.01104975    -0.01103983    -0.00000992
    -0.00597842    -0.00595228    -0.00002614
    -0.00582076    -0.00583886     0.00001810
     0.00568759     0.00570541    -0.00001782
    -0.00223795    -0.00225296     0.00001502
    -0.03304956    -0.03304281    -0.00000675
    -0.03304956    -0.03304281    -0.00000675
    -0.06441868    -0.06443440     0.00001572
    -0.01309605    -0.01313032     0.00003427
    -0.00439894    -0.00442008     0.00002114
    -0.00728862    -0.00725198    -0.00003665
    -0.00187353    -0.00189493     0.00002140
    -0.00616550    -0.00617467     0.00000917
    -0.00272778    -0.00276920     0.00004142
    -0.00283907    -0.00287053     0.00003146
    -0.03417336    -0.03418181     0.00000844
    -0.03417364    -0.03418181     0.00000817
     0.00494888     0.00491704     0.00003184
    -0.03530332    -0.03533344     0.00003012
    -0.03530359    -0.03533344     0.00002985
     0.03424629     0.03425020    -0.00000391
    -0.00310436    -0.00311268     0.00000833
     0.00495917     0.00475362     0.00020555
    -0.00247760    -0.00232924    -0.00014836
    -0.00212924    -0.00201750    -0.00011173
    -0.02203782    -0.02208267     0.00004485
    -0.00126756    -0.00127467     0.00000711
     0.02911722     0.02893842     0.00017880
    -0.00194025    -0.00177740    -0.00016286
    -0.00090562    -0.00074067    -0.00016495
     0.00222635     0.00234248    -0.00011613
    -0.00090589    -0.00074067    -0.00016522
    -0.00180844    -0.00179114    -0.00001730
    -0.01201981    -0.01193447    -0.00008534
     0.02159692     0.02149867     0.00009824
    -0.00156857    -0.00159102     0.00002245
    -0.00130332    -0.00126217    -0.00004115
    -0.00173448    -0.00174619     0.00001171
    -0.03159149    -0.03148264    -0.00010886
    -0.02190288    -0.02193006     0.00002718
    -0.00129635    -0.00131917     0.00002282
    -0.00138384    -0.00122570    -0.00015814
    -0.02775189    -0.02771094    -0.00004094
    -0.02616971    -0.02609651    -0.00007320
    -0.00224472    -0.00217337    -0.00007136
    -0.01865145    -0.01853545    -0.00011599
    -0.00189742    -0.00173315    -0.00016428
    -0.00195470    -0.00179773    -0.00015697
    -0.00051952    -0.00047055    -0.00004897
    -0.00051952    -0.00047055    -0.00004897
    -0.00116748    -0.00111298    -0.00005450
    -0.00135211    -0.00120740    -0.00014471
    -0.00134607    -0.00129863    -0.00004744
    -0.00130985    -0.00116962    -0.00014023
     0.01851672     0.01853997    -0.00002325
    -0.00129572    -0.00117335    -0.00012237
    -0.00111033    -0.00108078    -0.00002955
    -0.00111033    -0.00108078    -0.00002955
     0.02852711     0.02837704     0.00015007
    -0.00190697    -0.00175187    -0.00015510
    -0.00132838    -0.00127614    -0.00005223
    -0.00132838    -0.00127614    -0.00005223
    -0.02293240    -0.02291701    -0.00001538
    -0.00180689    -0.00164156    -0.00016533
    -0.00120590    -0.00115712    -0.00004878
    -0.00076608    -0.00075686    -0.00000922
    -0.00076608    -0.00075686    -0.00000922
    -0.00122615    -0.00117279    -0.00005336
    -0.00156593    -0.00143505    -0.00013089
    -0.00156593    -0.00143505    -0.00013089
    -0.02610625    -0.02599123    -0.00011502
    -0.00127978    -0.00122004    -0.00005974
    -0.00227893    -0.00215390    -0.00012503
    -0.00145320    -0.00130354    -0.00014966
    -0.00142030    -0.00127291    -0.00014739
    -0.00120838    -0.00115569    -0.00005269
    -0.00210943    -0.00204876    -0.00006067
    -0.00171464    -0.00170118    -0.00001346
    -0.01077672    -0.01064154    -0.00013517
    -0.00168741    -0.00161458    -0.00007282
    -0.00205922    -0.00199707    -0.00006215
    -0.00141989    -0.00128951    -0.00013038
    -0.00092960    -0.00090827    -0.00002133
    -0.00092960    -0.00090827    -0.00002133
    -0.00064118    -0.00058337    -0.00005781
    -0.00064118    -0.00058337    -0.00005781
    -0.00134307    -0.00124689    -0.00009618
    -0.00156289    -0.00140725    -0.00015564
    -0.00157973    -0.00142278    -0.00015695
    -0.00175097    -0.00172689    -0.00002409
    -0.00164305    -0.00151134    -0.00013171
    -0.00196344    -0.00190856    -0.00005488
    -0.00170177    -0.00153730    -0.00016448
    -0.00164637    -0.00148485    -0.00016152
    -0.00152664    -0.00137629    -0.00015035
    -0.00174428    -0.00166531    -0.00007897
    -0.00173157    -0.00156621    -0.00016536
    -0.00163628    -0.00156506    -0.00007122
    -0.00160659    -0.00158542    -0.00002117
    -0.00173802    -0.00158372    -0.00015430
    -0.00156885    -0.00142035    -0.00014849
    -0.00133543    -0.00122143    -0.00011399
    -0.00133543    -0.00122143    -0.00011399
    -0.00200619    -0.00190411    -0.00010208
    -0.00170180    -0.00161356    -0.00008824
    -0.02108915    -0.02102292    -0.00006623
    -0.00158079    -0.00155154    -0.00002926
    -0.00206175    -0.00193383    -0.00012793
    -0.00078750    -0.00071314    -0.00007435
    -0.00078750    -0.00071314    -0.00007435
    -0.00203775    -0.00191769    -0.00012006
    -0.00112974    -0.00103062    -0.00009911
    -0.00112974    -0.00103062    -0.00009911
    -0.02018405    -0.02009062    -0.00009343
    -0.00095294    -0.00086167    -0.00009128
    -0.00095294    -0.00086167    -0.00009128
    -0.01547917    -0.01542764    -0.00005153
    -0.00175127    -0.00165989    -0.00009138
    -0.00146963    -0.00138990    -0.00007973
    -0.02002929    -0.02003590     0.00000661
    -0.00159769    -0.00149944    -0.00009825
    -0.02296943    -0.02281042    -0.00015901
    -0.00067710    -0.00065798    -0.00001912
    -0.02257372    -0.02250707    -0.00006665
    -0.00503560    -0.00492373    -0.00011188
    -0.01390488    -0.01399286     0.00008798
    -0.01062629    -0.01066531     0.00003902
    -0.02215948    -0.02212391    -0.00003558
    -0.02215921    -0.02212391    -0.00003531
    -0.01686107    -0.01679996    -0.00006111
    -0.00716971    -0.00699290    -0.00017681
    -0.01944836    -0.01946273     0.00001437
    -0.00475301    -0.00465091    -0.00010210
    -0.01291246    -0.01293685     0.00002439
    -0.00742397    -0.00743819     0.00001421
    -0.00255118    -0.00259605     0.00004488
    -0.00468240    -0.00459981    -0.00008259
    -0.02132730    -0.02126489    -0.00006241
    -0.01751698    -0.01750964    -0.00000733
    -0.03069156    -0.03062998    -0.00006158
    -0.02130984    -0.02128810    -0.00002174
    -0.00987028    -0.00985882    -0.00001146
    -0.00274645    -0.00277168     0.00002524
    -0.00634047    -0.00633968    -0.00000079
    -0.00851286    -0.00853184     0.00001898
    -0.00359413    -0.00351641    -0.00007773
    -0.01710336    -0.01712594     0.00002258
    -0.00309315    -0.00308500    -0.00000815
    -0.01664077    -0.01673005     0.00008928
    -0.00281194    -0.00284562     0.00003368
    -0.01643696    -0.01638220    -0.00005475
    -0.00886599    -0.00890079     0.00003480
    -0.02188906    -0.02184215    -0.00004691
    -0.02911967    -0.02908165    -0.00003801
    -0.00435301    -0.00426787    -0.00008514
    -0.01733686    -0.01734447     0.00000761
    -0.00261224    -0.00264998     0.00003774
    -0.00178765    -0.00181523     0.00002757
    -0.00178765    -0.00181523     0.00002757
    -0.00178765    -0.00181523     0.00002757
    -0.00178765    -0.00181523     0.00002757
    -0.00178765    -0.00181523     0.00002757
    -0.00178765    -0.00181523     0.00002757
    -0.00178765    -0.00181523     0.00002757
    -0.00178765    -0.00181523     0.00002757
    -0.00178765    -0.00181523     0.00002757
    -0.00178765    -0.00181523     0.00002757
    -0.00178765    -0.00181523     0.00002757
    -0.00178765    -0.00181523     0.00002757
    -0.01818918    -0.01827048     0.00008130
    -0.02257250    -0.02258613     0.00001363
    -0.00350728    -0.00343957    -0.00006770
    -0.00317481    -0.00315565    -0.00001915
    -0.01994097    -0.01997683     0.00003587
    -0.02640394    -0.02637835    -0.00002559
    -0.03654217    -0.03653959    -0.00000258
    -0.02491801    -0.02479047    -0.00012754
    -0.01428160    -0.01430717     0.00002557
    -0.00830870    -0.00834666     0.00003796
    -0.02754990    -0.02753440    -0.00001550
    -0.00351666    -0.00349234    -0.00002432
    -0.02514811    -0.02516082     0.00001271
    -0.00794311    -0.00797862     0.00003551
    -0.00400301    -0.00394486    -0.00005815
    -0.01974145    -0.01981207     0.00007062
    -0.01592125    -0.01593767     0.00001642
    -0.00371416    -0.00368671    -0.00002746
    -0.02060645    -0.02057593    -0.00003051
    -0.00325723    -0.00322546    -0.00003177
    -0.01234741    -0.01238672     0.00003931
    -0.00342295    -0.00336630    -0.00005665
    -0.02598238    -0.02598812     0.00000573
    -0.00340836    -0.00335595    -0.00005241
    -0.02129691    -0.02135470     0.00005779
    -0.01522594    -0.01523572     0.00000978
    -0.02441778    -0.02444275     0.00002497
    -0.02285577    -0.02289827     0.00004251
    -0.00374529    -0.00370487    -0.00004043
    -0.04098878    -0.04100852     0.00001974
    -0.00285815    -0.00288387     0.00002572
    -0.01706072    -0.01707409     0.00001336
    -0.00845768    -0.00850429     0.00004661
    -0.00344708    -0.00342528    -0.00002180
    -0.00320768    -0.00320387    -0.00000381
    -0.02018862    -0.02014604    -0.00004258
    -0.02196460    -0.02202109     0.00005650
    -0.02034555    -0.02035339     0.00000785
    -0.01988842    -0.01984716    -0.00004126
    -0.01976594    -0.01980991     0.00004396
    -0.03156026    -0.03160317     0.00004292
    -0.01933951    -0.01932590    -0.00001361
    -0.01673612    -0.01676095     0.00002483
    -0.01806735    -0.01813100     0.00006364
    -0.01760305    -0.01759173    -0.00001131
    -0.01732739    -0.01737873     0.00005134
    -0.02862088    -0.02855555    -0.00006533
    -0.02564458    -0.02557984    -0.00006474
    -0.01454163    -0.01457168     0.00003005
    -0.03050184    -0.03043072    -0.00007112
    -0.01708263    -0.01713783     0.00005520
    -0.01923418    -0.01928813     0.00005395
    -0.01835677    -0.01839317     0.00003640
    -0.01837977    -0.01845750     0.00007773
     0.00007725     0.00006374     0.00019101     0.00009862     0.00106342
