     0.00531264     0.00531773    -0.00000509
    -0.00273025    -0.00266380    -0.00006645
     0.02927692     0.02968843    -0.00041151
    -0.00311614    -0.00300909    -0.00010705
    -0.01176101    -0.01172395    -0.00003706
     0.01535231     0.01550581    -0.00015350
    -0.01062303    -0.01059958    -0.00002345
    -0.00145638    -0.00145114    -0.00000524
    -0.01227549    -0.01192863    -0.00034686
    -0.02963285    -0.02949371    -0.00013914
     0.01102094     0.01109650    -0.00007556
    -0.00089036    -0.00099328     0.00010292
    -0.00872650    -0.00862062    -0.00010588
     0.00711866     0.00715929    -0.00004062
    -0.00382908    -0.00376412    -0.00006496
    -0.04102963    -0.04106638     0.00003675
    -0.00328986    -0.00326433    -0.00002552
    -0.02874611    -0.02861466    -0.00013145
     0.03531197     0.03539741    -0.00008544
     0.00210086     0.00209315     0.00000771
    -0.01751698    -0.01758120     0.00006422
     0.03544819     0.03551490    -0.00006670
    -0.00078418    -0.00086063     0.00007645
     0.01891287     0.01891813    -0.00000527
    -0.00073841    -0.00071905    -0.00001936
     0.02068797     0.02091687    -0.00022890
     0.01717814     0.01709895     0.00007919
    -0.00566029    -0.00564397    -0.00001633
     0.02794658     0.02776726     0.00017932
    -0.01975288    -0.01970148    -0.00005140
     0.01716524     0.01715789     0.00000735
     0.03134839     0.03150635    -0.00015796
     0.02801409     0.02789629     0.00011781
     0.03089431     0.03125779    -0.00036348
    -0.00110470    -0.00109732    -0.00000738
    -0.00131426    -0.00129607    -0.00001819
    -0.03007884    -0.03006683    -0.00001201
     0.03733027     0.03734099    -0.00001073
     0.01623020     0.01600781     0.00022240
    -0.00101852    -0.00110875     0.00009022
     0.02410553     0.02411227    -0.00000673
     0.03053202     0.03054041    -0.00000839
     0.01981770     0.01987918    -0.00006148
    -0.02353428    -0.02338516    -0.00014913
    -0.01563893    -0.01573178     0.00009286
     0.01989642     0.02024931    -0.00035289
     0.00956943     0.00954300     0.00002643
    -0.00020809    -0.00008969    -0.00011840
    -0.00045585    -0.00042341    -0.00003243
     0.01835979     0.01846045    -0.00010066
     0.03818049     0.03830252    -0.00012203
     0.02802533     0.02817251    -0.00014717
    -0.00226780    -0.00232377     0.00005597
     0.00401580     0.00413916    -0.00012336
     0.00008727     0.00017085    -0.00008358
     0.02768963     0.02781254    -0.00012291
     0.01845544     0.01868122    -0.00022578
    -0.00177960    -0.00166326    -0.00011633
    -0.00047987    -0.00043455    -0.00004532
     0.03618859     0.03628708    -0.00009849
     0.01391071     0.01396570    -0.00005500
    -0.00045495    -0.00042888    -0.00002607
     0.03093439     0.03108226    -0.00014787
     0.00341663     0.00351002    -0.00009339
    -0.00227912    -0.00222923    -0.00004988
    -0.02605743    -0.02619477     0.00013734
     0.00011415     0.00014747    -0.00003332
    -0.00929130    -0.00924146    -0.00004984
     0.01184016     0.01189671    -0.00005655
    -0.00981833    -0.00929185    -0.00052648
    -0.00077868    -0.00093498     0.00015630
    -0.01099079    -0.01091719    -0.00007360
    -0.01833718    -0.01833352    -0.00000366
     0.01628430     0.01639202    -0.00010772
    -0.00988884    -0.00944714    -0.00044169
    -0.00516638    -0.00506092    -0.00010546
    -0.01654599    -0.01686228     0.00031628
     0.00707874     0.00714428    -0.00006554
     0.02743479     0.02744339    -0.00000860
     0.00569488     0.00576199    -0.00006711
     0.01915045     0.01915125    -0.00000080
    -0.02305705    -0.02299966    -0.00005739
     0.00002095     0.00009369    -0.00007273
     0.00194281     0.00207135    -0.00012854
     0.02851832     0.02838042     0.00013790
     0.02128456     0.02131919    -0.00003463
     0.01741180     0.01739345     0.00001835
    -0.00131660    -0.00114362    -0.00017298
     0.00565978     0.00569002    -0.00003024
    -0.01162797    -0.01152634    -0.00010163
     0.03700406     0.03712816    -0.00012410
    -0.00435067    -0.00428575    -0.00006492
    -0.01360058    -0.01356770    -0.00003287
    -0.00077019    -0.00078404     0.00001385
     0.01701240     0.01707171    -0.00005931
    -0.00161478    -0.00155462    -0.00006015
    -0.01630294    -0.01630059    -0.00000235
    -0.00085411    -0.00084312    -0.00001099
    -0.03426218    -0.03409303    -0.00016915
    -0.00238682    -0.00239136     0.00000454
    -0.01491195    -0.01495111     0.00003916
    -0.00948066    -0.00950329     0.00002262
    -0.00948075    -0.00950329     0.00002254
    -0.01238088    -0.01242678     0.00004590
    -0.00947258    -0.00948632     0.00001373
    -0.00611562    -0.00618140     0.00006578
    -0.00893981    -0.00896523     0.00002542
    -0.00605636    -0.00604363    -0.00001273
    -0.00605636    -0.00604363    -0.00001273
    -0.00890378    -0.00890507     0.00000129
    -0.00528015    -0.00535564     0.00007549
    -0.01699286    -0.01697546    -0.00001739
    -0.01132595    -0.01135338     0.00002743
    -0.00406870    -0.00411450     0.00004580
    -0.01626299    -0.01625071    -0.00001228
    -0.00653737    -0.00659450     0.00005713
    -0.00841934    -0.00844886     0.00002952
    -0.00841950    -0.00844886     0.00002936
    -0.01661244    -0.01661386     0.00000142
    -0.01322699    -0.01326202     0.00003502
    -0.00473304    -0.00476738     0.00003434
    -0.00791900    -0.00795397     0.00003496
    -0.00574528    -0.00581306     0.00006779
    -0.00941076    -0.00941547     0.00000471
    -0.00743848    -0.00748024     0.00004176
    -0.01094850    -0.01096397     0.00001547
    -0.01383326    -0.01387677     0.00004351
    -0.01649489    -0.01655952     0.00006463
    -0.01518466    -0.01519880     0.00001414
    -0.01535816    -0.01536921     0.00001105
    -0.00579137    -0.00585623     0.00006486
    -0.01134054    -0.01135793     0.00001739
    -0.01189154    -0.01190822     0.00001668
    -0.00492151    -0.00493731     0.00001581
    -0.01772961    -0.01780088     0.00007128
    -0.01122415    -0.01124909     0.00002494
    -0.00510170    -0.00512275     0.00002105
    -0.01057690    -0.01053400    -0.00004290
    -0.00516861    -0.00518326     0.00001465
    -0.01001722    -0.01004374     0.00002652
    -0.00606621    -0.00606931     0.00000310
    -0.00574694    -0.00577134     0.00002440
    -0.01028207    -0.01025233    -0.00002973
    -0.01094752    -0.01095113     0.00000361
    -0.00702688    -0.00706259     0.00003571
    -0.00556495    -0.00556624     0.00000129
    -0.01551645    -0.01554752     0.00003107
    -0.00723017    -0.00721227    -0.00001790
    -0.01325404    -0.01323694    -0.00001710
    -0.00876667    -0.00872225    -0.00004442
    -0.00876694    -0.00872225    -0.00004469
    -0.01221682    -0.01218245    -0.00003437
    -0.01221682    -0.01218245    -0.00003437
    -0.01083484    -0.01086192     0.00002708
    -0.01671179    -0.01678475     0.00007296
    -0.01037418    -0.01040157     0.00002739
    -0.01394788    -0.01395330     0.00000542
    -0.01084537    -0.01079656    -0.00004881
    -0.01481480    -0.01487429     0.00005949
    -0.00599236    -0.00598868    -0.00000368
    -0.00944453    -0.00941957    -0.00002496
    -0.00794532    -0.00794927     0.00000396
    -0.00832358    -0.00830159    -0.00002199
    -0.01048574    -0.01050942     0.00002368
    -0.01510531    -0.01515000     0.00004469
    -0.00617538    -0.00619086     0.00001548
    -0.00801764    -0.00803641     0.00001877
    -0.00795430    -0.00796208     0.00000778
    -0.01022517    -0.01024773     0.00002256
    -0.00646311    -0.00644771    -0.00001540
    -0.00654739    -0.00653804    -0.00000935
    -0.01583284    -0.01590297     0.00007014
    -0.00655792    -0.00654842    -0.00000950
    -0.00782316    -0.00783619     0.00001302
    -0.00793721    -0.00794900     0.00001179
    -0.01029507    -0.01031734     0.00002227
    -0.00672086    -0.00670437    -0.00001649
    -0.01526687    -0.01533200     0.00006513
    -0.01532254    -0.01539034     0.00006780
    -0.01229566    -0.01234329     0.00004764
    -0.00798447    -0.00798508     0.00000060
    -0.00851882    -0.00852498     0.00000615
    -0.00949332    -0.00950391     0.00001059
    -0.00744512    -0.00742887    -0.00001625
    -0.01374238    -0.01379205     0.00004967
    -0.00903168    -0.00903245     0.00000078
    -0.00771429    -0.00769779    -0.00001650
    -0.00846625    -0.00845927    -0.00000698
    -0.01109977    -0.01112008     0.00002031
    -0.00888648    -0.00890113     0.00001465
    -0.01445376    -0.01451050     0.00005674
    -0.00780847    -0.00778905    -0.00001942
    -0.01073367    -0.01074560     0.00001193
    -0.01395838    -0.01400681     0.00004843
    -0.00837104    -0.00834764    -0.00002340
    -0.00840990    -0.00838669    -0.00002320
    -0.01119615    -0.01121035     0.00001420
    -0.00865929    -0.00863874    -0.00002055
    -0.01145975    -0.01147086     0.00001111
    -0.01107365    -0.01107798     0.00000434
    -0.04466303    -0.04453178    -0.00013125
    -0.02817649    -0.02819944     0.00002295
     0.02655747     0.02640311     0.00015436
     0.01874320     0.01879828    -0.00005508
    -0.02794003    -0.02797135     0.00003133
    -0.02729327    -0.02748908     0.00019582
     0.01692747     0.01706473    -0.00013726
     0.01982537     0.01990941    -0.00008404
    -0.03040682    -0.03039899    -0.00000783
    -0.02884540    -0.02888182     0.00003642
    -0.03278504    -0.03280860     0.00002356
     0.03381793     0.03367255     0.00014538
    -0.04561126    -0.04548071    -0.00013056
    -0.02964504    -0.02958759    -0.00005745
    -0.03734385    -0.03733083    -0.00001301
    -0.03329574    -0.03331280     0.00001706
    -0.03156796    -0.03151410    -0.00005386
    -0.03295288    -0.03297189     0.00001901
    -0.03295302    -0.03297190     0.00001888
    -0.03367485    -0.03351635    -0.00015850
    -0.04733968    -0.04717372    -0.00016596
    -0.03038407    -0.03028115    -0.00010292
    -0.02764584    -0.02784914     0.00020330
    -0.01893366    -0.01872322    -0.00021043
    -0.03582825    -0.03583599     0.00000774
    -0.02860390    -0.02850749    -0.00009641
     0.04762423     0.04783647    -0.00021225
    -0.04571766    -0.04560243    -0.00011523
     0.04791702     0.04806558    -0.00014856
     0.02703329     0.02731088    -0.00027759
    -0.04021418    -0.04031913     0.00010494
     0.01212964     0.01195640     0.00017324
    -0.03870077    -0.03865919    -0.00004158
     0.01995441     0.01994718     0.00000723
     0.02289427     0.02284066     0.00005362
    -0.00944902    -0.00948936     0.00004034
    -0.03670095    -0.03657673    -0.00012422
    -0.03784497    -0.03782929    -0.00001568
    -0.03984838    -0.03972457    -0.00012381
    -0.03261200    -0.03300954     0.00039753
    -0.04569045    -0.04557737    -0.00011308
     0.05745499     0.05715760     0.00029739
    -0.03164388    -0.03151101    -0.00013287
    -0.02917101    -0.02925647     0.00008546
    -0.04455347    -0.04462159     0.00006812
    -0.04656203    -0.04675546     0.00019343
    -0.00321511    -0.00314980    -0.00006530
    -0.02522713    -0.02514859    -0.00007854
    -0.04109616    -0.04096204    -0.00013412
    -0.00952545    -0.00954137     0.00001592
     0.02744992     0.02741820     0.00003173
    -0.03406988    -0.03408885     0.00001897
     0.02124662     0.02127189    -0.00002527
     0.02469017     0.02470895    -0.00001878
    -0.04141734    -0.04141100    -0.00000634
     0.03698800     0.03710592    -0.00011792
    -0.03181487    -0.03193240     0.00011753
    -0.03495697    -0.03511105     0.00015408
     0.01749151     0.01743666     0.00005484
    -0.02052354    -0.02043744    -0.00008609
    -0.02334712    -0.02333879    -0.00000833
    -0.04418430    -0.04413772    -0.00004658
    -0.03969170    -0.03983241     0.00014072
     0.04562843     0.04566404    -0.00003561
    -0.03328924    -0.03332034     0.00003110
     0.02508060     0.02518123    -0.00010064
    -0.04850982    -0.04853968     0.00002986
    -0.02999770    -0.03000147     0.00000377
     0.02030190     0.02030535    -0.00000346
    -0.04089224    -0.04088601    -0.00000623
    -0.04692900    -0.04711592     0.00018692
    -0.04434808    -0.04435408     0.00000599
    -0.03643199    -0.03639561    -0.00003638
    -0.02933287    -0.02927359    -0.00005927
    -0.04693110    -0.04702256     0.00009146
    -0.01634485    -0.01629579    -0.00004905
    -0.03256680    -0.03256262    -0.00000419
    -0.03018575    -0.03032292     0.00013717
    -0.04165663    -0.04179170     0.00013507
    -0.02619991    -0.02612948    -0.00007043
    -0.05612806    -0.05596801    -0.00016005
    -0.02532849    -0.02547733     0.00014884
    -0.02619115    -0.02617690    -0.00001425
    -0.04255039    -0.04246216    -0.00008823
    -0.04178006    -0.04189116     0.00011110
    -0.02783126    -0.02787497     0.00004371
    -0.02366144    -0.02364581    -0.00001563
    -0.03205501    -0.03203916    -0.00001585
    -0.03195262    -0.03207007     0.00011746
    -0.04454477    -0.04468948     0.00014471
    -0.03807393    -0.03809223     0.00001830
    -0.03255078    -0.03260502     0.00005424
    -0.04793903    -0.04808886     0.00014982
    -0.03361874    -0.03369674     0.00007800
    -0.02949703    -0.02940630    -0.00009073
    -0.02884363    -0.02878477    -0.00005887
    -0.04308466    -0.04306686    -0.00001780
    -0.04598460    -0.04600524     0.00002064
    -0.03403181    -0.03390514    -0.00012667
    -0.04133355    -0.04126120    -0.00007235
     0.00673204     0.00694465    -0.00021260
    -0.03240177    -0.03246434     0.00006257
    -0.00459576    -0.00450040    -0.00009536
    -0.02942218    -0.02939877    -0.00002340
    -0.00799294    -0.00795385    -0.00003909
     0.00937889     0.00940209    -0.00002320
    -0.01228926    -0.01232831     0.00003905
     0.01252056     0.01266370    -0.00014315
     0.00014985     0.00040614    -0.00025629
     0.00709382     0.00721839    -0.00012457
    -0.00314640    -0.00310583    -0.00004057
     0.00373316     0.00380585    -0.00007269
    -0.00396731    -0.00388104    -0.00008627
     0.01626841     0.01628775    -0.00001934
     0.00382331     0.00376817     0.00005514
     0.00349620     0.00363833    -0.00014213
    -0.01208986    -0.01211885     0.00002899
    -0.00825343    -0.00821635    -0.00003708
    -0.01818344    -0.01821166     0.00002822
     0.02201831     0.02224588    -0.00022757
     0.01665995     0.01677012    -0.00011016
     0.00082304     0.00070655     0.00011649
     0.00243776     0.00243390     0.00000386
    -0.01188844    -0.01190830     0.00001986
     0.00263273     0.00264610    -0.00001338
    -0.00850927    -0.00847398    -0.00003529
    -0.00849270    -0.00837545    -0.00011725
     0.01542254     0.01555072    -0.00012818
    -0.00460509    -0.00453692    -0.00006817
     0.00166760     0.00155698     0.00011062
    -0.01168443    -0.01169647     0.00001204
     0.01959133     0.01986469    -0.00027336
    -0.00876038    -0.00872696    -0.00003342
    -0.03570547    -0.03584128     0.00013580
     0.00524521     0.00531845    -0.00007324
    -0.01147768    -0.01148315     0.00000546
    -0.03427456    -0.03430656     0.00003200
     0.00124054     0.00133531    -0.00009477
    -0.03876126    -0.03892677     0.00016551
    -0.00900710    -0.00897552    -0.00003159
    -0.01377590    -0.01372928    -0.00004662
    -0.01126889    -0.01126813    -0.00000076
     0.00877611     0.00884953    -0.00007342
    -0.00924940    -0.00921987    -0.00002953
    -0.01105707    -0.01105120    -0.00000588
    -0.00948769    -0.00946025    -0.00002743
     0.01306304     0.01313883    -0.00007579
    -0.01084246    -0.01083213    -0.00001033
     0.00592958     0.00601880    -0.00008922
    -0.00972222    -0.00969689    -0.00002533
    -0.00381474    -0.00382321     0.00000847
     0.01197818     0.01197467     0.00000351
    -0.01062518    -0.01061071    -0.00001446
    -0.00995360    -0.00993003    -0.00002357
     0.00723020     0.00724104    -0.00001084
    -0.01040463    -0.01038671    -0.00001792
    -0.01018068    -0.01015989    -0.00002079
     0.01745551     0.01740858     0.00004693
     0.01202384     0.01229515    -0.00027131
     0.00590977     0.00588314     0.00002663
     0.00300147     0.00304392    -0.00004245
     0.01203551     0.01188743     0.00014808
     0.00696658     0.00692861     0.00003797
     0.00565953     0.00565072     0.00000881
     0.00582389     0.00590464    -0.00008075
    -0.00566283    -0.00561828    -0.00004454
     0.01290941     0.01294853    -0.00003912
     0.00336221     0.00341224    -0.00005003
     0.01013243     0.01020977    -0.00007734
     0.01801429     0.01770924     0.00030505
     0.00662303     0.00672190    -0.00009887
    -0.00069756    -0.00079185     0.00009428
    -0.03237472    -0.03238517     0.00001045
     0.00257958     0.00252391     0.00005568
     0.00048031     0.00053816    -0.00005785
     0.00232157     0.00231677     0.00000480
     0.01312528     0.01308225     0.00004302
     0.01349320     0.01359309    -0.00009989
    -0.00049677    -0.00060304     0.00010627
     0.00805579     0.00815338    -0.00009758
     0.00842296     0.00838554     0.00003742
     0.00241939     0.00239268     0.00002671
     0.01749698     0.01756868    -0.00007170
     0.00332471     0.00330295     0.00002177
    -0.00069661    -0.00068819    -0.00000842
     0.00000533     0.00003635    -0.00003101
     0.00379457     0.00394835    -0.00015378
    -0.00219212    -0.00220600     0.00001388
     0.00105735     0.00104108     0.00001627
     0.00509046     0.00489001     0.00020045
     0.01898332     0.01884719     0.00013612
    -0.00160947    -0.00164310     0.00003362
     0.01104012     0.01064053     0.00039959
     0.01791775     0.01781572     0.00010203
     0.00262848     0.00257999     0.00004849
     0.00909783     0.00920990    -0.00011207
     0.01672994     0.01670362     0.00002632
     0.00408712     0.00405094     0.00003618
     0.01786917     0.01771968     0.00014950
     0.00539392     0.00534417     0.00004975
     0.01298506     0.01291239     0.00007267
    -0.01722821    -0.01728826     0.00006005
     0.00038975     0.00047293    -0.00008318
    -0.00454144    -0.00461283     0.00007139
    -0.00357786    -0.00367716     0.00009930
     0.05068028     0.05063634     0.00004394
     0.00962842     0.00966288    -0.00003445
    -0.02451174    -0.02453500     0.00002326
    -0.00246312    -0.00253774     0.00007462
    -0.00246285    -0.00253774     0.00007489
    -0.00246285    -0.00253774     0.00007489
    -0.00246285    -0.00253774     0.00007489
    -0.00246285    -0.00253774     0.00007489
    -0.00246285    -0.00253774     0.00007489
    -0.00246285    -0.00253774     0.00007489
    -0.00246285    -0.00253774     0.00007489
    -0.00246285    -0.00253774     0.00007489
    -0.00246285    -0.00253774     0.00007489
    -0.00246285    -0.00253774     0.00007489
    -0.00246285    -0.00253774     0.00007489
     0.01108459     0.01114127    -0.00005668
    -0.01055323    -0.01068981     0.00013658
    -0.00995700    -0.00997846     0.00002146
     0.01561406     0.01568661    -0.00007255
    -0.00514467    -0.00513126    -0.00001341
     0.01063127     0.01051009     0.00012118
    -0.01532257    -0.01547525     0.00015269
    -0.02251345    -0.02258501     0.00007156
    -0.01213296    -0.01209836    -0.00003460
     0.00619568     0.00620442    -0.00000874
     0.01357655     0.01354646     0.00003009
     0.00314735     0.00297531     0.00017205
    -0.03366617    -0.03382662     0.00016045
    -0.01145455    -0.01155556     0.00010101
    -0.00492668    -0.00498933     0.00006265
     0.01094809     0.01102648    -0.00007839
    -0.00341500    -0.00340696    -0.00000804
     0.01531424     0.01534260    -0.00002835
     0.00042722     0.00048913    -0.00006192
    -0.00381071    -0.00390120     0.00009049
    -0.00778308    -0.00775706    -0.00002602
    -0.01703961    -0.01709629     0.00005668
    -0.01703961    -0.01709629     0.00005668
     0.03297130     0.03290167     0.00006963
    -0.03286452    -0.03299256     0.00012804
    -0.01247204    -0.01245055    -0.00002149
    -0.00728386    -0.00730191     0.00001805
    -0.01445572    -0.01455875     0.00010302
     0.00902841     0.00902057     0.00000784
     0.01049875     0.01051240    -0.00001364
    -0.02247856    -0.02252697     0.00004840
    -0.00089955    -0.00088307    -0.00001649
    -0.00676149    -0.00677873     0.00001724
    -0.02089843    -0.02098701     0.00008858
    -0.02089815    -0.02098701     0.00008885
    -0.02334906    -0.02336860     0.00001955
     0.00622109     0.00617205     0.00004904
    -0.01238270    -0.01237625    -0.00000645
    -0.01663960    -0.01675569     0.00011609
    -0.01835503    -0.01838251     0.00002748
    -0.01513236    -0.01511802    -0.00001434
    -0.01513236    -0.01511802    -0.00001434
    -0.00244478    -0.00251825     0.00007347
    -0.01331663    -0.01332613     0.00000950
    -0.00814437    -0.00825333     0.00010896
    -0.02039692    -0.02050544     0.00010852
    -0.01362651    -0.01373507     0.00010856
    -0.00027421    -0.00021284    -0.00006137
    -0.00605170    -0.00608212     0.00003042
    -0.00944426    -0.00951012     0.00006586
    -0.00976045    -0.00980692     0.00004647
     0.00832649     0.00822807     0.00009843
    -0.00687790    -0.00687375    -0.00000414
    -0.00558084    -0.00558168     0.00000084
    -0.01876799    -0.01878578     0.00001779
    -0.01876799    -0.01878578     0.00001779
    -0.01706810    -0.01719404     0.00012595
    -0.00777925    -0.00776682    -0.00001242
     0.00883554     0.00874750     0.00008803
    -0.01675538    -0.01678991     0.00003453
    -0.00697896    -0.00696571    -0.00001325
    -0.00841232    -0.00836742    -0.00004490
     0.00321971     0.00326778    -0.00004808
    -0.01956673    -0.01970898     0.00014225
    -0.01737265    -0.01738289     0.00001024
    -0.01737265    -0.01738289     0.00001024
    -0.00853417    -0.00857581     0.00004164
    -0.01267536    -0.01272485     0.00004948
     0.00626295     0.00633013    -0.00006719
    -0.00656624    -0.00654384    -0.00002240
    -0.01199434    -0.01202725     0.00003291
    -0.00779095    -0.00780794     0.00001699
     0.01120766     0.01128204    -0.00007438
    -0.05506420    -0.05503977    -0.00002443
     0.00725015     0.00719999     0.00005016
    -0.01556230    -0.01564692     0.00008462
    -0.00645808    -0.00636880    -0.00008928
     0.00016169     0.00018870    -0.00002701
     0.00454958     0.00467935    -0.00012977
    -0.01105008    -0.01108655     0.00003647
    -0.00466839    -0.00464578    -0.00002260
    -0.00472790    -0.00466440    -0.00006350
    -0.00437676    -0.00432874    -0.00004802
    -0.00437676    -0.00432874    -0.00004802
    -0.00451513    -0.00448043    -0.00003470
    -0.01159728    -0.01163271     0.00003543
    -0.00442193    -0.00437141    -0.00005052
    -0.02008306    -0.02008076    -0.00000231
    -0.02086917    -0.02083116    -0.00003801
    -0.01790117    -0.01784769    -0.00005349
    -0.00488872    -0.00486636    -0.00002236
    -0.01494781    -0.01488783    -0.00005998
    -0.00259395    -0.00260490     0.00001095
    -0.00387234    -0.00380453    -0.00006781
    -0.00387234    -0.00380453    -0.00006781
    -0.01878448    -0.01874103    -0.00004345
    -0.01955002    -0.01949890    -0.00005112
    -0.02261840    -0.02271958     0.00010117
    -0.02261827    -0.02271957     0.00010131
    -0.01615437    -0.01619492     0.00004056
    -0.01615437    -0.01619492     0.00004056
    -0.01833383    -0.01828470    -0.00004914
    -0.02123111    -0.02119703    -0.00003408
    -0.02238142    -0.02237172    -0.00000970
    -0.01825525    -0.01824155    -0.00001370
    -0.01680654    -0.01682105     0.00001451
    -0.00501898    -0.00486207    -0.00015691
    -0.01901262    -0.01896213    -0.00005049
    -0.01984469    -0.01980052    -0.00004418
    -0.01552157    -0.01546583    -0.00005573
     0.00354464     0.00357950    -0.00003486
    -0.01665832    -0.01657214    -0.00008618
    -0.01665832    -0.01657214    -0.00008618
    -0.02007542    -0.02004640    -0.00002902
    -0.01955642    -0.01951389    -0.00004253
    -0.01960423    -0.01955992    -0.00004430
    -0.01633146    -0.01631065    -0.00002081
    -0.01958771    -0.01972582     0.00013811
    -0.01921782    -0.01921325    -0.00000457
    -0.02346743    -0.02349337     0.00002595
    -0.01837188    -0.01830005    -0.00007182
    -0.02049787    -0.02042156    -0.00007632
    -0.01994499    -0.01995903     0.00001403
    -0.01780202    -0.01775424    -0.00004777
    -0.01667908    -0.01662765    -0.00005143
     0.00587948     0.00592018    -0.00004070
    -0.00041693    -0.00045623     0.00003929
    -0.00176719    -0.00180560     0.00003841
    -0.01698918    -0.01694888    -0.00004030
    -0.00021190    -0.00021568     0.00000378
    -0.01652028    -0.01650661    -0.00001366
    -0.01652001    -0.01650661    -0.00001339
    -0.02208784    -0.02213322     0.00004538
    -0.00060020    -0.00056152    -0.00003868
    -0.01728152    -0.01723408    -0.00004744
    -0.02283139    -0.02284071     0.00000933
    -0.02283133    -0.02284071     0.00000938
    -0.01902623    -0.01895528    -0.00007094
    -0.01769121    -0.01771534     0.00002413
    -0.02254512    -0.02254017    -0.00000496
    -0.01260559    -0.01265753     0.00005194
    -0.02156747    -0.02165090     0.00008342
    -0.01758898    -0.01751428    -0.00007470
    -0.01758871    -0.01751428    -0.00007443
    -0.01211786    -0.01212299     0.00000513
    -0.01764653    -0.01762391    -0.00002262
    -0.01778680    -0.01776702    -0.00001979
    -0.01851114    -0.01848834    -0.00002280
    -0.01846034    -0.01844074    -0.00001960
    -0.00105488    -0.00100443    -0.00005045
    -0.01861033    -0.01864613     0.00003580
    -0.01860984    -0.01864614     0.00003630
    -0.02054906    -0.02061487     0.00006581
    -0.02054881    -0.02061487     0.00006605
    -0.02163088    -0.02166701     0.00003613
    -0.00593682    -0.00603571     0.00009889
    -0.01831811    -0.01845149     0.00013338
    -0.01956305    -0.01961291     0.00004986
    -0.01956267    -0.01961291     0.00005024
    -0.01855942    -0.01849942    -0.00006000
    -0.01855915    -0.01849942    -0.00005973
    -0.02022108    -0.02023439     0.00001331
    -0.02170693    -0.02169968    -0.00000725
    -0.02170690    -0.02169968    -0.00000722
    -0.01804988    -0.01800401    -0.00004587
    -0.00769250    -0.00760919    -0.00008331
    -0.01365944    -0.01372940     0.00006996
    -0.01846401    -0.01842642    -0.00003759
    -0.01846401    -0.01842642    -0.00003759
    -0.00390807    -0.00388190    -0.00002617
    -0.01956980    -0.01952652    -0.00004328
    -0.01956978    -0.01952652    -0.00004325
    -0.02061924    -0.02059400    -0.00002523
    -0.02061921    -0.02059400    -0.00002521
    -0.01964885    -0.01960870    -0.00004016
    -0.02082558    -0.02083542     0.00000984
    -0.01991182    -0.01988660    -0.00002523
    -0.01708921    -0.01721100     0.00012179
    -0.01475861    -0.01484700     0.00008839
    -0.01590239    -0.01600840     0.00010601
     0.03377948     0.03354693     0.00023255
    -0.03780565    -0.03774005    -0.00006560
     0.03503047     0.03511789    -0.00008742
     0.03562354     0.03555221     0.00007133
    -0.01807519    -0.01778854    -0.00028665
     0.03526136     0.03500622     0.00025514
     0.03673434     0.03645873     0.00027560
    -0.03394400    -0.03389442    -0.00004958
    -0.03444613    -0.03450135     0.00005522
    -0.04435298    -0.04440230     0.00004932
     0.02588195     0.02580852     0.00007343
    -0.01718434    -0.01705750    -0.00012684
     0.04584670     0.04590827    -0.00006158
     0.04116038     0.04110791     0.00005247
     0.03248041     0.03251912    -0.00003871
     0.03499746     0.03497704     0.00002043
    -0.03695214    -0.03711302     0.00016089
     0.02194114     0.02189336     0.00004778
     0.02899809     0.02872469     0.00027339
    -0.03251785    -0.03253900     0.00002115
    -0.03397480    -0.03402374     0.00004893
     0.02676267     0.02686902    -0.00010635
     0.03743669     0.03748921    -0.00005252
    -0.01967726    -0.01963653    -0.00004073
    -0.04233945    -0.04222404    -0.00011541
    -0.03510291    -0.03502460    -0.00007830
     0.03808819     0.03816157    -0.00007339
     0.02310502     0.02305806     0.00004696
     0.03383066     0.03380292     0.00002774
     0.04489479     0.04494619    -0.00005140
    -0.03547684    -0.03533838    -0.00013847
     0.03311550     0.03313560    -0.00002011
    -0.03592861    -0.03595797     0.00002936
     0.02803951     0.02813565    -0.00009614
    -0.03929841    -0.03926201    -0.00003640
     0.02428159     0.02423534     0.00004625
     0.03265075     0.03261742     0.00003334
     0.04392046     0.04396316    -0.00004270
     0.04178953     0.04195873    -0.00016920
     0.02725084     0.02728784    -0.00003699
     0.03960408     0.03951108     0.00009300
     0.02546822     0.02542280     0.00004542
    -0.03915011    -0.03939930     0.00024919
     0.03146085     0.03142338     0.00003747
     0.03255097     0.03253897     0.00001199
     0.02666272     0.02661795     0.00004477
     0.02930002     0.02938558    -0.00008555
    -0.03558376    -0.03542019    -0.00016357
     0.03026393     0.03022366     0.00004027
     0.02786177     0.02781823     0.00004353
     0.02906337     0.02902103     0.00004233
     0.04292354     0.04295939    -0.00003585
    -0.03206339    -0.03206309    -0.00000030
     0.03938309     0.03936922     0.00001387
    -0.02966025    -0.02970311     0.00004286
     0.03054304     0.03061841    -0.00007537
     0.03288602     0.03284755     0.00003847
     0.03626197     0.03605861     0.00020336
     0.04190426     0.04193511    -0.00003085
     0.02635880     0.02617601     0.00018279
    -0.04742732    -0.04740212    -0.00002521
    -0.03796862    -0.03789232    -0.00007630
     0.03176829     0.03183381    -0.00006552
     0.04086258     0.04089054    -0.00002796
     0.03297498     0.03303141    -0.00005643
     0.03437416     0.03450288    -0.00012872
    -0.04795147    -0.04784375    -0.00010772
     0.03979905     0.03982592    -0.00002688
     0.02425329     0.02418502     0.00006827
    -0.04660742    -0.04664182     0.00003441
     0.03416281     0.03421088    -0.00004808
     0.03871364     0.03874150    -0.00002786
    -0.03434744    -0.03438921     0.00004177
     0.03533088     0.03537192    -0.00004104
     0.03760682     0.03763751    -0.00003069
     0.03647929     0.03651423    -0.00003494
    -0.04378470    -0.04380313     0.00001843
     0.03002556     0.02983712     0.00018844
     0.02714268     0.02718137    -0.00003869
     0.03651635     0.03657666    -0.00006031
    -0.03221238    -0.03217714    -0.00003524
     0.03045659     0.03067605    -0.00021946
     0.04490611     0.04477368     0.00013243
     0.03938062     0.03934890     0.00003171
     0.03659915     0.03653696     0.00006219
    -0.03702362    -0.03699562    -0.00002800
    -0.03818362    -0.03821627     0.00003265
    -0.03566161    -0.03559438    -0.00006723
    -0.04568533    -0.04550527    -0.00018006
    -0.03484851    -0.03485500     0.00000649
     0.04146887     0.04146118     0.00000770
    -0.03900845    -0.03898321    -0.00002524
     0.03772959     0.03772142     0.00000817
    -0.03719258    -0.03722917     0.00003659
    -0.03806451    -0.03810881     0.00004430
    -0.03719318    -0.03720631     0.00001313
     0.03749073     0.03756161    -0.00007087
     0.04018376     0.04004739     0.00013638
     0.03565268     0.03564201     0.00001067
     0.04610210     0.04607588     0.00002622
    -0.01728748    -0.01728604    -0.00000143
    -0.00419197    -0.00418295    -0.00000902
    -0.02415280    -0.02418810     0.00003530
     0.01554867     0.01553821     0.00001046
    -0.06052406    -0.06050637    -0.00001768
     0.00945688     0.00965800    -0.00020112
     0.00107719     0.00118213    -0.00010494
    -0.03088201    -0.03083884    -0.00004317
    -0.00264280    -0.00252962    -0.00011317
    -0.00817686    -0.00821744     0.00004058
    -0.00795533    -0.00783581    -0.00011952
     0.01732097     0.01719192     0.00012906
    -0.00852312    -0.00857957     0.00005645
    -0.02377413    -0.02366341    -0.00011072
     0.00057827     0.00040172     0.00017655
     0.00362287     0.00382565    -0.00020278
    -0.01407177    -0.01411020     0.00003843
    -0.00066578    -0.00067898     0.00001319
    -0.01548619    -0.01554486     0.00005867
    -0.00831030    -0.00823973    -0.00007057
    -0.01048746    -0.01058876     0.00010130
    -0.00784700    -0.00795322     0.00010622
     0.01194313     0.01189491     0.00004822
    -0.01701071    -0.01702926     0.00001855
     0.01771992     0.01772828    -0.00000836
    -0.01402820    -0.01409054     0.00006234
     0.00254375     0.00251177     0.00003198
    -0.01164364    -0.01174601     0.00010237
    -0.01992652    -0.02019809     0.00027158
     0.00902762     0.00890464     0.00012298
    -0.01628035    -0.01620681    -0.00007355
    -0.00123281    -0.00125533     0.00002252
     0.02818177     0.02817837     0.00000340
     0.01616340     0.01587294     0.00029046
    -0.01649824    -0.01675340     0.00025516
     0.02778438     0.02792145    -0.00013707
    -0.03239371    -0.03245675     0.00006304
     0.01969873     0.01958207     0.00011667
     0.00431328     0.00413054     0.00018273
     0.01246973     0.01246174     0.00000799
     0.02840741     0.02827751     0.00012989
    -0.00650883    -0.00644795    -0.00006087
    -0.00405031    -0.00409579     0.00004549
    -0.01654798    -0.01654860     0.00000062
    -0.01415583    -0.01409151    -0.00006432
    -0.02600962    -0.02576179    -0.00024783
    -0.01367603    -0.01365690    -0.00001913
    -0.01851661    -0.01843976    -0.00007686
     0.00038322     0.00047527    -0.00009205
     0.00362994     0.00358147     0.00004848
    -0.02020739    -0.02009278    -0.00011461
     0.00372611     0.00369766     0.00002845
    -0.01057728    -0.01053667    -0.00004061
    -0.01095533    -0.01101146     0.00005613
     0.02730608     0.02721255     0.00009353
    -0.02147367    -0.02147756     0.00000388
    -0.01733183    -0.01739827     0.00006644
     0.00005508     0.00000812     0.00004696
     0.00941917     0.00930590     0.00011327
    -0.01970752    -0.01931915    -0.00038837
    -0.00461821    -0.00473275     0.00011454
    -0.01054773    -0.01053767    -0.00001006
    -0.00045536    -0.00062002     0.00016467
    -0.01375873    -0.01371510    -0.00004363
     0.00240810     0.00236417     0.00004393
    -0.01610688    -0.01599212    -0.00011476
    -0.00367697    -0.00377711     0.00010015
    -0.02699193    -0.02698418    -0.00000775
     0.01642659     0.01690204    -0.00047545
     0.02332380     0.02326866     0.00005515
    -0.01398649    -0.01422875     0.00024227
     0.01330242     0.01340142    -0.00009900
    -0.00966045    -0.00961994    -0.00004052
    -0.00610093    -0.00605727    -0.00004366
     0.00206583     0.00195876     0.00010707
     0.01932487     0.01931152     0.00001335
    -0.02683851    -0.02686225     0.00002374
    -0.00373555    -0.00380854     0.00007299
    -0.00003586     0.00007935    -0.00011522
    -0.02179814    -0.02179709    -0.00000105
    -0.01294859    -0.01300972     0.00006113
    -0.05618381    -0.05626289     0.00007908
    -0.00339261    -0.00341135     0.00001874
     0.00048142     0.00045894     0.00002249
    -0.00932289    -0.00928869    -0.00003420
    -0.01279406    -0.01257387    -0.00022019
     0.00169796     0.00167985     0.00001811
    -0.00943329    -0.00931953    -0.00011376
    -0.01676371    -0.01769552     0.00093181
    -0.01351323    -0.01346317    -0.00005006
    -0.00609704    -0.00664517     0.00054813
    -0.00815123    -0.00802018    -0.00013104
    -0.01857618    -0.01860611     0.00002993
     0.01531857     0.01534820    -0.00002963
    -0.00910869    -0.00914736     0.00003868
     0.04130144     0.04127161     0.00002983
     0.03643583     0.03640809     0.00002774
    -0.01269256    -0.01270252     0.00000996
    -0.00919157    -0.00920572     0.00001415
    -0.01584750    -0.01583673    -0.00001077
    -0.00267717    -0.00264389    -0.00003328
     0.03754317     0.03767940    -0.00013623
     0.01935296     0.01944036    -0.00008740
    -0.00380410    -0.00376261    -0.00004149
    -0.00314915    -0.00309182    -0.00005733
    -0.00279763    -0.00276784    -0.00002979
    -0.00405202    -0.00398911    -0.00006291
    -0.00244704    -0.00236698    -0.00008006
    -0.00245675    -0.00237473    -0.00008202
    -0.00325538    -0.00312369    -0.00013169
    -0.01295545    -0.01293465    -0.00002080
    -0.01276592    -0.01275228    -0.00001364
     0.01779317     0.01789815    -0.00010498
    -0.00285075    -0.00267534    -0.00017541
    -0.00260603    -0.00244734    -0.00015869
    -0.00319407    -0.00314397    -0.00005010
    -0.00296718    -0.00281111    -0.00015607
    -0.00338910    -0.00330496    -0.00008414
    -0.00249449    -0.00242385    -0.00007065
    -0.00378489    -0.00373017    -0.00005471
    -0.00273932    -0.00267023    -0.00006909
    -0.00273959    -0.00267023    -0.00006936
    -0.02039983    -0.02038498    -0.00001485
    -0.00351606    -0.00345133    -0.00006473
    -0.00257926    -0.00240520    -0.00017406
    -0.00262587    -0.00259084    -0.00003503
     0.01744231     0.01754742    -0.00010512
     0.00269069     0.00271467    -0.00002398
    -0.01515119    -0.01514068    -0.00001051
    -0.00393980    -0.00385823    -0.00008158
     0.03690449     0.03703669    -0.00013220
    -0.00292441    -0.00276167    -0.00016274
     0.04048801     0.04049704    -0.00000902
    -0.00269733    -0.00252625    -0.00017107
    -0.00394927    -0.00388120    -0.00006807
    -0.00257003    -0.00244076    -0.00012928
    -0.00259910    -0.00254360    -0.00005550
    -0.00256753    -0.00249231    -0.00007522
    -0.00344725    -0.00337049    -0.00007676
    -0.01332133    -0.01331027    -0.00001107
    -0.00390347    -0.00380911    -0.00009437
     0.03749231     0.03754197    -0.00004966
    -0.01775948    -0.01773632    -0.00002316
    -0.00315358    -0.00308593    -0.00006765
    -0.00199201    -0.00184349    -0.00014852
    -0.00199201    -0.00184349    -0.00014852
    -0.00347993    -0.00336371    -0.00011622
    -0.00271221    -0.00267023    -0.00004199
    -0.00265172    -0.00259432    -0.00005741
    -0.00306022    -0.00292369    -0.00013653
    -0.00321677    -0.00316291    -0.00005386
    -0.01715825    -0.01714697    -0.00001128
    -0.00263156    -0.00250653    -0.00012503
    -0.01538306    -0.01537104    -0.00001202
    -0.00263926    -0.00251218    -0.00012708
    -0.00364665    -0.00359171    -0.00005494
     0.03705557     0.03714477    -0.00008920
    -0.00276800    -0.00260631    -0.00016169
    -0.00358213    -0.00352203    -0.00006011
    -0.00285145    -0.00280668    -0.00004478
    -0.00308757    -0.00303065    -0.00005692
    -0.00262895    -0.00257841    -0.00005053
    -0.00262895    -0.00257841    -0.00005053
    -0.00311361    -0.00306474    -0.00004887
    -0.01544627    -0.01557819     0.00013192
    -0.00306397    -0.00300847    -0.00005550
    -0.00217294    -0.00206195    -0.00011099
    -0.00217294    -0.00206195    -0.00011099
    -0.00303366    -0.00298378    -0.00004988
    -0.00351892    -0.00345329    -0.00006564
    -0.00346673    -0.00340511    -0.00006162
    -0.00257597    -0.00245084    -0.00012513
    -0.00257597    -0.00245084    -0.00012513
    -0.00293750    -0.00286963    -0.00006787
    -0.02370593    -0.02393363     0.00022770
    -0.00261063    -0.00249342    -0.00011721
    -0.00288784    -0.00280122    -0.00008662
    -0.00264465    -0.00253542    -0.00010922
    -0.00296321    -0.00283621    -0.00012700
    -0.00291763    -0.00283190    -0.00008574
    -0.00234271    -0.00226514    -0.00007757
    -0.00234271    -0.00226514    -0.00007757
    -0.00271240    -0.00261728    -0.00009513
    -0.00342896    -0.00336386    -0.00006510
    -0.00249928    -0.00244101    -0.00005827
    -0.00249928    -0.00244101    -0.00005827
    -0.00307551    -0.00299449    -0.00008102
     0.04137304     0.04142920    -0.00005616
    -0.00332316    -0.00323331    -0.00008985
    -0.00300240    -0.00289576    -0.00010663
    -0.00335032    -0.00328564    -0.00006468
    -0.00296310    -0.00290188    -0.00006123
     0.03809553     0.03808549     0.00001005
     0.03040894     0.03053004    -0.00012110
    -0.00324398    -0.00314894    -0.00009504
    -0.00307834    -0.00300294    -0.00007541
    -0.00330665    -0.00323591    -0.00007073
     0.01038182     0.01055963    -0.00017781
    -0.00316466    -0.00308801    -0.00007665
     0.02604674     0.02596886     0.00007787
    -0.00466852    -0.00466052    -0.00000801
    -0.04028602    -0.04028993     0.00000391
    -0.00567904    -0.00567878    -0.00000027
    -0.02990352    -0.02996262     0.00005910
    -0.00522388    -0.00523236     0.00000848
    -0.00522361    -0.00523236     0.00000875
    -0.00688524    -0.00690354     0.00001830
    -0.00688524    -0.00690354     0.00001830
    -0.00709327    -0.00710809     0.00001482
    -0.02230768    -0.02233134     0.00002366
    -0.00544524    -0.00546116     0.00001592
    -0.00544522    -0.00546116     0.00001594
    -0.00654896    -0.00657123     0.00002227
    -0.00654896    -0.00657123     0.00002227
    -0.00568707    -0.00570830     0.00002123
    -0.00568707    -0.00570830     0.00002123
    -0.00597565    -0.00599169     0.00001604
    -0.00623780    -0.00626212     0.00002432
    -0.00623780    -0.00626212     0.00002432
    -0.00595102    -0.00597489     0.00002387
    -0.00592076    -0.00593693     0.00001616
    -0.00592076    -0.00593693     0.00001616
    -0.00606656    -0.00609160     0.00002504
    -0.02093356    -0.02090323    -0.00003033
     0.00597323     0.00578382     0.00018941
    -0.02593732    -0.02602827     0.00009095
    -0.02021724    -0.02017682    -0.00004043
    -0.02021493    -0.02017370    -0.00004123
    -0.02371293    -0.02379342     0.00008049
    -0.02061600    -0.02058336    -0.00003264
    -0.00377030    -0.00367836    -0.00009194
    -0.03242063    -0.03238804    -0.00003258
    -0.02241211    -0.02239193    -0.00002019
    -0.03028290    -0.03033007     0.00004717
    -0.02438592    -0.02437167    -0.00001424
    -0.03045909    -0.03050124     0.00004215
    -0.02778742    -0.02777525    -0.00001217
    -0.01895763    -0.01891492    -0.00004271
    -0.02107397    -0.02108469     0.00001072
    -0.02107397    -0.02108469     0.00001072
    -0.02107397    -0.02108469     0.00001072
    -0.02107397    -0.02108469     0.00001072
    -0.02107397    -0.02108469     0.00001072
    -0.02107397    -0.02108469     0.00001072
    -0.02107397    -0.02108469     0.00001072
    -0.02107397    -0.02108469     0.00001072
    -0.02107397    -0.02108469     0.00001072
    -0.02107397    -0.02108469     0.00001072
    -0.02107397    -0.02108469     0.00001072
    -0.02107397    -0.02108469     0.00001072
    -0.03008572    -0.03015548     0.00006976
    -0.02450617    -0.02449732    -0.00000884
    -0.03095829    -0.03098700     0.00002871
    -0.02231595    -0.02229766    -0.00001829
    -0.02256210    -0.02255831    -0.00000379
    -0.02717389    -0.02729504     0.00012115
    -0.02328584    -0.02329566     0.00000982
    -0.02057867    -0.02063624     0.00005758
     0.01825979     0.01826948    -0.00000968
    -0.02707334    -0.02711785     0.00004451
    -0.02464524    -0.02464785     0.00000261
    -0.03288330    -0.03287256    -0.00001074
    -0.03288330    -0.03287256    -0.00001074
    -0.03288330    -0.03287256    -0.00001074
    -0.03288330    -0.03287256    -0.00001074
    -0.03288330    -0.03287256    -0.00001074
    -0.03288330    -0.03287256    -0.00001074
    -0.03288330    -0.03287256    -0.00001074
    -0.03288330    -0.03287256    -0.00001074
    -0.03288330    -0.03287256    -0.00001074
    -0.03288330    -0.03287256    -0.00001074
    -0.03288330    -0.03287256    -0.00001074
    -0.03288330    -0.03287256    -0.00001074
    -0.02718913    -0.02723089     0.00004176
    -0.03162877    -0.03166331     0.00003453
    -0.03156888    -0.03158997     0.00002109
     0.00941201     0.00947789    -0.00006588
    -0.02914250    -0.02914941     0.00000691
    -0.02386079    -0.02386395     0.00000316
    -0.02647268    -0.02650445     0.00003178
    -0.02647268    -0.02650445     0.00003178
    -0.02647268    -0.02650445     0.00003178
    -0.02647268    -0.02650445     0.00003178
    -0.02647268    -0.02650445     0.00003178
    -0.02647268    -0.02650445     0.00003178
    -0.02647295    -0.02650445     0.00003150
    -0.02647295    -0.02650445     0.00003150
    -0.02647295    -0.02650445     0.00003150
    -0.02647295    -0.02650445     0.00003150
    -0.02647295    -0.02650445     0.00003150
    -0.02647295    -0.02650445     0.00003150
    -0.02403258    -0.02403526     0.00000268
    -0.03422022    -0.03419729    -0.00002294
    -0.02436627    -0.02437060     0.00000433
    -0.03475754    -0.03472318    -0.00003436
    -0.03230936    -0.03233840     0.00002905
     0.00135031     0.00132731     0.00002300
    -0.02662030    -0.02665173     0.00003143
    -0.02532545    -0.02533718     0.00001174
    -0.03357673    -0.03357932     0.00000260
    -0.00040003    -0.00050134     0.00010130
    -0.00040003    -0.00050134     0.00010130
    -0.00040003    -0.00050134     0.00010130
    -0.00039976    -0.00050134     0.00010157
    -0.00186711    -0.00199281     0.00012570
    -0.00151086    -0.00167110     0.00016024
    -0.00093066    -0.00107139     0.00014074
    -0.00108421    -0.00123947     0.00015526
    -0.00025527    -0.00039831     0.00014304
    -0.00133382    -0.00142957     0.00009575
    -0.00095049    -0.00108635     0.00013585
    -0.00180771    -0.00195598     0.00014828
    -0.00113471    -0.00124683     0.00011212
    -0.00134966    -0.00145159     0.00010193
    -0.00142073    -0.00158189     0.00016115
    -0.00178765    -0.00193503     0.00014738
    -0.00172224    -0.00187972     0.00015749
    -0.00098432    -0.00112363     0.00013932
    -0.00143932    -0.00160063     0.00016131
    -0.00101722    -0.00114831     0.00013110
    -0.00101722    -0.00114831     0.00013110
    -0.00101722    -0.00114831     0.00013110
    -0.00101722    -0.00114831     0.00013110
    -0.00101722    -0.00114831     0.00013110
    -0.00101722    -0.00114831     0.00013110
    -0.00101722    -0.00114831     0.00013110
    -0.00101722    -0.00114831     0.00013110
    -0.00101722    -0.00114831     0.00013110
    -0.00101722    -0.00114831     0.00013110
    -0.00101722    -0.00114831     0.00013110
    -0.00101722    -0.00114831     0.00013110
    -0.00061898    -0.00077940     0.00016043
    -0.00147769    -0.00159548     0.00011779
    -0.00145290    -0.00161486     0.00016196
    -0.00102946    -0.00117942     0.00014996
    -0.00051879    -0.00063357     0.00011479
    -0.00051879    -0.00063357     0.00011479
    -0.00051879    -0.00063357     0.00011479
    -0.00051879    -0.00063357     0.00011479
    -0.00051879    -0.00063357     0.00011479
    -0.00051879    -0.00063357     0.00011479
    -0.00051879    -0.00063357     0.00011479
    -0.00051879    -0.00063357     0.00011479
    -0.00051879    -0.00063357     0.00011479
    -0.00051879    -0.00063357     0.00011479
    -0.00051879    -0.00063357     0.00011479
    -0.00051879    -0.00063357     0.00011479
    -0.00035742    -0.00051080     0.00015338
    -0.00113828    -0.00126209     0.00012381
    -0.00125439    -0.00141781     0.00016342
    -0.00160800    -0.00177039     0.00016238
    -0.00150874    -0.00163292     0.00012419
    -0.00145004    -0.00157245     0.00012240
    -0.00131684    -0.00143415     0.00011731
    -0.00083163    -0.00095626     0.00012463
    -0.00104519    -0.00119439     0.00014920
    -0.00083136    -0.00095626     0.00012490
    -0.00083136    -0.00095626     0.00012490
    -0.00083136    -0.00095626     0.00012490
    -0.00083136    -0.00095626     0.00012490
    -0.00083136    -0.00095626     0.00012490
    -0.00083136    -0.00095626     0.00012490
    -0.00083136    -0.00095626     0.00012490
    -0.00083136    -0.00095626     0.00012490
    -0.00083136    -0.00095626     0.00012490
    -0.00083136    -0.00095626     0.00012490
    -0.00083136    -0.00095626     0.00012490
    -0.00164901    -0.00180425     0.00015524
    -0.00158286    -0.00171726     0.00013440
    -0.00130949    -0.00147455     0.00016506
    -0.00066401    -0.00078485     0.00012083
    -0.00066401    -0.00078485     0.00012083
    -0.00066401    -0.00078485     0.00012083
    -0.00066401    -0.00078485     0.00012083
    -0.00066401    -0.00078485     0.00012083
    -0.00066401    -0.00078485     0.00012083
    -0.00066401    -0.00078485     0.00012083
    -0.00066374    -0.00078485     0.00012111
    -0.00066374    -0.00078485     0.00012111
    -0.00066374    -0.00078485     0.00012111
    -0.00066374    -0.00078485     0.00012111
    -0.00066374    -0.00078485     0.00012111
    -0.00117882    -0.00130838     0.00012956
    -0.00162283    -0.00176624     0.00014341
    -0.00142816    -0.00155851     0.00013035
    -0.00047582    -0.00063779     0.00016198
    -0.00108029    -0.00122341     0.00014312
    -0.00112642    -0.00128446     0.00015804
    -0.01937192    -0.01922769    -0.00014423
    -0.00128255    -0.00144765     0.00016510
    -0.00114748    -0.00130948     0.00016200
    -0.00122666    -0.00139097     0.00016431
    -0.00136468    -0.00150020     0.00013552
    -0.00126288    -0.00140062     0.00013774
    -0.00144209    -0.00159023     0.00014813
    -0.00131396    -0.00146036     0.00014641
    -0.00131279    -0.00147525     0.00016247
    -0.00124405    -0.00140644     0.00016239
    -0.00119613    -0.00135340     0.00015727
    -0.06867857    -0.06874357     0.00006500
    -0.00045857    -0.00042468    -0.00003389
    -0.00045838    -0.00042607    -0.00003231
    -0.00021856    -0.00018816    -0.00003041
    -0.00021824    -0.00018819    -0.00003004
    -0.00045982    -0.00042431    -0.00003551
    -0.00141635    -0.00140965    -0.00000671
    -0.00022357    -0.00018787    -0.00003570
    -0.00046118    -0.00042425    -0.00003693
    -0.00021807    -0.00018822    -0.00002985
    -0.00022047    -0.00018808    -0.00003238
    -0.00022349    -0.00018791    -0.00003558
    -0.00022172    -0.00018804    -0.00003368
    -0.00022234    -0.00018800    -0.00003434
    -0.00165380    -0.00165210    -0.00000170
    -0.00021824    -0.00018828    -0.00002995
    -0.00021859    -0.00018832    -0.00003027
    -0.00946407    -0.00946760     0.00000353
    -0.00021913    -0.00018834    -0.00003079
    -0.00021949    -0.00018839    -0.00003109
    -0.00021946    -0.00018842    -0.00003104
    -0.00138438    -0.00136037    -0.00002401
    -0.00138438    -0.00136037    -0.00002401
    -0.00138438    -0.00136037    -0.00002401
    -0.00138438    -0.00136037    -0.00002401
    -0.00138438    -0.00136037    -0.00002401
    -0.00138438    -0.00136037    -0.00002401
    -0.00138438    -0.00136037    -0.00002401
    -0.00138438    -0.00136037    -0.00002401
    -0.00138438    -0.00136037    -0.00002401
    -0.00138438    -0.00136037    -0.00002401
    -0.00138438    -0.00136037    -0.00002401
    -0.00138438    -0.00136037    -0.00002401
    -0.00278930    -0.00278402    -0.00000528
    -0.00186991    -0.00184502    -0.00002489
    -0.00181111    -0.00184606     0.00003495
    -0.00215033    -0.00214464    -0.00000568
    -0.00045272    -0.00042519    -0.00002753
    -0.00211794    -0.00211464    -0.00000330
    -0.00179432    -0.00179508     0.00000077
    -0.00209294    -0.00208873    -0.00000420
    -0.00155083    -0.00159082     0.00003998
    -0.00190442    -0.00190665     0.00000223
    -0.00157491    -0.00158502     0.00001011
    -0.00219590    -0.00218578    -0.00001013
    -0.00206056    -0.00205843    -0.00000212
    -0.00188265    -0.00188342     0.00000077
    -0.00197111    -0.00197129     0.00000018
    -0.00082600    -0.00080243    -0.00002358
    -0.00082600    -0.00080243    -0.00002358
    -0.00082600    -0.00080243    -0.00002358
    -0.00082600    -0.00080243    -0.00002358
    -0.00082600    -0.00080243    -0.00002358
    -0.00082600    -0.00080243    -0.00002358
    -0.00082600    -0.00080243    -0.00002358
    -0.00082600    -0.00080243    -0.00002358
    -0.00082600    -0.00080243    -0.00002358
    -0.00082600    -0.00080243    -0.00002358
    -0.00082600    -0.00080243    -0.00002358
    -0.00082600    -0.00080243    -0.00002358
    -0.00192357    -0.00193804     0.00001446
     0.00718840     0.00725937    -0.00007096
    -0.00252018    -0.00251493    -0.00000525
    -0.00188801    -0.00190738     0.00001938
    -0.00160446    -0.00163630     0.00003183
    -0.00155429    -0.00156814     0.00001385
    -0.01334618    -0.01341862     0.00007245
    -0.00252209    -0.00248886    -0.00003323
    -0.00177982    -0.00175014    -0.00002968
    -0.00187059    -0.00184313    -0.00002746
    -0.01364572    -0.01353518    -0.00011054
    -0.00209558    -0.00208122    -0.00001435
    -0.00211525    -0.00209942    -0.00001583
    -0.00199797    -0.00197645    -0.00002152
    -0.03537774    -0.03533343    -0.00004431
    -0.00238026    -0.00236149    -0.00001877
    -0.00394056    -0.00390344    -0.00003712
    -0.00200654    -0.00199798    -0.00000857
    -0.00111523    -0.00110516    -0.00001007
    -0.00111523    -0.00110516    -0.00001007
    -0.00111523    -0.00110516    -0.00001007
    -0.00111523    -0.00110516    -0.00001007
    -0.00111523    -0.00110516    -0.00001007
    -0.00111523    -0.00110516    -0.00001007
    -0.00111523    -0.00110516    -0.00001007
    -0.00111523    -0.00110516    -0.00001007
    -0.00111523    -0.00110516    -0.00001007
    -0.00111523    -0.00110516    -0.00001007
    -0.00111523    -0.00110516    -0.00001007
    -0.00111523    -0.00110516    -0.00001007
    -0.00184311    -0.00184597     0.00000286
    -0.00189266    -0.00188955    -0.00000312
    -0.01391974    -0.01395981     0.00004007
    -0.02772108    -0.02869053     0.00096945
    -0.00198850    -0.00207032     0.00008182
    -0.00579676    -0.00576056    -0.00003620
    -0.00402397    -0.00396254    -0.00006143
    -0.03021460    -0.03019588    -0.00001872
    -0.00222037    -0.00221145    -0.00000892
    -0.01577618    -0.01584700     0.00007082
    -0.00427036    -0.00419479    -0.00007557
    -0.00529090    -0.00530321     0.00001231
    -0.01538461    -0.01534032    -0.00004429
    -0.00476071    -0.00478999     0.00002927
    -0.01532412    -0.01534242     0.00001830
    -0.00989474    -0.00980008    -0.00009466
    -0.00509329    -0.00510234     0.00000904
    -0.00516589    -0.00507233    -0.00009356
    -0.00050556    -0.00050785     0.00000229
    -0.03099693    -0.03104506     0.00004814
    -0.00445595    -0.00450277     0.00004682
    -0.01338348    -0.01332689    -0.00005660
    -0.00477709    -0.00481064     0.00003354
    -0.00298716    -0.00289614    -0.00009102
    -0.01142043    -0.01137727    -0.00004315
    -0.00049185    -0.00046199    -0.00002986
    -0.00832772    -0.00824969    -0.00007803
    -0.01302927    -0.01296915    -0.00006012
    -0.00024166    -0.00022528    -0.00001639
     0.01531492     0.01513837     0.00017655
     0.02680221     0.02828439    -0.00148219
    -0.00045269    -0.00044197    -0.00001072
    -0.00051326    -0.00047794    -0.00003533
    -0.00532121    -0.00534722     0.00002600
    -0.00909549    -0.00912235     0.00002686
    -0.03083627    -0.03083235    -0.00000392
    -0.03083630    -0.03083235    -0.00000395
    -0.00524856    -0.00533655     0.00008799
    -0.00057138    -0.00047155    -0.00009984
    -0.00494953    -0.00501322     0.00006369
    -0.00054425    -0.00048932    -0.00005493
     0.02502721     0.02497267     0.00005454
    -0.00027979    -0.00030756     0.00002777
    -0.01355884    -0.01350291    -0.00005593
    -0.00489002    -0.00498537     0.00009535
    -0.00492015    -0.00501890     0.00009876
    -0.00045576    -0.00045855     0.00000279
    -0.00052842    -0.00048834    -0.00004008
    -0.00914556    -0.00923403     0.00008847
    -0.00542979    -0.00547987     0.00005009
    -0.00053859    -0.00048455    -0.00005404
    -0.00477609    -0.00475687    -0.00001921
     0.01636115     0.01636536    -0.00000421
    -0.00535594    -0.00540065     0.00004471
     0.01972975     0.01955233     0.00017742
    -0.00517618    -0.00526514     0.00008896
    -0.00051813    -0.00047482    -0.00004331
    -0.01068994    -0.01063402    -0.00005592
    -0.01379367    -0.01376149    -0.00003218
    -0.00023358    -0.00023662     0.00000304
    -0.00756259    -0.00745965    -0.00010294
    -0.00517648    -0.00526015     0.00008367
    -0.00445216    -0.00438408    -0.00006809
    -0.00509299    -0.00517770     0.00008470
    -0.01005202    -0.01013263     0.00008061
    -0.01661269    -0.01660415    -0.00000853
    -0.00063052    -0.00054883    -0.00008169
    -0.00957335    -0.00950344    -0.00006991
    -0.02398564    -0.02423551     0.00024987
    -0.00052053    -0.00049260    -0.00002793
    -0.02691750    -0.02695645     0.00003895
     0.00017745     0.00019962    -0.00002218
    -0.02146557    -0.02157006     0.00010450
    -0.00049098    -0.00046049    -0.00003048
    -0.00620860    -0.00611254    -0.00009607
     0.00137676     0.00143906    -0.00006230
     0.00013717     0.00012407     0.00001310
    -0.01242330    -0.01238893    -0.00003437
    -0.04753922    -0.04756440     0.00002518
    -0.01299118    -0.01304578     0.00005460
    -0.00057824    -0.00058798     0.00000974
    -0.00351620    -0.00341650    -0.00009971
    -0.01120159    -0.01123133     0.00002973
    -0.03193588    -0.03192141    -0.00001447
    -0.03193615    -0.03192141    -0.00001474
    -0.00672676    -0.00666579    -0.00006097
    -0.02419748    -0.02438418     0.00018670
    -0.00481954    -0.00475951    -0.00006003
    -0.01104975    -0.01106238     0.00001262
    -0.00597842    -0.00593270    -0.00004573
    -0.00582076    -0.00576385    -0.00005691
     0.00568759     0.00570985    -0.00002226
    -0.00223795    -0.00217774    -0.00006021
    -0.03304956    -0.03303351    -0.00001605
    -0.03304956    -0.03303351    -0.00001605
    -0.06441868    -0.06437727    -0.00004141
    -0.01309605    -0.01308331    -0.00001274
    -0.00439894    -0.00434566    -0.00005327
    -0.00728862    -0.00723623    -0.00005239
    -0.00187353    -0.00182346    -0.00005007
    -0.00616550    -0.00612181    -0.00004369
    -0.00272778    -0.00268212    -0.00004566
    -0.00283907    -0.00279224    -0.00004683
    -0.03417336    -0.03416589    -0.00000748
    -0.03417364    -0.03416589    -0.00000775
     0.00494888     0.00486224     0.00008664
    -0.03530332    -0.03531465     0.00001133
    -0.03530359    -0.03531465     0.00001106
     0.03424629     0.03451089    -0.00026460
    -0.00310436    -0.00307889    -0.00002547
     0.00495917     0.00488066     0.00007851
    -0.00247760    -0.00221750    -0.00026010
    -0.00212924    -0.00191629    -0.00021294
    -0.02203782    -0.02214437     0.00010654
    -0.00126756    -0.00112650    -0.00014106
     0.02911722     0.02927408    -0.00015687
    -0.00194025    -0.00169323    -0.00024703
    -0.00090562    -0.00067297    -0.00023265
     0.00222635     0.00241628    -0.00018992
    -0.00090589    -0.00067297    -0.00023292
    -0.00180844    -0.00164297    -0.00016547
    -0.01201981    -0.01183452    -0.00018530
     0.02159692     0.02164289    -0.00004598
    -0.00156857    -0.00143000    -0.00013858
    -0.00130332    -0.00114167    -0.00016165
    -0.00173448    -0.00158781    -0.00014667
    -0.03159149    -0.03155165    -0.00003984
    -0.02190288    -0.02184556    -0.00005732
    -0.00129635    -0.00115618    -0.00014017
    -0.00138384    -0.00114750    -0.00023634
    -0.02775189    -0.02767309    -0.00007880
    -0.02616971    -0.02609631    -0.00007340
    -0.00224472    -0.00204609    -0.00019863
    -0.01865145    -0.01843949    -0.00021196
    -0.00189742    -0.00164888    -0.00024854
    -0.00195470    -0.00171257    -0.00024213
    -0.00051952    -0.00035347    -0.00016605
    -0.00051952    -0.00035347    -0.00016605
    -0.00116748    -0.00099647    -0.00017100
    -0.00135211    -0.00113373    -0.00021838
    -0.00134607    -0.00117674    -0.00016933
    -0.00130985    -0.00109535    -0.00021450
     0.01851672     0.01698016     0.00153656
    -0.00129572    -0.00109159    -0.00020413
    -0.00111033    -0.00094038    -0.00016995
    -0.00111033    -0.00094038    -0.00016995
     0.02852711     0.02848793     0.00003919
    -0.00190697    -0.00166618    -0.00024080
    -0.00132838    -0.00114336    -0.00018502
    -0.00132838    -0.00114336    -0.00018502
    -0.02293240    -0.02290065    -0.00003174
    -0.00180689    -0.00155844    -0.00024846
    -0.00120590    -0.00103474    -0.00017115
    -0.00076608    -0.00061089    -0.00015520
    -0.00076608    -0.00061089    -0.00015520
    -0.00122615    -0.00105303    -0.00017311
    -0.00156593    -0.00133467    -0.00023127
    -0.00156593    -0.00133467    -0.00023127
    -0.02610625    -0.02589638    -0.00020988
    -0.00127978    -0.00110307    -0.00017671
    -0.00227893    -0.00204662    -0.00023231
    -0.00145320    -0.00122632    -0.00022687
    -0.00142030    -0.00119588    -0.00022441
    -0.00120838    -0.00103421    -0.00017417
    -0.00210943    -0.00191466    -0.00019477
    -0.00171464    -0.00154996    -0.00016468
    -0.01077672    -0.01054173    -0.00023498
    -0.00168741    -0.00149631    -0.00019110
    -0.00205922    -0.00186384    -0.00019538
    -0.00141989    -0.00120511    -0.00021478
    -0.00092960    -0.00076367    -0.00016592
    -0.00092960    -0.00076367    -0.00016592
    -0.00064118    -0.00046406    -0.00017712
    -0.00064118    -0.00046406    -0.00017712
    -0.00134307    -0.00114704    -0.00019603
    -0.00156289    -0.00132692    -0.00023596
    -0.00157973    -0.00134232    -0.00023741
    -0.00175097    -0.00157849    -0.00017248
    -0.00164305    -0.00142246    -0.00022059
    -0.00196344    -0.00177186    -0.00019158
    -0.00170177    -0.00145507    -0.00024670
    -0.00164637    -0.00140342    -0.00024295
    -0.00152664    -0.00129492    -0.00023172
    -0.00174428    -0.00154669    -0.00019758
    -0.00173157    -0.00148326    -0.00024831
    -0.00163628    -0.00144485    -0.00019142
    -0.00160659    -0.00143585    -0.00017074
    -0.00173802    -0.00149703    -0.00024099
    -0.00156885    -0.00133557    -0.00023328
    -0.00133543    -0.00111173    -0.00022370
    -0.00133543    -0.00111173    -0.00022370
    -0.00200619    -0.00178659    -0.00021960
    -0.00170180    -0.00149667    -0.00020513
    -0.02108915    -0.02101246    -0.00007669
    -0.00158079    -0.00140385    -0.00017694
    -0.00206175    -0.00182409    -0.00023766
    -0.00078750    -0.00059299    -0.00019451
    -0.00078750    -0.00059299    -0.00019451
    -0.00203775    -0.00180433    -0.00023342
    -0.00112974    -0.00091479    -0.00021494
    -0.00112974    -0.00091479    -0.00021494
    -0.02018405    -0.02003513    -0.00014891
    -0.00095294    -0.00074251    -0.00021043
    -0.00095294    -0.00074251    -0.00021043
    -0.01547917    -0.01539403    -0.00008514
    -0.00175127    -0.00153518    -0.00021609
    -0.00146963    -0.00126471    -0.00020492
    -0.02002929    -0.01994653    -0.00008276
    -0.00159769    -0.00138004    -0.00021765
    -0.02296943    -0.02298363     0.00001420
    -0.00067710    -0.00070002     0.00002292
    -0.02257372    -0.02260593     0.00003221
    -0.00503560    -0.00505785     0.00002225
    -0.01390488    -0.01387050    -0.00003438
    -0.01062629    -0.01054353    -0.00008276
    -0.02215948    -0.02225481     0.00009532
    -0.02215921    -0.02225481     0.00009559
    -0.01686107    -0.01684067    -0.00002041
    -0.00716971    -0.00695309    -0.00021662
    -0.01944836    -0.01942164    -0.00002672
    -0.00475301    -0.00477770     0.00002469
    -0.01291246    -0.01296971     0.00005725
    -0.00742397    -0.00738267    -0.00004130
    -0.00255118    -0.00255960     0.00000842
    -0.00468240    -0.00476673     0.00008433
    -0.02132730    -0.02137179     0.00004448
    -0.01751698    -0.01758120     0.00006422
    -0.03069156    -0.03069645     0.00000490
    -0.02130984    -0.02135933     0.00004949
    -0.00987028    -0.00990569     0.00003541
    -0.00274645    -0.00278794     0.00004149
    -0.00634047    -0.00631351    -0.00002696
    -0.00851286    -0.00843637    -0.00007649
    -0.00359413    -0.00366144     0.00006731
    -0.01710336    -0.01703255    -0.00007081
    -0.00309315    -0.00307357    -0.00001958
    -0.01664077    -0.01658012    -0.00006065
    -0.00281194    -0.00289542     0.00008347
    -0.01643696    -0.01639162    -0.00004534
    -0.00886599    -0.00882673    -0.00003925
    -0.02188906    -0.02193638     0.00004732
    -0.02911967    -0.02911430    -0.00000537
    -0.00435301    -0.00440472     0.00005172
    -0.01733686    -0.01736807     0.00003120
    -0.00261224    -0.00264446     0.00003222
    -0.00178765    -0.00179961     0.00001196
    -0.00178765    -0.00179961     0.00001196
    -0.00178765    -0.00179961     0.00001196
    -0.00178765    -0.00179961     0.00001196
    -0.00178765    -0.00179961     0.00001196
    -0.00178765    -0.00179961     0.00001196
    -0.00178765    -0.00179961     0.00001196
    -0.00178765    -0.00179961     0.00001196
    -0.00178765    -0.00179961     0.00001196
    -0.00178765    -0.00179961     0.00001196
    -0.00178765    -0.00179961     0.00001196
    -0.00178765    -0.00179961     0.00001196
    -0.01818918    -0.01813500    -0.00005418
    -0.02257250    -0.02275055     0.00017805
    -0.00350728    -0.00355927     0.00005200
    -0.00317481    -0.00316589    -0.00000892
    -0.01994097    -0.01990429    -0.00003667
    -0.02640394    -0.02641665     0.00001271
    -0.03654217    -0.03660417     0.00006200
    -0.02491801    -0.02490643    -0.00001159
    -0.01428160    -0.01430875     0.00002715
    -0.00830870    -0.00834747     0.00003877
    -0.02754990    -0.02753567    -0.00001422
    -0.00351666    -0.00352506     0.00000840
    -0.02514811    -0.02506063    -0.00008748
    -0.00794311    -0.00792230    -0.00002081
    -0.00400301    -0.00403229     0.00002928
    -0.01974145    -0.01969337    -0.00004808
    -0.01592125    -0.01593866     0.00001741
    -0.00371416    -0.00372184     0.00000768
    -0.02060645    -0.02062269     0.00001624
    -0.00325723    -0.00326086     0.00000363
    -0.01234741    -0.01238196     0.00003454
    -0.00342295    -0.00345799     0.00003504
    -0.02598238    -0.02596049    -0.00002189
    -0.00340836    -0.00343459     0.00002622
    -0.02129691    -0.02125513    -0.00004178
    -0.01522594    -0.01528691     0.00006097
    -0.02441778    -0.02438870    -0.00002909
    -0.02285577    -0.02282025    -0.00003552
    -0.00374529    -0.00377980     0.00003450
    -0.04098878    -0.04111117     0.00012239
    -0.00285815    -0.00289480     0.00003665
    -0.01706072    -0.01704587    -0.00001486
    -0.00845768    -0.00844225    -0.00001542
    -0.00344708    -0.00349413     0.00004705
    -0.00320768    -0.00326297     0.00005529
    -0.02018862    -0.02019825     0.00000963
    -0.02196460    -0.02191179    -0.00005281
    -0.02034555    -0.02030253    -0.00004301
    -0.01988842    -0.01988541    -0.00000302
    -0.01976594    -0.01971070    -0.00005525
    -0.03156026    -0.03155654    -0.00000371
    -0.01933951    -0.01936830     0.00002879
    -0.01673612    -0.01673551    -0.00000061
    -0.01806735    -0.01787361    -0.00019375
    -0.01760305    -0.01756684    -0.00003620
    -0.01732739    -0.01733254     0.00000515
    -0.02862088    -0.02841832    -0.00020256
    -0.02564458    -0.02560168    -0.00004290
    -0.01454163    -0.01451282    -0.00002881
    -0.03050184    -0.03020850    -0.00029335
    -0.01708263    -0.01711757     0.00003494
    -0.01923418    -0.01925394     0.00001977
    -0.01835677    -0.01842567     0.00006889
    -0.01837977    -0.01841287     0.00003310
     0.01179682     0.01183506    -0.00003825
     0.00131502     0.00129131     0.00002370
     0.03735217     0.03732951     0.00002266
    -0.00050839    -0.00050296    -0.00000543
    -0.00088244    -0.00085362    -0.00002882
     0.03288586     0.03295810    -0.00007225
    -0.01831236    -0.01822803    -0.00008433
     0.00115150     0.00115703    -0.00000552
    -0.00134925    -0.00135536     0.00000611
     0.01254445     0.01262740    -0.00008295
     0.00122982     0.00122037     0.00000945
    -0.00049974    -0.00048581    -0.00001393
    -0.00749246    -0.00753966     0.00004720
     0.01751494     0.01761221    -0.00009728
     0.03938440     0.03938966    -0.00000526
     0.02138565     0.02132289     0.00006276
     0.01697014     0.01708070    -0.00011056
    -0.00543972    -0.00533722    -0.00010250
     0.03540631     0.03546942    -0.00006311
     0.00010822     0.00022587    -0.00011765
     0.04154210     0.04150602     0.00003608
    -0.00492224    -0.00481327    -0.00010897
    -0.00008999    -0.00006893    -0.00002105
    -0.00010052    -0.00009745    -0.00000306
    -0.01298334    -0.01292987    -0.00005347
    -0.01801462    -0.01794082    -0.00007379
    -0.00585347    -0.00578398    -0.00006949
    -0.00088655    -0.00089748     0.00001093
     0.03207958     0.03205943     0.00002015
    -0.00703480    -0.00705118     0.00001638
    -0.00580533    -0.00573090    -0.00007443
    -0.01757292    -0.01746725    -0.00010568
     0.00068173     0.00072362    -0.00004189
    -0.00168128    -0.00164270    -0.00003858
    -0.00665416    -0.00664413    -0.00001004
     0.03224960     0.03225633    -0.00000673
    -0.00660159    -0.00658726    -0.00001433
    -0.00619247    -0.00614737    -0.00004510
     0.03741979     0.03745362    -0.00003382
    -0.00116070    -0.00115237    -0.00000833
    -0.02565163    -0.02637361     0.00072198
    -0.00098078    -0.00098781     0.00000703
    -0.00096845    -0.00097697     0.00000852
    -0.00957961    -0.00949950    -0.00008010
    -0.02000342    -0.01991113    -0.00009229
    -0.00058352    -0.00056498    -0.00001855
    -0.00120353    -0.00119192    -0.00001161
     0.02422763     0.02428419    -0.00005656
     0.03450088     0.03450692    -0.00000604
    -0.00091468    -0.00087183    -0.00004285
    -0.00102024    -0.00102558     0.00000535
    -0.00137088    -0.00134569    -0.00002520
    -0.00183323    -0.00176016    -0.00007307
    -0.01100984    -0.01104888     0.00003905
     0.00152629     0.00155646    -0.00003018
     0.02165313     0.02182376    -0.00017063
    -0.00080769    -0.00080490    -0.00000279
    -0.00111322    -0.00111032    -0.00000290
    -0.02222762    -0.02216011    -0.00006751
    -0.00087199    -0.00085321    -0.00001878
     0.01938389     0.01963555    -0.00025165
    -0.00162308    -0.00157457    -0.00004851
    -0.00184539    -0.00176563    -0.00007976
    -0.00175987    -0.00169361    -0.00006626
    -0.00094647    -0.00095689     0.00001042
    -0.05111599    -0.05112975     0.00001376
    -0.00120293    -0.00119000    -0.00001293
     0.04098225     0.04095940     0.00002285
    -0.00135581    -0.00132817    -0.00002764
    -0.00163791    -0.00158152    -0.00005639
     0.02642392     0.02633715     0.00008677
    -0.00168610    -0.00162424    -0.00006186
    -0.00061280    -0.00058800    -0.00002480
    -0.02224114    -0.02215961    -0.00008153
     0.04056690     0.04052566     0.00004123
    -0.00429162    -0.00421164    -0.00007998
    -0.00142487    -0.00138488    -0.00003999
    -0.00153382    -0.00148738    -0.00004644
     0.00116165     0.00118652    -0.00002487
    -0.00075898    -0.00071528    -0.00004370
    -0.00132204    -0.00129201    -0.00003003
    -0.00139409    -0.00135748    -0.00003661
    -0.00363419    -0.00369240     0.00005821
    -0.00152397    -0.00147469    -0.00004928
    -0.00100377    -0.00099392    -0.00000985
    -0.00066472    -0.00063010    -0.00003461
    -0.00125730    -0.00123022    -0.00002709
    -0.00128718    -0.00125573    -0.00003145
    -0.00103360    -0.00102663    -0.00000697
     0.01027978     0.01034602    -0.00006624
     0.00295287     0.00298093    -0.00002805
     0.00208129     0.00194587     0.00013542
    -0.03519649    -0.03524025     0.00004376
     0.00891246     0.00880815     0.00010431
     0.00809590     0.00806625     0.00002965
    -0.00199179    -0.00195961    -0.00003218
     0.01046700     0.01049878    -0.00003179
     0.01264304     0.01265685    -0.00001381
     0.00768455     0.00762524     0.00005931
     0.01016987     0.01025192    -0.00008204
    -0.00060877    -0.00043351    -0.00017526
    -0.00073713    -0.00064966    -0.00008746
    -0.00118228    -0.00104216    -0.00014012
     0.03477732     0.03471533     0.00006199
    -0.00112103    -0.00098433    -0.00013670
    -0.00075035    -0.00064742    -0.00010293
    -0.00085414    -0.00073973    -0.00011441
    -0.00086734    -0.00078018    -0.00008716
    -0.00008144     0.00002735    -0.00010880
    -0.00008144     0.00002735    -0.00010880
    -0.00008144     0.00002735    -0.00010880
    -0.00008144     0.00002735    -0.00010880
    -0.00015026    -0.00005130    -0.00009896
    -0.00008172     0.00002735    -0.00010907
    -0.00008172     0.00002735    -0.00010907
    -0.00008172     0.00002735    -0.00010907
    -0.00008172     0.00002735    -0.00010907
    -0.00008172     0.00002735    -0.00010907
    -0.00008172     0.00002735    -0.00010907
    -0.00008172     0.00002735    -0.00010907
    -0.00008172     0.00002735    -0.00010907
    -0.00931813    -0.00931528    -0.00000285
    -0.00111648    -0.00095958    -0.00015690
    -0.00026251    -0.00015210    -0.00011041
    -0.00112884    -0.00098564    -0.00014320
    -0.00075327    -0.00064967    -0.00010359
    -0.02605866    -0.02606304     0.00000439
    -0.00082938    -0.00074341    -0.00008596
    -0.00019772    -0.00010146    -0.00009626
    -0.00056344    -0.00047199    -0.00009145
    -0.00011344    -0.00002534    -0.00008811
    -0.00016068    -0.00003917    -0.00012151
    -0.00016068    -0.00003917    -0.00012151
    -0.00016068    -0.00003917    -0.00012151
    -0.00016068    -0.00003917    -0.00012151
    -0.00016068    -0.00003917    -0.00012151
    -0.00016068    -0.00003917    -0.00012151
    -0.00016068    -0.00003917    -0.00012151
    -0.00016068    -0.00003917    -0.00012151
    -0.00016068    -0.00003917    -0.00012151
    -0.00016068    -0.00003917    -0.00012151
    -0.00025666    -0.00014546    -0.00011120
    -0.00016096    -0.00003917    -0.00012179
    -0.00016096    -0.00003917    -0.00012179
    -0.00115531    -0.00100610    -0.00014921
    -0.00057204    -0.00047929    -0.00009274
     0.00618640     0.00635049    -0.00016409
     0.01141226     0.01148284    -0.00007058
    -0.00061498    -0.00051842    -0.00009656
     0.01010669     0.01006954     0.00003715
    -0.00017173    -0.00006880    -0.00010293
    -0.00012310    -0.00000669    -0.00011642
    -0.00012310    -0.00000669    -0.00011642
    -0.00012310    -0.00000669    -0.00011642
    -0.00012310    -0.00000669    -0.00011642
    -0.00012310    -0.00000669    -0.00011642
    -0.00012310    -0.00000669    -0.00011642
    -0.00012338    -0.00000669    -0.00011669
    -0.00012338    -0.00000669    -0.00011669
    -0.00012338    -0.00000669    -0.00011669
    -0.00012338    -0.00000669    -0.00011669
    -0.00012338    -0.00000669    -0.00011669
    -0.00012338    -0.00000669    -0.00011669
    -0.00059411    -0.00049898    -0.00009512
    -0.00059705    -0.00050101    -0.00009603
    -0.00025113    -0.00013933    -0.00011180
    -0.00059198    -0.00049587    -0.00009611
    -0.00024817    -0.00013655    -0.00011162
    -0.00082331    -0.00072960    -0.00009371
     0.01208496     0.01227098    -0.00018602
    -0.00081953    -0.00072512    -0.00009441
    -0.00085414    -0.00075098    -0.00010316
    -0.00015913    -0.00006419    -0.00009495
     0.04172874     0.04172636     0.00000238
    -0.00019282    -0.00008646    -0.00010636
    -0.00082192    -0.00072700    -0.00009492
     0.02018639     0.02012728     0.00005910
    -0.00081299    -0.00070844    -0.00010455
    -0.00083509    -0.00073735    -0.00009774
    -0.01772180    -0.01769307    -0.00002873
    -0.00023162    -0.00012001    -0.00011162
    -0.00021252    -0.00010282    -0.00010970
    -0.00082089    -0.00071084    -0.00011004
     0.02621194     0.02638900    -0.00017706
    -0.01233389    -0.01226648    -0.00006741
     0.01734046     0.01741295    -0.00007249
     0.02929654     0.02926504     0.00003150
    -0.03317133    -0.03314754    -0.00002379
    -0.03394925    -0.03387189    -0.00007736
     0.03303740     0.03303685     0.00000055
    -0.01211982    -0.01196937    -0.00015044
    -0.02530814    -0.02588250     0.00057436
    -0.00732560    -0.00716002    -0.00016558
     0.03589190     0.03595876    -0.00006686
    -0.04490042    -0.04484631    -0.00005411
     0.03335248     0.03285142     0.00050106
     0.00171655     0.00159716     0.00011939
     0.05312329     0.05293112     0.00019217
     0.00164773     0.00188917    -0.00024144
     0.04010009     0.04009181     0.00000828
     0.01377000     0.01382194    -0.00005195
     0.00765484     0.00776486    -0.00011002
     0.00590707     0.00578566     0.00012141
     0.01015238     0.01014454     0.00000784
    -0.00671917    -0.00680368     0.00008451
    -0.02110099    -0.02097474    -0.00012624
    -0.00996114    -0.01005286     0.00009172
     0.00297788     0.00295777     0.00002011
    -0.01848067    -0.01843594    -0.00004473
    -0.00249284    -0.00270027     0.00020743
    -0.00919658    -0.00911260    -0.00008398
    -0.01652183    -0.01656275     0.00004092
     0.01803271     0.01805482    -0.00002211
     0.01044678     0.01026686     0.00017992
    -0.01691879    -0.01704603     0.00012725
     0.04015590     0.04001200     0.00014390
    -0.02075037    -0.02070484    -0.00004553
     0.03063091     0.03056484     0.00006607
    -0.03587544    -0.03578132    -0.00009412
     0.01934033     0.01922715     0.00011318
     0.01728652     0.01736987    -0.00008334
    -0.00522927    -0.00528526     0.00005600
    -0.01894114    -0.01923621     0.00029507
     0.00274019     0.00255956     0.00018063
    -0.00730762    -0.00726015    -0.00004747
     0.03009152     0.03013037    -0.00003885
    -0.03129701    -0.03142501     0.00012800
     0.02941227     0.02977536    -0.00036309
     0.02360634     0.02360474     0.00000160
    -0.02359410    -0.02337285    -0.00022125
     0.01095944     0.01097622    -0.00001678
     0.00849297     0.00835449     0.00013848
    -0.02147642    -0.02134973    -0.00012669
     0.03581304     0.03586551    -0.00005247
    -0.00912621    -0.00903392    -0.00009228
    -0.00089164    -0.00076442    -0.00012722
     0.00489797     0.00510450    -0.00020653
    -0.00698652    -0.00668567    -0.00030085
     0.01834807     0.01822945     0.00011862
     0.01973557     0.01965347     0.00008210
    -0.01173994    -0.01158136    -0.00015858
     0.01024272     0.01024249     0.00000023
    -0.00109178    -0.00111351     0.00002174
    -0.00246647    -0.00239143    -0.00007504
    -0.01462555    -0.01464517     0.00001962
     0.03523793     0.03539605    -0.00015813
     0.01090034     0.01077413     0.00012621
     0.04281712     0.04298492    -0.00016780
     0.00392524     0.00380279     0.00012245
    -0.02050119    -0.02049439    -0.00000680
    -0.00177252    -0.00165287    -0.00011965
    -0.00869967    -0.00863103    -0.00006864
    -0.03725598    -0.03729747     0.00004149
    -0.00170052    -0.00174104     0.00004052
     0.00095534     0.00098840    -0.00003306
     0.02496721     0.02496317     0.00000404
    -0.01455004    -0.01440529    -0.00014475
    -0.01480182    -0.01482484     0.00002301
     0.00474890     0.00460122     0.00014768
    -0.01659016    -0.01652611    -0.00006405
     0.02919017     0.02920390    -0.00001373
     0.00662483     0.00651965     0.00010518
    -0.00331339    -0.00333755     0.00002416
    -0.00726373    -0.00724222    -0.00002151
     0.01534556     0.01535435    -0.00000879
    -0.00526129    -0.00514092    -0.00012038
    -0.02038149    -0.02041038     0.00002889
     0.03070405     0.03069625     0.00000780
     0.04135627     0.04136093    -0.00000466
     0.02409862     0.02396692     0.00013170
     0.01757592     0.01769145    -0.00011553
    -0.00316191    -0.00322237     0.00006046
    -0.00418987    -0.00423866     0.00004879
    -0.03857840    -0.03859659     0.00001819
    -0.03857840    -0.03859659     0.00001819
     0.03440357     0.03444310    -0.00003953
     0.02285166     0.02275789     0.00009377
    -0.01263544    -0.01252332    -0.00011212
     0.02325744     0.02344252    -0.00018508
    -0.02703405    -0.02698995    -0.00004410
    -0.01890127    -0.01870865    -0.00019263
     0.01622196     0.01598258     0.00023938
     0.02454941     0.02484251    -0.00029311
     0.03181547     0.03184497    -0.00002950
     0.01922648     0.01911681     0.00010967
     0.02843057     0.02837816     0.00005241
    -0.03990270    -0.03990656     0.00000386
    -0.01829163    -0.01825895    -0.00003268
    -0.00342055    -0.00360667     0.00018612
    -0.01727858    -0.01738082     0.00010224
     0.00309274     0.00309304    -0.00000031
    -0.02743022    -0.02742169    -0.00000853
    -0.03047259    -0.03040526    -0.00006733
    -0.04916967    -0.04904387    -0.00012580
    -0.02100278    -0.02088786    -0.00011492
    -0.00604283    -0.00590719    -0.00013565
    -0.02126047    -0.02118152    -0.00007896
    -0.01564905    -0.01549496    -0.00015409
    -0.05031954    -0.05040497     0.00008543
    -0.05926243    -0.05924170    -0.00002072
     0.00011955     0.00009613     0.00013136     0.00031975     0.00153656
