     0.00013105     0.00009568     0.00003537
     0.02248545     0.02259705    -0.00011160
    -0.01472814    -0.01470659    -0.00002155
     0.03938440     0.03952679    -0.00014239
    -0.00835920    -0.00816353    -0.00019567
     0.01503587     0.01502329     0.00001258
     0.00008727     0.00006769     0.00001958
    -0.02133286    -0.02143983     0.00010697
    -0.02912807    -0.02920011     0.00007203
    -0.01862652    -0.01855595    -0.00007057
     0.01521862     0.01517874     0.00003988
     0.00163704     0.00157661     0.00006043
    -0.00086611    -0.00068723    -0.00017888
     0.02370240     0.02363144     0.00007096
    -0.00005693    -0.00001334    -0.00004359
    -0.01545324    -0.01537480    -0.00007844
     0.02800090     0.02794613     0.00005476
     0.01375955     0.01402967    -0.00027012
    -0.02915009    -0.02920907     0.00005898
     0.01361105     0.01364107    -0.00003002
     0.02544344     0.02536125     0.00008219
    -0.00275083    -0.00282760     0.00007678
     0.03055158     0.03051501     0.00003657
     0.01867354     0.01874578    -0.00007224
     0.04042456     0.04047520    -0.00005064
     0.02956705     0.02955210     0.00001495
     0.04064772     0.04052733     0.00012039
     0.00783462     0.00783230     0.00000232
    -0.00106399    -0.00089722    -0.00016677
    -0.00287785    -0.00286715    -0.00001070
    -0.00785737    -0.00798346     0.00012609
     0.03260876     0.03271477    -0.00010601
    -0.01014865    -0.01014353    -0.00000512
    -0.01674700    -0.01695409     0.00020709
     0.01755034     0.01751826     0.00003208
     0.03207763     0.03206251     0.00001511
     0.03335830     0.03353361    -0.00017531
    -0.01619026    -0.01618374    -0.00000652
    -0.01555860    -0.01562789     0.00006929
     0.02413010     0.02411524     0.00001486
    -0.00133532    -0.00155587     0.00022055
    -0.01508177    -0.01517068     0.00008890
    -0.00062769    -0.00065893     0.00003124
     0.04314458     0.04311374     0.00003083
    -0.00200785    -0.00191531    -0.00009254
    -0.00702680    -0.00684472    -0.00018207
    -0.00672682    -0.00656591    -0.00016091
    -0.00113961    -0.00090548    -0.00023413
    -0.00016931    -0.00005615    -0.00011315
    -0.03058620    -0.03061199     0.00002580
    -0.01978553    -0.01976904    -0.00001649
     0.00390677     0.00392216    -0.00001539
    -0.02415895    -0.02405916    -0.00009979
    -0.00141415    -0.00148843     0.00007428
    -0.00150210    -0.00160824     0.00010614
    -0.00046861    -0.00049653     0.00002792
    -0.00948352    -0.00936361    -0.00011991
    -0.00063144    -0.00068108     0.00004964
     0.02863800     0.02869664    -0.00005864
    -0.02603109    -0.02598771    -0.00004338
     0.03337656     0.03334578     0.00003078
     0.00847001     0.00849016    -0.00002016
     0.00721630     0.00721201     0.00000429
     0.01381827     0.01380825     0.00001002
    -0.01201883    -0.01205328     0.00003444
     0.00003924     0.00005053    -0.00001129
    -0.00226382    -0.00239660     0.00013277
     0.00662306     0.00649895     0.00012411
     0.00540130     0.00546088    -0.00005959
    -0.01086975    -0.01090699     0.00003724
    -0.00046297    -0.00050161     0.00003864
    -0.00915903    -0.00922665     0.00006762
     0.02074457     0.02055125     0.00019333
    -0.01618160    -0.01614453    -0.00003708
     0.00505637     0.00516545    -0.00010909
    -0.00045593    -0.00050939     0.00005347
    -0.01848072    -0.01855682     0.00007610
    -0.00072581    -0.00072432    -0.00000149
     0.02089919     0.02100126    -0.00010208
     0.01791889     0.01808670    -0.00016782
    -0.00573270    -0.00576008     0.00002738
     0.01941832     0.01932926     0.00008906
    -0.03183324    -0.03188213     0.00004889
     0.02524346     0.02519092     0.00005254
     0.01616871     0.01622977    -0.00006106
     0.03466148     0.03469875    -0.00003726
     0.02785445     0.02832044    -0.00046599
    -0.01749445    -0.01747076    -0.00002368
     0.00298199     0.00313798    -0.00015599
     0.01512031     0.01519701    -0.00007671
     0.02495826     0.02501365    -0.00005540
     0.01682347     0.01684834    -0.00002487
    -0.02238700    -0.02241330     0.00002630
     0.02828273     0.02799817     0.00028456
     0.03404215     0.03399592     0.00004623
     0.01266883     0.01265231     0.00001652
    -0.00046798    -0.00049990     0.00003192
     0.00920899     0.00919543     0.00001356
     0.03655798     0.03650053     0.00005745
     0.00619568     0.00645085    -0.00025517
    -0.00361196    -0.00356800    -0.00004396
    -0.00463960    -0.00465742     0.00001783
    -0.00867091    -0.00856176    -0.00010915
    -0.00867118    -0.00856176    -0.00010942
    -0.00893981    -0.00893767    -0.00000214
    -0.00808837    -0.00798394    -0.00010443
    -0.01001722    -0.01000579    -0.00001143
    -0.00585467    -0.00580061    -0.00005405
    -0.00891763    -0.00891100    -0.00000664
    -0.00455508    -0.00457378     0.00001870
    -0.00611478    -0.00599647    -0.00011831
    -0.00781340    -0.00780990    -0.00000349
    -0.00544089    -0.00538207    -0.00005882
    -0.00429330    -0.00427053    -0.00002277
    -0.00567208    -0.00562430    -0.00004778
    -0.01211699    -0.01220391     0.00008692
    -0.00433075    -0.00432839    -0.00000235
    -0.01094752    -0.01097944     0.00003192
    -0.03422022    -0.03419567    -0.00002455
    -0.00693346    -0.00695327     0.00001981
    -0.02450617    -0.02446271    -0.00004345
    -0.00440288    -0.00439820    -0.00000468
    -0.00480159    -0.00478633    -0.00001526
    -0.00630354    -0.00627080    -0.00003275
    -0.00778556    -0.00782855     0.00004299
    -0.01037418    -0.01036325    -0.00001093
    -0.00795430    -0.00796871     0.00001441
    -0.00466085    -0.00466831     0.00000746
    -0.01057690    -0.01061478     0.00003788
    -0.01878446    -0.01877115    -0.00001331
    -0.00562865    -0.00564977     0.00002112
    -0.00502047    -0.00503043     0.00000996
    -0.00731921    -0.00733888     0.00001967
    -0.01396905    -0.01403457     0.00006552
    -0.00686690    -0.00687611     0.00000920
    -0.02438592    -0.02434459    -0.00004133
    -0.01048574    -0.01047148    -0.00001427
    -0.03169354    -0.03198621     0.00029267
    -0.00549001    -0.00552479     0.00003479
    -0.00571137    -0.00572973     0.00001836
    -0.01949715    -0.01947581    -0.00002133
    -0.01094850    -0.01097353     0.00002503
    -0.00841934    -0.00842793     0.00000860
    -0.00841950    -0.00842793     0.00000843
    -0.00626265    -0.00631182     0.00004918
    -0.01084537    -0.01086052     0.00001515
    -0.00906841    -0.00911581     0.00004740
    -0.01028207    -0.01031559     0.00003352
    -0.01699286    -0.01699564     0.00000278
    -0.01644292    -0.01645792     0.00001501
    -0.00944453    -0.00946842     0.00002389
    -0.00947258    -0.00949293     0.00002035
    -0.00636357    -0.00641040     0.00004682
    -0.00661726    -0.00666294     0.00004567
    -0.00782316    -0.00782666     0.00000350
    -0.00798447    -0.00797591    -0.00000856
    -0.01109977    -0.01107948    -0.00002029
    -0.00743848    -0.00746663     0.00002815
    -0.00791900    -0.00793771     0.00001871
    -0.01626299    -0.01627520     0.00001221
    -0.01359048    -0.01365772     0.00006724
    -0.00793721    -0.00793914     0.00000193
    -0.00837104    -0.00833809    -0.00003295
    -0.00840990    -0.00837711    -0.00003278
    -0.01651494    -0.01649784    -0.00001710
    -0.01022517    -0.01021655    -0.00000862
    -0.00702184    -0.00705962     0.00003778
    -0.01029507    -0.01028432    -0.00001075
    -0.03047311    -0.03034477    -0.00012833
    -0.01085269    -0.01091593     0.00006324
    -0.01864614    -0.01863545    -0.00001069
    -0.01145975    -0.01142829    -0.00003146
    -0.01119615    -0.01117028    -0.00002587
    -0.00846625    -0.00845263    -0.00001362
    -0.00801764    -0.00802539     0.00000775
    -0.00888648    -0.00887069    -0.00001579
    -0.01569887    -0.01569159    -0.00000729
    -0.00865929    -0.00862754    -0.00003175
    -0.02532849    -0.02526277    -0.00006573
    -0.01228872    -0.01234260     0.00005388
    -0.01900661    -0.01899037    -0.00001624
    -0.01073367    -0.01071068    -0.00002299
    -0.01273253    -0.01279269     0.00006015
    -0.01513231    -0.01517539     0.00004309
    -0.01690129    -0.01691189     0.00001060
    -0.01799130    -0.01798074    -0.00001056
    -0.01756253    -0.01755975    -0.00000278
    -0.01969966    -0.01968144    -0.00001821
    -0.01501282    -0.01504385     0.00003103
    -0.01471695    -0.01476133     0.00004437
    -0.00851882    -0.00851246    -0.00000637
    -0.00903168    -0.00903114    -0.00000054
    -0.01107365    -0.01104092    -0.00003273
    -0.01860159    -0.01859584    -0.00000575
    -0.01849427    -0.01848945    -0.00000482
    -0.00949332    -0.00948671    -0.00000661
    -0.01890127    -0.01886634    -0.00003493
    -0.03255078    -0.03250895    -0.00004183
    -0.01214180    -0.01210341    -0.00003839
    -0.02514811    -0.02510008    -0.00004803
    -0.00199813    -0.00203981     0.00004168
    -0.00199813    -0.00203981     0.00004168
    -0.00199813    -0.00203981     0.00004168
    -0.00199813    -0.00203981     0.00004168
    -0.00199813    -0.00203981     0.00004168
    -0.00199813    -0.00203981     0.00004168
    -0.00199813    -0.00203981     0.00004168
    -0.00199813    -0.00203981     0.00004168
     0.01749151     0.01752426    -0.00003275
    -0.00324942    -0.00325201     0.00000259
    -0.00481584    -0.00481634     0.00000050
    -0.00433665    -0.00433246    -0.00000419
    -0.01162019    -0.01173508     0.00011489
    -0.05506420    -0.05441482    -0.00064938
    -0.00475271    -0.00469681    -0.00005591
    -0.00331184    -0.00333923     0.00002739
    -0.00351593    -0.00349206    -0.00002387
     0.03303740     0.03310779    -0.00007039
    -0.00345293    -0.00348440     0.00003147
    -0.00366341    -0.00369583     0.00003241
    -0.00360031    -0.00363282     0.00003251
     0.02081181     0.02070826     0.00010355
    -0.00377373    -0.00377917     0.00000544
    -0.00777925    -0.00784488     0.00006563
    -0.00413349    -0.00410784    -0.00002565
    -0.00317981    -0.00318911     0.00000929
    -0.00313543    -0.00315037     0.00001493
     0.03297130     0.03296674     0.00000456
    -0.00295189    -0.00300095     0.00004906
    -0.00357786    -0.00360340     0.00002554
     0.03381793     0.03376319     0.00005474
    -0.00378622    -0.00379295     0.00000674
     0.01851672     0.01842916     0.00008756
    -0.00697896    -0.00697856    -0.00000040
    -0.00596259    -0.00595800    -0.00000459
    -0.00570280    -0.00569775    -0.00000505
    -0.00646189    -0.00646985     0.00000796
    -0.00369776    -0.00373138     0.00003362
     0.02929654     0.02932981    -0.00003327
    -0.00327339    -0.00327512     0.00000173
    -0.00361367    -0.00364995     0.00003627
     0.04882457     0.04875948     0.00006510
     0.04766229     0.04770946    -0.00004716
    -0.00784039    -0.00786309     0.00002270
    -0.00386421    -0.00387070     0.00000650
    -0.00417466    -0.00419583     0.00002117
     0.02508060     0.02501318     0.00006742
     0.00494888     0.00496604    -0.00001716
    -0.00687790    -0.00686559    -0.00001230
    -0.00615600    -0.00615813     0.00000213
    -0.00722070    -0.00723461     0.00001390
    -0.00246312    -0.00247752     0.00001440
    -0.00246285    -0.00247752     0.00001467
    -0.00246285    -0.00247752     0.00001467
    -0.00246285    -0.00247752     0.00001467
    -0.00246285    -0.00247752     0.00001467
    -0.00246285    -0.00247752     0.00001467
    -0.00246285    -0.00247752     0.00001467
    -0.00246285    -0.00247752     0.00001467
    -0.00246285    -0.00247752     0.00001467
    -0.00246285    -0.00247752     0.00001467
    -0.00246285    -0.00247752     0.00001467
    -0.00246285    -0.00247752     0.00001467
    -0.00605170    -0.00606023     0.00000853
    -0.00347228    -0.00344647    -0.00002581
    -0.00381071    -0.00381277     0.00000206
    -0.00728386    -0.00729075     0.00000689
    -0.00740713    -0.00744795     0.00004082
    -0.00676149    -0.00674647    -0.00001502
     0.05312329     0.05308638     0.00003691
    -0.00375493    -0.00378601     0.00003109
    -0.00395591    -0.00395915     0.00000324
     0.04010009     0.04010493    -0.00000484
    -0.00663351    -0.00662057    -0.00001294
    -0.00649710    -0.00648792    -0.00000918
    -0.00492668    -0.00490695    -0.00001972
    -0.00326392    -0.00326868     0.00000476
    -0.00404827    -0.00404358    -0.00000469
    -0.00454144    -0.00451454    -0.00002691
    -0.00226807    -0.00227210     0.00000403
    -0.00226807    -0.00227210     0.00000403
    -0.00226807    -0.00227210     0.00000403
    -0.00226780    -0.00227210     0.00000430
    -0.00226780    -0.00227210     0.00000430
    -0.00226780    -0.00227210     0.00000430
    -0.00226780    -0.00227210     0.00000430
    -0.00226780    -0.00227210     0.00000430
    -0.00226780    -0.00227210     0.00000430
    -0.00226780    -0.00227210     0.00000430
    -0.00226780    -0.00227210     0.00000430
    -0.00226780    -0.00227210     0.00000430
     0.04130144     0.04125432     0.00004712
    -0.00414574    -0.00414147    -0.00000427
     0.02289427     0.02283883     0.00005544
     0.02136097     0.02133039     0.00003057
     0.03643583     0.03649432    -0.00005849
     0.02604674     0.02607671    -0.00002998
     0.02873648     0.02877496    -0.00003848
     0.02287517     0.02290464    -0.00002947
     0.02466241     0.02469330    -0.00003088
    -0.02206065    -0.02212280     0.00006215
    -0.02034476    -0.02032064    -0.00002412
    -0.02034476    -0.02032064    -0.00002411
    -0.02204830    -0.02210307     0.00005477
    -0.02564458    -0.02556562    -0.00007896
    -0.02933287    -0.02925617    -0.00007670
    -0.03050184    -0.03035575    -0.00014609
    -0.03260855    -0.03273160     0.00012305
    -0.00760180    -0.00762300     0.00002120
    -0.02375791    -0.02375257    -0.00000534
    -0.02375791    -0.02375257    -0.00000534
    -0.03235657    -0.03241352     0.00005695
    -0.01497600    -0.01481768    -0.00015832
    -0.02617991    -0.02617091    -0.00000900
    -0.02129092    -0.02125335    -0.00003757
    -0.03103263    -0.03099861    -0.00003402
    -0.04255039    -0.04232780    -0.00022259
    -0.02115092    -0.02113477    -0.00001615
    -0.02115092    -0.02113477    -0.00001615
    -0.03215787    -0.03229089     0.00013302
    -0.02285822    -0.02285061    -0.00000761
    -0.02285822    -0.02285061    -0.00000761
    -0.02691750    -0.02694030     0.00002280
    -0.02198909    -0.02197804    -0.00001105
    -0.02198909    -0.02197804    -0.00001105
    -0.02195934    -0.02194593    -0.00001342
    -0.03537888    -0.03528425    -0.00009463
    -0.02876611    -0.02869299    -0.00007312
    -0.02553032    -0.02553965     0.00000933
    -0.02253737    -0.02264766     0.00011029
    -0.02549122    -0.02547237    -0.00001885
    -0.02038149    -0.02032664    -0.00005485
    -0.03568515    -0.03576022     0.00007507
    -0.03778241    -0.03775916    -0.00002325
    -0.04765892    -0.04766486     0.00000594
    -0.03129152    -0.03132783     0.00003632
    -0.03190981    -0.03191059     0.00000077
    -0.03360652    -0.03356035    -0.00004618
    -0.02224114    -0.02225788     0.00001674
    -0.03023288    -0.03019888    -0.00003401
    -0.05407624    -0.05409359     0.00001735
    -0.04761255    -0.04756540    -0.00004715
    -0.03728948    -0.03728277    -0.00000671
    -0.04156169    -0.04155961    -0.00000208
    -0.04102963    -0.04104533     0.00001571
    -0.00732531    -0.00728897    -0.00003634
    -0.02773515    -0.02776714     0.00003199
    -0.02838784    -0.02840061     0.00001276
    -0.00481954    -0.00476246    -0.00005709
    -0.04308466    -0.04307794    -0.00000672
    -0.02764584    -0.02766051     0.00001467
    -0.04507180    -0.04501391    -0.00005789
    -0.02853756    -0.02853454    -0.00000302
    -0.03156026    -0.03167316     0.00011291
    -0.01691879    -0.01689032    -0.00002847
    -0.04319552    -0.04316277    -0.00003275
    -0.02022266    -0.02035373     0.00013107
    -0.03056299    -0.03071093     0.00014795
    -0.03990035    -0.03987954    -0.00002081
    -0.04693110    -0.04652555    -0.00040554
    -0.02669140    -0.02673303     0.00004163
    -0.02206865    -0.02220025     0.00013160
    -0.04068178    -0.04070526     0.00002347
    -0.02892323    -0.02892507     0.00000184
    -0.01377136    -0.01373586    -0.00003550
    -0.03662791    -0.03655230    -0.00007561
    -0.03631844    -0.03638810     0.00006967
    -0.03042976    -0.03049543     0.00006567
    -0.02334712    -0.02332409    -0.00002303
    -0.03175544    -0.03171768    -0.00003776
    -0.01549430    -0.01553831     0.00004401
    -0.04489071    -0.04491085     0.00002014
    -0.04610433    -0.04601578    -0.00008855
    -0.02146557    -0.02151429     0.00004872
    -0.03878335    -0.03879627     0.00001292
    -0.03654217    -0.03665435     0.00011218
    -0.02543318    -0.02536797    -0.00006521
    -0.03361874    -0.03359346    -0.00002529
    -0.03389058    -0.03390317     0.00001258
    -0.02137468    -0.02136643    -0.00000825
    -0.03335874    -0.03335581    -0.00000292
    -0.03495697    -0.03489386    -0.00006311
    -0.02374607    -0.02370832    -0.00003775
    -0.01916234    -0.01926489     0.00010255
    -0.02757654    -0.02762505     0.00004851
    -0.02917101    -0.02907618    -0.00009483
    -0.03918372    -0.03928756     0.00010384
    -0.02619115    -0.02628410     0.00009295
    -0.03403181    -0.03401510    -0.00001671
    -0.03205501    -0.03211507     0.00006005
    -0.02860390    -0.02857967    -0.00002423
    -0.03887693    -0.03892516     0.00004823
    -0.02522713    -0.02531414     0.00008701
    -0.04204690    -0.04194383    -0.00010306
    -0.04133355    -0.04138260     0.00004905
    -0.03807393    -0.03816378     0.00008985
    -0.03261200    -0.03268851     0.00007651
    -0.03018575    -0.03024972     0.00006396
    -0.03164388    -0.03160942    -0.00003446
    -0.03643199    -0.03638709    -0.00004490
    -0.01886769    -0.01879568    -0.00007202
    -0.02819342    -0.02818423    -0.00000919
    -0.02449125    -0.02451994     0.00002869
    -0.01866200    -0.01864889    -0.00001311
    -0.02492998    -0.02493435     0.00000437
    -0.02542455    -0.02541440    -0.00001015
    -0.01837667    -0.01839413     0.00001747
    -0.01592370    -0.01591932    -0.00000437
    -0.02754369    -0.02755854     0.00001485
    -0.01627467    -0.01626075    -0.00001392
    -0.02830360    -0.02834659     0.00004300
    -0.01972570    -0.01963454    -0.00009116
    -0.01681275    -0.01679899    -0.00001375
    -0.01776035    -0.01774834    -0.00001201
    -0.02693163    -0.02689346    -0.00003816
    -0.01317265    -0.01314188    -0.00003077
    -0.01365388    -0.01367868     0.00002480
    -0.01704633    -0.01711973     0.00007340
    -0.02707672    -0.02712327     0.00004655
    -0.01483494    -0.01483182    -0.00000312
    -0.01583099    -0.01587638     0.00004539
    -0.01913611    -0.01911344    -0.00002267
    -0.01591967    -0.01590820    -0.00001147
    -0.02619550    -0.02616598    -0.00002952
    -0.02066101    -0.02069237     0.00003137
    -0.02573446    -0.02569774    -0.00003672
    -0.02521075    -0.02516722    -0.00004353
    -0.02297449    -0.02301562     0.00004113
    -0.02261911    -0.02263123     0.00001212
    -0.02300154    -0.02298092    -0.00002062
    -0.01517146    -0.01519119     0.00001972
    -0.02347719    -0.02351262     0.00003543
    -0.01429803    -0.01429523    -0.00000280
    -0.01396175    -0.01395867    -0.00000309
    -0.02347243    -0.02351266     0.00004022
    -0.01782670    -0.01782053    -0.00000616
    -0.02690183    -0.02693052     0.00002869
    -0.01944708    -0.01946818     0.00002110
    -0.01701297    -0.01700925    -0.00000371
    -0.02588913    -0.02589449     0.00000536
    -0.02718962    -0.02722796     0.00003835
    -0.02184043    -0.02186713     0.00002670
    -0.01519574    -0.01515128    -0.00004445
    -0.02064430    -0.02068497     0.00004068
    -0.01746008    -0.01744516    -0.00001492
    -0.01944196    -0.01941928    -0.00002268
    -0.02183420    -0.02182931    -0.00000489
    -0.02337725    -0.02336088    -0.00001637
    -0.02011711    -0.02009420    -0.00002291
    -0.01538592    -0.01540036     0.00001444
    -0.02568695    -0.02570702     0.00002007
    -0.01359587    -0.01360818     0.00001231
    -0.02447583    -0.02446291    -0.00001291
    -0.02241032    -0.02243199     0.00002167
    -0.02295370    -0.02297049     0.00001678
    -0.02171248    -0.02176758     0.00005510
    -0.02519908    -0.02519683    -0.00000225
    -0.01567449    -0.01570924     0.00003475
    -0.02371685    -0.02374500     0.00002816
    -0.02546373    -0.02546898     0.00000524
    -0.01954961    -0.01955006     0.00000045
    -0.01586731    -0.01590913     0.00004182
    -0.02397157    -0.02397037    -0.00000120
    -0.01860317    -0.01859341    -0.00000977
    -0.01822891    -0.01815639    -0.00007252
    -0.02106507    -0.02111382     0.00004875
    -0.01388058    -0.01390879     0.00002821
    -0.02160092    -0.02164185     0.00004093
    -0.01641848    -0.01637130    -0.00004718
    -0.02346337    -0.02346737     0.00000399
    -0.02219829    -0.02220791     0.00000962
    -0.02380017    -0.02382533     0.00002516
    -0.01913916    -0.01913641    -0.00000274
    -0.02260654    -0.02260224    -0.00000430
    -0.02076139    -0.02073895    -0.00002244
    -0.01384932    -0.01389382     0.00004450
    -0.01732203    -0.01727133    -0.00005070
    -0.02055828    -0.02057174     0.00001345
    -0.02303493    -0.02301407    -0.00002086
    -0.02330963    -0.02329920    -0.00001043
    -0.01694336    -0.01698052     0.00003716
    -0.02478250    -0.02480632     0.00002383
    -0.01784221    -0.01786696     0.00002475
    -0.01576331    -0.01578553     0.00002222
    -0.02122962    -0.02127115     0.00004153
    -0.02001071    -0.02002157     0.00001087
    -0.02305980    -0.02309372     0.00003392
    -0.02167920    -0.02170183     0.00002263
    -0.01753423    -0.01757363     0.00003940
    -0.01870138    -0.01873960     0.00003822
    -0.02135634    -0.02138142     0.00002508
    -0.01891537    -0.01893506     0.00001969
    -0.01975332    -0.01980032     0.00004700
    -0.02310590    -0.02312791     0.00002201
    -0.02268080    -0.02268919     0.00000839
    -0.02515856    -0.02517338     0.00001482
    -0.01903445    -0.01905518     0.00002074
    -0.02216484    -0.02217986     0.00001501
    -0.01998135    -0.02000013     0.00001879
    -0.02155923    -0.02159770     0.00003847
     0.02202035     0.02197225     0.00004810
    -0.01676371    -0.01675413    -0.00000959
    -0.01918054    -0.01934517     0.00016463
    -0.02130891    -0.02124285    -0.00006606
    -0.04753922    -0.04748678    -0.00005243
     0.01732097     0.01725275     0.00006822
    -0.02677772    -0.02677567    -0.00000204
    -0.02677772    -0.02677567    -0.00000204
    -0.02248137    -0.02254261     0.00006125
    -0.00736414    -0.00729234    -0.00007180
     0.02899809     0.02897829     0.00001979
    -0.04658132    -0.04657988    -0.00000144
    -0.03218884    -0.03226620     0.00007736
    -0.00919157    -0.00916760    -0.00002397
    -0.02766843    -0.02761753    -0.00005089
    -0.02766843    -0.02761753    -0.00005089
    -0.02521208    -0.02522161     0.00000953
    -0.02547138    -0.02546131    -0.00001007
     0.00309274     0.00304582     0.00004691
    -0.02459381    -0.02461928     0.00002546
    -0.02645137    -0.02646230     0.00001092
    -0.03857840    -0.03858487     0.00000648
    -0.03857840    -0.03858487     0.00000648
    -0.06867857    -0.06865461    -0.00002396
    -0.04013609    -0.04020754     0.00007145
    -0.02662776    -0.02661965    -0.00000811
    -0.02059584    -0.02057569    -0.00002014
    -0.02493570    -0.02496369     0.00002800
     0.01470452     0.01465133     0.00005319
     0.03626197     0.03624009     0.00002189
     0.05906218     0.05909027    -0.00002809
    -0.00177252    -0.00168259    -0.00008993
     0.05616743     0.05610648     0.00006095
    -0.03196639    -0.03201039     0.00004401
    -0.01015153    -0.01021901     0.00006748
    -0.06777222    -0.06778988     0.00001767
    -0.03396566    -0.03397724     0.00001158
    -0.03286452    -0.03292256     0.00005804
    -0.00114987    -0.00120382     0.00005395
    -0.02751662    -0.02753820     0.00002159
    -0.03990270    -0.03989392    -0.00000878
     0.04791702     0.04800387    -0.00008685
     0.02609801     0.02607316     0.00002485
    -0.03240177    -0.03240541     0.00000365
    -0.03427456    -0.03422215    -0.00005242
    -0.03129701    -0.03126251    -0.00003450
    -0.01466188    -0.01459310    -0.00006878
     0.00169796     0.00166091     0.00003705
     0.01906734     0.01899287     0.00007447
     0.02653698     0.02656006    -0.00002308
    -0.00951166    -0.00957227     0.00006061
    -0.00715774    -0.00718727     0.00002953
    -0.03521649    -0.03519932    -0.00001717
    -0.03521649    -0.03519932    -0.00001717
    -0.03570547    -0.03568491    -0.00002057
     0.04562843     0.04550329     0.00012515
    -0.02686776    -0.02690273     0.00003497
    -0.02942218    -0.02945044     0.00002826
    -0.00321511    -0.00329066     0.00007555
    -0.00963316    -0.00946435    -0.00016880
     0.01946833     0.01948479    -0.00001645
     0.01932487     0.01940085    -0.00007598
     0.01937385     0.01927068     0.00010318
     0.04663828     0.04658653     0.00005175
    -0.03237472    -0.03238751     0.00001279
     0.01878179     0.01869952     0.00008227
    -0.03809042    -0.03804865    -0.00004176
    -0.02924726    -0.02928057     0.00003331
     0.02730608     0.02740218    -0.00009610
    -0.02625651    -0.02630470     0.00004819
    -0.04559877    -0.04558061    -0.00001817
    -0.03876126    -0.03870208    -0.00005918
     0.02757645     0.02755528     0.00002118
    -0.03116180    -0.03118613     0.00002433
     0.01801429     0.01798956     0.00002474
    -0.03181487    -0.03183549     0.00002061
     0.05745499     0.05741994     0.00003505
    -0.00887733    -0.00870628    -0.00017105
     0.00849297     0.00857591    -0.00008294
    -0.01142788    -0.01146104     0.00003316
     0.01531857     0.01544645    -0.00012788
    -0.02805791    -0.02822559     0.00016769
     0.02818177     0.02813374     0.00004804
     0.01330242     0.01326567     0.00003675
     0.02965636     0.02965172     0.00000463
    -0.00019380    -0.00011828    -0.00007552
    -0.05618381    -0.05612917    -0.00005464
    -0.00162923    -0.00159250    -0.00003672
     0.00419627     0.00410881     0.00008746
     0.01623837     0.01621746     0.00002091
     0.02262610     0.02263782    -0.00001171
     0.02223663     0.02231518    -0.00007855
     0.00997844     0.01006245    -0.00008401
    -0.00069756    -0.00073646     0.00003889
    -0.05031954    -0.05034972     0.00003018
     0.01104012     0.01101011     0.00003002
     0.01969873     0.01966635     0.00003238
     0.02895757     0.02898096    -0.00002340
     0.02572850     0.02575944    -0.00003094
    -0.00981833    -0.00982437     0.00000604
    -0.00579676    -0.00586771     0.00007095
    -0.00423845    -0.00426153     0.00002308
    -0.01081870    -0.01083286     0.00001416
    -0.01482022    -0.01494460     0.00012438
     0.00349345     0.00348750     0.00000595
    -0.00429896    -0.00432615     0.00002719
    -0.00946407    -0.00946505     0.00000099
    -0.00518410    -0.00523591     0.00005181
    -0.02202819    -0.02206049     0.00003230
    -0.00436473    -0.00440101     0.00003628
     0.02337513     0.02339643    -0.00002130
    -0.00430247    -0.00430632     0.00000385
    -0.00442000    -0.00445922     0.00003922
    -0.00456759    -0.00461702     0.00004942
    -0.01053111    -0.01054215     0.00001104
    -0.00503781    -0.00507521     0.00003741
    -0.00750754    -0.00746002    -0.00004752
    -0.00468172    -0.00472839     0.00004667
     0.01091340     0.01096399    -0.00005059
    -0.00509593    -0.00514528     0.00004934
    -0.00467587    -0.00472171     0.00004584
     0.02911722     0.02910074     0.00001648
     0.00759573     0.00757138     0.00002435
    -0.00437505    -0.00437964     0.00000459
    -0.01726048    -0.01747749     0.00021701
    -0.00511239    -0.00515716     0.00004477
    -0.00489669    -0.00493743     0.00004074
    -0.01709071    -0.01706574    -0.00002497
    -0.00507011    -0.00511526     0.00004515
     0.00167614     0.00163272     0.00004342
    -0.00446166    -0.00447079     0.00000913
     0.01349320     0.01340115     0.00009205
    -0.00500532    -0.00504912     0.00004380
    -0.00456961    -0.00458979     0.00002019
     0.01223960     0.01230633    -0.00006673
     0.02868464     0.02881955    -0.00013491
     0.00940235     0.00940718    -0.00000483
    -0.00433926    -0.00434943     0.00001017
    -0.00473075    -0.00475632     0.00002557
     0.00520897     0.00507748     0.00013148
     0.01130064     0.01128670     0.00001394
     0.01234891     0.01228898     0.00005992
     0.01252056     0.01256799    -0.00004743
     0.00662567     0.00673167    -0.00010600
    -0.00054611    -0.00052225    -0.00002386
     0.00530301     0.00525517     0.00004784
     0.02153613     0.02155366    -0.00001753
     0.01352360     0.01353947    -0.00001587
     0.00017407     0.00018672    -0.00001265
     0.00456120     0.00462109    -0.00005989
     0.01151681     0.01148773     0.00002908
     0.01290941     0.01283992     0.00006949
     0.01619336     0.01620072    -0.00000736
     0.01998791     0.02004924    -0.00006133
     0.01945603     0.01945772    -0.00000169
    -0.00396731    -0.00397069     0.00000338
    -0.00522189    -0.00526737     0.00004548
    -0.00063468    -0.00059043    -0.00004425
    -0.01160234    -0.01161966     0.00001733
    -0.00706647    -0.00706769     0.00000122
     0.02030190     0.02022616     0.00007574
     0.02199358     0.02204965    -0.00005607
     0.02251331     0.02248053     0.00003278
     0.01581324     0.01586860    -0.00005535
     0.01131795     0.01129597     0.00002198
    -0.01865145    -0.01862531    -0.00002614
     0.01688755     0.01683616     0.00005139
     0.01692747     0.01691711     0.00001036
     0.02844393     0.02842586     0.00001806
     0.01338019     0.01345611    -0.00007592
     0.02043004     0.02032853     0.00010151
     0.00698119     0.00705682    -0.00007563
     0.02159692     0.02158281     0.00001411
     0.00243776     0.00235892     0.00007884
    -0.02203782    -0.02209299     0.00005517
     0.01872274     0.01874097    -0.00001823
     0.01181475     0.01183385    -0.00001910
    -0.00459576    -0.00457958    -0.00001618
    -0.00849270    -0.00845573    -0.00003697
     0.01132671     0.01124015     0.00008657
     0.00565953     0.00567398    -0.00001445
    -0.00566283    -0.00569714     0.00003432
     0.00124054     0.00123344     0.00000710
     0.02366060     0.02370851    -0.00004791
     0.00937889     0.00933974     0.00003916
    -0.00381474    -0.00383892     0.00002419
     0.02218237     0.02221264    -0.00003027
     0.02051902     0.02052628    -0.00000727
     0.00752841     0.00752179     0.00000662
     0.00590977     0.00579213     0.00011764
     0.02999236     0.02998968     0.00000268
     0.00241939     0.00236530     0.00005409
     0.00582389     0.00576326     0.00006063
     0.01429022     0.01420870     0.00008153
     0.02472579     0.02473267    -0.00000688
     0.01612130     0.01604656     0.00007474
     0.00805579     0.00801707     0.00003872
     0.02756013     0.02756853    -0.00000840
     0.02703329     0.02703775    -0.00000446
     0.01311676     0.01302671     0.00009005
     0.00188278     0.00181495     0.00006783
    -0.01062518    -0.01062953     0.00000436
    -0.01084246    -0.01084742     0.00000496
     0.01427896     0.01436938    -0.00009042
    -0.02166456    -0.02164230    -0.00002226
    -0.01105707    -0.01106213     0.00000505
    -0.01126889    -0.01127387     0.00000498
    -0.01147768    -0.01148285     0.00000517
    -0.01168443    -0.01168928     0.00000484
    -0.01188844    -0.01189338     0.00000494
    -0.01208986    -0.01209539     0.00000553
    -0.00619802    -0.00626330     0.00006528
    -0.01228926    -0.01229554     0.00000628
    -0.02419748    -0.02405345    -0.00014403
    -0.01248638    -0.01249409     0.00000771
    -0.02020007    -0.02027619     0.00007611
    -0.01268151    -0.01269129     0.00000978
     0.01158070     0.01162583    -0.00004512
    -0.01287428    -0.01288742     0.00001314
     0.02892734     0.02892104     0.00000630
    -0.01306476    -0.01308275     0.00001799
     0.00425058     0.00414880     0.00010178
     0.02694904     0.02717159    -0.00022254
     0.01281874     0.01274922     0.00006952
    -0.01325344    -0.01327757     0.00002413
    -0.04353865    -0.04345489    -0.00008376
    -0.03007884    -0.03008604     0.00000719
    -0.03005900    -0.03006483     0.00000583
    -0.02296943    -0.02296726    -0.00000217
    -0.02772108    -0.02770217    -0.00001891
    -0.04165663    -0.04180456     0.00014793
     0.03236816     0.03223571     0.00013245
     0.01928485     0.01931294    -0.00002810
    -0.03169476    -0.03184594     0.00015118
    -0.00206077    -0.00200215    -0.00005862
    -0.04330581    -0.04339333     0.00008752
    -0.03809172    -0.03814243     0.00005071
    -0.04098878    -0.04099843     0.00000965
     0.02487306     0.02485971     0.00001334
    -0.02671636    -0.02687812     0.00016176
    -0.02464103    -0.02473243     0.00009141
     0.01642659     0.01643058    -0.00000399
    -0.00472735    -0.00469440    -0.00003296
     0.01010669     0.01005499     0.00005170
     0.00489797     0.00489755     0.00000042
     0.01211614     0.01203027     0.00008588
    -0.03443312    -0.03446804     0.00003491
     0.00725015     0.00729198    -0.00004183
     0.01072248     0.01075847    -0.00003599
    -0.01043187    -0.01041786    -0.00001400
     0.00016169     0.00019443    -0.00003274
     0.02124404     0.02124376     0.00000028
    -0.00558084    -0.00561701     0.00003617
     0.02019022     0.02018249     0.00000773
     0.00321971     0.00327548    -0.00005577
     0.02653472     0.02654476    -0.00001004
     0.01972975     0.01962999     0.00009977
     0.01623200     0.01622946     0.00000254
     0.02065624     0.02063489     0.00002135
     0.02039167     0.02040188    -0.00001021
    -0.00027421    -0.00030131     0.00002710
     0.01158076     0.01153110     0.00004966
    -0.03117644    -0.03120308     0.00002664
    -0.02999770    -0.02986557    -0.00013213
    -0.03125824    -0.03126918     0.00001094
    -0.03417867    -0.03423509     0.00005642
     0.02395508     0.02395204     0.00000304
    -0.03123679    -0.03124675     0.00000996
     0.03064579     0.03053737     0.00010842
    -0.00199489    -0.00206315     0.00006825
     0.01049875     0.01048634     0.00001242
     0.00622109     0.00615663     0.00006447
     0.00883554     0.00880361     0.00003193
    -0.03902586    -0.03897373    -0.00005213
     0.02606364     0.02604760     0.00001604
     0.01079119     0.01072915     0.00006204
    -0.04233945    -0.04234441     0.00000496
    -0.03746532    -0.03753039     0.00006507
     0.05068028     0.05062761     0.00005267
     0.00902841     0.00901317     0.00001524
    -0.04378470    -0.04379197     0.00000727
    -0.02374395    -0.02365007    -0.00009388
    -0.03242824    -0.03244277     0.00001453
    -0.03240533    -0.03241907     0.00001374
     0.02365214     0.02358271     0.00006943
     0.01063127     0.01057124     0.00006003
     0.00832649     0.00831415     0.00001234
    -0.03256680    -0.03258178     0.00001497
    -0.02605866    -0.02600235    -0.00005631
    -0.04467176    -0.04468019     0.00000843
    -0.03239371    -0.03224098    -0.00015273
    -0.03358046    -0.03359685     0.00001639
    -0.03355613    -0.03357183     0.00001570
    -0.05094361    -0.05085658    -0.00008703
    -0.04568533    -0.04565040    -0.00003493
    -0.04660742    -0.04660271    -0.00000470
    -0.03468137    -0.03469311     0.00001174
    -0.05612806    -0.05617847     0.00005042
    -0.03577168    -0.03576874    -0.00000294
    -0.03579922    -0.03579658    -0.00000264
    -0.00726892    -0.00727593     0.00000700
     0.03268741     0.03273913    -0.00005172
    -0.00514186    -0.00515511     0.00001325
    -0.00110470    -0.00118278     0.00007808
     0.01622196     0.01585897     0.00036299
     0.03270068     0.03271584    -0.00001515
     0.01386771     0.01380578     0.00006193
     0.01397792     0.01395903     0.00001889
    -0.00454827    -0.00453942    -0.00000886
     0.00055190     0.00055393    -0.00000203
    -0.00152397    -0.00157266     0.00004869
     0.02685816     0.02683782     0.00002033
    -0.00481954    -0.00484643     0.00002689
    -0.00087199    -0.00091334     0.00004135
    -0.01002076    -0.01005652     0.00003577
    -0.00419197    -0.00426605     0.00007408
     0.00891246     0.00893696    -0.00002449
     0.02864216     0.02860452     0.00003764
    -0.00283094    -0.00282317    -0.00000777
     0.03573998     0.03572428     0.00001570
    -0.00187353    -0.00189079     0.00001726
     0.02794862     0.02803439    -0.00008576
    -0.00746408    -0.00748320     0.00001912
     0.03074416     0.03071965     0.00002451
    -0.00439894    -0.00442864     0.00002971
     0.02695054     0.02666261     0.00028793
     0.01619069     0.01606568     0.00012502
    -0.00223795    -0.00226382     0.00002588
    -0.01085119    -0.01090244     0.00005124
     0.02213799     0.02216107    -0.00002309
    -0.00163791    -0.00169709     0.00005918
     0.02299928     0.02302507    -0.00002579
     0.01420407     0.01411434     0.00008973
     0.02406801     0.02412173    -0.00005373
    -0.00571167    -0.00571300     0.00000133
    -0.00616550    -0.00623362     0.00006812
    -0.00075898    -0.00081594     0.00005696
     0.01057658     0.01065926    -0.00008268
     0.00295287     0.00296765    -0.00001478
     0.02378496     0.02365618     0.00012877
     0.01503478     0.01497309     0.00006169
    -0.00293333    -0.00292991    -0.00000342
    -0.00582076    -0.00585408     0.00003332
     0.00030839     0.00031489    -0.00000650
     0.00048142     0.00052417    -0.00004275
     0.01865490     0.01878638    -0.00013148
     0.00768455     0.00763471     0.00004984
     0.03126175     0.03126190    -0.00000015
     0.02341055     0.02348209    -0.00007154
     0.02285166     0.02253648     0.00031518
    -0.00142487    -0.00148808     0.00006321
     0.01697014     0.01697463    -0.00000450
     0.02638264     0.02644902    -0.00006638
     0.01624008     0.01617920     0.00006088
     0.03527096     0.03523742     0.00003354
     0.01001278     0.01004093    -0.00002814
     0.00283668     0.00282409     0.00001259
    -0.00128718    -0.00134419     0.00005701
    -0.00103360    -0.00108996     0.00005636
     0.02962267     0.02966973    -0.00004706
     0.02414469     0.02420496    -0.00006027
    -0.00100377    -0.00106392     0.00006015
     0.03526100     0.03521636     0.00004464
    -0.00125730    -0.00132078     0.00006347
     0.03517401     0.03519956    -0.00002555
     0.01748155     0.01742187     0.00005968
     0.02982188     0.02980959     0.00001229
     0.03002556     0.02988339     0.00014217
     0.01650964     0.01652532    -0.00001568
     0.01016987     0.01018566    -0.00001579
     0.01875686     0.01869872     0.00005814
     0.01046700     0.01045831     0.00000868
    -0.00310436    -0.00316232     0.00005796
     0.02838561     0.02836302     0.00002260
     0.02006293     0.02000724     0.00005569
    -0.00445216    -0.00448493     0.00003276
     0.03523480     0.03524190    -0.00000710
     0.02695745     0.02692603     0.00003142
     0.01922648     0.01892532     0.00030116
     0.02139727     0.02134475     0.00005251
     0.03255097     0.03249269     0.00005828
     0.02554066     0.02550231     0.00003835
     0.02275726     0.02270845     0.00004881
     0.02413963     0.02409535     0.00004428
     0.02121702     0.02119394     0.00002308
     0.02730208     0.02733805    -0.00003596
     0.02588195     0.02588006     0.00000189
    -0.00217457    -0.00219911     0.00002454
     0.01917007     0.01921252    -0.00004245
     0.02029172     0.02029178    -0.00000006
     0.01252056     0.01256043    -0.00003987
     0.01679454     0.01675377     0.00004078
    -0.00987028    -0.00983250    -0.00003777
     0.02706586     0.02704801     0.00001785
     0.01264304     0.01265628    -0.00001325
     0.01013243     0.01008500     0.00004744
     0.01790389     0.01793082    -0.00002693
    -0.01522594    -0.01526156     0.00003562
     0.01254445     0.01258615    -0.00004170
     0.01665995     0.01658809     0.00007187
    -0.00061002    -0.00051081    -0.00009921
    -0.00070633    -0.00058020    -0.00012613
    -0.00070633    -0.00058020    -0.00012613
    -0.00184991    -0.00188800     0.00003809
    -0.00179149    -0.00172047    -0.00007102
    -0.00056597    -0.00049786    -0.00006811
    -0.00056597    -0.00049786    -0.00006811
    -0.00137758    -0.00121924    -0.00015834
    -0.00141945    -0.00134076    -0.00007870
    -0.00179056    -0.00182465     0.00003408
    -0.00047103    -0.00067338     0.00020235
    -0.00082246    -0.00090400     0.00008154
    -0.00136754    -0.00132996    -0.00003758
    -0.00040763    -0.00047382     0.00006620
    -0.00174896    -0.00177413     0.00002518
    -0.00063419    -0.00055221    -0.00008197
    -0.01707705    -0.01709543     0.00001838
    -0.00063446    -0.00055221    -0.00008225
    -0.00091294    -0.00111179     0.00019884
    -0.00184825    -0.00187981     0.00003156
    -0.00099651    -0.00098751    -0.00000900
    -0.00130302    -0.00120359    -0.00009943
    -0.00128936    -0.00119547    -0.00009389
    -0.00060175    -0.00051496    -0.00008679
    -0.00060175    -0.00051496    -0.00008679
    -0.00181984    -0.00183621     0.00001637
    -0.00131953    -0.00128871    -0.00003082
     0.00776757     0.00768866     0.00007891
    -0.00102601    -0.00104684     0.00002084
    -0.00177571    -0.00181412     0.00003841
    -0.00180090    -0.00183694     0.00003604
     0.01075375     0.01082774    -0.00007399
    -0.00171696    -0.00175101     0.00003405
    -0.00154683    -0.00138763    -0.00015920
    -0.00156599    -0.00148078    -0.00008521
    -0.00112533    -0.00126900     0.00014367
    -0.00086728    -0.00097138     0.00010410
    -0.00091974    -0.00109571     0.00017596
    -0.00138971    -0.00127031    -0.00011941
    -0.00173981    -0.00179683     0.00005702
    -0.00153663    -0.00144495    -0.00009167
    -0.00145913    -0.00130484    -0.00015429
    -0.04089224    -0.04087400    -0.00001824
    -0.00048491    -0.00064361     0.00015870
    -0.00142188    -0.00130275    -0.00011912
    -0.00046458    -0.00057750     0.00011292
    -0.00117156    -0.00134892     0.00017736
    -0.00088940    -0.00100923     0.00011982
    -0.00091096    -0.00105500     0.00014405
    -0.00090521    -0.00104121     0.00013600
    -0.00091106    -0.00105500     0.00014394
    -0.00071395    -0.00059330    -0.00012065
    -0.00071395    -0.00059330    -0.00012065
    -0.00068760    -0.00058266    -0.00010494
    -0.00068760    -0.00058266    -0.00010494
    -0.00175456    -0.00179180     0.00003724
    -0.00119561    -0.00114591    -0.00004970
    -0.00072156    -0.00084125     0.00011968
    -0.00072156    -0.00084125     0.00011968
    -0.00116408    -0.00132180     0.00015773
    -0.00067982    -0.00064265    -0.00003717
    -0.00067982    -0.00064265    -0.00003717
    -0.00117757    -0.00137897     0.00020140
    -0.00121842    -0.00116674    -0.00005167
     0.04360842     0.04354828     0.00006014
    -0.04141734    -0.04132137    -0.00009597
    -0.00112658    -0.00121414     0.00008756
    -0.00107907    -0.00109536     0.00001629
    -0.00131352    -0.00144662     0.00013310
    -0.00112059    -0.00118950     0.00006891
    -0.00789737    -0.00781254    -0.00008483
     0.03708727     0.03720108    -0.00011381
    -0.00074671    -0.00081319     0.00006648
    -0.00074671    -0.00081319     0.00006648
    -0.00125722    -0.00125873     0.00000151
    -0.00126076    -0.00128347     0.00002271
    -0.00073596    -0.00074676     0.00001080
    -0.00073596    -0.00074676     0.00001080
    -0.00117942    -0.00128107     0.00010165
     0.02446976     0.02447499    -0.00000523
    -0.00451157    -0.00459107     0.00007951
    -0.00134707    -0.00141795     0.00007088
    -0.00140367    -0.00141726     0.00001359
     0.03066737     0.03075460    -0.00008724
    -0.05329598    -0.05328760    -0.00000838
     0.01981735     0.01990569    -0.00008834
    -0.01078945    -0.01068016    -0.00010929
     0.00826949     0.00820982     0.00005966
     0.02671913     0.02669397     0.00002517
    -0.04264054    -0.04252260    -0.00011794
    -0.00460509    -0.00467080     0.00006571
    -0.01993610    -0.01976015    -0.00017595
     0.03151990     0.03155978    -0.00003988
    -0.00806116    -0.00815782     0.00009666
     0.03037305     0.03026746     0.00010559
    -0.01266774    -0.01264408    -0.00002367
    -0.04546761    -0.04549494     0.00002732
     0.03223962     0.03239788    -0.00015827
     0.03424629     0.03432032    -0.00007403
    -0.02179814    -0.02176954    -0.00002861
    -0.00083136    -0.00093340     0.00010204
    -0.00083136    -0.00093340     0.00010204
    -0.00083136    -0.00093340     0.00010204
    -0.00083136    -0.00093340     0.00010204
    -0.00151086    -0.00167373     0.00016287
    -0.00147769    -0.00156053     0.00008285
    -0.00134966    -0.00139795     0.00004829
    -0.00158286    -0.00169770     0.00011484
    -0.00040003    -0.00043988     0.00003985
    -0.00040003    -0.00043988     0.00003985
    -0.00040003    -0.00043988     0.00003985
    -0.00040003    -0.00043988     0.00003985
    -0.00040003    -0.00043988     0.00003985
    -0.00040003    -0.00043988     0.00003985
    -0.00040003    -0.00043988     0.00003985
    -0.00040003    -0.00043988     0.00003985
    -0.00040003    -0.00043988     0.00003985
    -0.00040003    -0.00043988     0.00003985
    -0.00040003    -0.00043988     0.00003985
    -0.00164901    -0.00180187     0.00015286
    -0.00150874    -0.00160338     0.00009465
    -0.00039976    -0.00043988     0.00004012
    -0.00084913    -0.00092433     0.00007520
    -0.00162283    -0.00175361     0.00013078
    -0.00127845    -0.00142360     0.00014515
    -0.00108304    -0.00111740     0.00003436
    -0.00016604    -0.00026563     0.00009958
    -0.00091504    -0.00103405     0.00011901
    -0.00088037    -0.00094851     0.00006814
    -0.00160800    -0.00177106     0.00016306
    -0.00145004    -0.00153749     0.00008745
    -0.00095749    -0.00101035     0.00005286
    -0.00120704    -0.00134984     0.00014280
    -0.00784700    -0.00789557     0.00004857
    -0.00142073    -0.00157793     0.00015719
    -0.00066401    -0.00074682     0.00008281
    -0.00066401    -0.00074682     0.00008281
    -0.00066401    -0.00074682     0.00008281
    -0.00066401    -0.00074682     0.00008281
    -0.00066401    -0.00074682     0.00008281
    -0.00066401    -0.00074682     0.00008281
    -0.00066401    -0.00074682     0.00008281
    -0.00066374    -0.00074682     0.00008308
    -0.00066374    -0.00074682     0.00008308
    -0.00066374    -0.00074682     0.00008308
    -0.00066374    -0.00074682     0.00008308
    -0.00066374    -0.00074682     0.00008308
    -0.00142816    -0.00152600     0.00009784
    -0.00143932    -0.00159615     0.00015683
    -0.00131684    -0.00138509     0.00006825
    -0.00145290    -0.00160985     0.00015695
    -0.00113471    -0.00118526     0.00005054
    -0.00051879    -0.00058258     0.00006379
    -0.00051879    -0.00058258     0.00006379
    -0.00051879    -0.00058258     0.00006379
    -0.00051879    -0.00058258     0.00006379
    -0.00051879    -0.00058258     0.00006379
    -0.00051879    -0.00058258     0.00006379
    -0.00051879    -0.00058258     0.00006379
    -0.00051879    -0.00058258     0.00006379
    -0.00051879    -0.00058258     0.00006379
    -0.00051879    -0.00058258     0.00006379
    -0.00051879    -0.00058258     0.00006379
    -0.00051879    -0.00058258     0.00006379
    -0.00025527    -0.00036915     0.00011388
    -0.00061898    -0.00077399     0.00015501
    -0.00093066    -0.00103134     0.00010069
     0.01854396     0.01845787     0.00008609
     0.02042710     0.02043955    -0.00001245
    -0.00108421    -0.00122230     0.00013809
    -0.00136468    -0.00146465     0.00009998
    -0.00095049    -0.00103798     0.00008749
    -0.00144209    -0.00156681     0.00012472
    -0.00113828    -0.00120612     0.00006784
     0.02171120     0.02178293    -0.00007173
    -0.00098432    -0.00107753     0.00009321
    -0.00117882    -0.00125771     0.00007888
    -0.00125439    -0.00140456     0.00015017
    -0.00130949    -0.00146264     0.00015314
    -0.00035742    -0.00048815     0.00013073
    -0.04656203    -0.04661820     0.00005618
    -0.00126288    -0.00135939     0.00009651
    -0.00102946    -0.00114520     0.00011574
    -0.00131396    -0.00142752     0.00011356
    -0.00128255    -0.00143211     0.00014956
    -0.00047582    -0.00062314     0.00014732
    -0.00104519    -0.00115766     0.00011247
     0.02376681     0.02378848    -0.00002168
    -0.00108029    -0.00117857     0.00009827
    -0.00112642    -0.00125738     0.00013096
    -0.00131279    -0.00145448     0.00014169
    -0.00122666    -0.00137130     0.00014464
    -0.00114748    -0.00128451     0.00013703
     0.02001585     0.02000993     0.00000592
    -0.00124405    -0.00138186     0.00013781
    -0.00119613    -0.00132155     0.00012542
     0.01343225     0.01342108     0.00001117
     0.00403137     0.00402479     0.00000657
    -0.01584750    -0.01587874     0.00003124
    -0.02415280    -0.02416297     0.00001017
    -0.00205304    -0.00191783    -0.00013521
    -0.01077672    -0.01051182    -0.00026489
    -0.00231436    -0.00213176    -0.00018259
    -0.03761705    -0.03758976    -0.00002729
    -0.00314504    -0.00303772    -0.00010731
    -0.00216453    -0.00205233    -0.00011220
     0.03439734     0.03439175     0.00000559
    -0.00161230    -0.00148115    -0.00013115
    -0.00161230    -0.00148115    -0.00013115
    -0.00228023    -0.00209294    -0.00018729
    -0.00180025    -0.00170766    -0.00009259
    -0.00180025    -0.00170766    -0.00009259
    -0.00235183    -0.00221636    -0.00013546
    -0.00235183    -0.00221636    -0.00013546
    -0.00292441    -0.00285287    -0.00007154
    -0.00325677    -0.00315337    -0.00010340
    -0.03831706    -0.03838242     0.00006536
    -0.00955710    -0.00948754    -0.00006956
    -0.00257926    -0.00249561    -0.00008365
    -0.02764429    -0.02758151    -0.00006278
     0.00597323     0.00584640     0.00012683
    -0.00251754    -0.00237251    -0.00014503
    -0.04795147    -0.04795582     0.00000435
    -0.00263978    -0.00245160    -0.00018818
    -0.00269733    -0.00261698    -0.00008034
    -0.00276800    -0.00270030    -0.00006770
    -0.01765970    -0.01775587     0.00009617
    -0.00224687    -0.00207714    -0.00016974
    -0.00292351    -0.00276474    -0.00015877
     0.01044678     0.01039986     0.00004692
     0.03538248     0.03537619     0.00000628
     0.00996024     0.00998002    -0.00001979
    -0.00274274    -0.00263345    -0.00010929
    -0.06052406    -0.06057641     0.00005236
    -0.03038407    -0.03035921    -0.00002486
    -0.00285075    -0.00276371    -0.00008703
    -0.00276389    -0.00265838    -0.00010551
     0.02937616     0.02938848    -0.00001232
    -0.00468240    -0.00451995    -0.00016245
    -0.00230883    -0.00214513    -0.00016370
     0.01850513     0.01855049    -0.00004536
    -0.00250407    -0.00239100    -0.00011307
    -0.00284468    -0.00271287    -0.00013181
    -0.01807519    -0.01794710    -0.00012809
    -0.02699193    -0.02700867     0.00001674
    -0.00237055    -0.00222277    -0.00014777
    -0.00635029    -0.00643005     0.00007976
    -0.01383900    -0.01382116    -0.00001785
     0.03637912     0.03637151     0.00000761
     0.01584587     0.01585866    -0.00001279
     0.01367435     0.01372020    -0.00004585
    -0.00252369    -0.00240303    -0.00012066
    -0.00271847    -0.00261240    -0.00010607
    -0.00247822    -0.00234448    -0.00013374
    -0.00693703    -0.00680225    -0.00013478
    -0.00307617    -0.00293275    -0.00014342
    -0.04074018    -0.04069290    -0.00004728
    -0.01818221    -0.01826145     0.00007924
    -0.00957267    -0.00951344    -0.00005923
    -0.03792062    -0.03784856    -0.00007205
     0.02508405     0.02488874     0.00019532
     0.01935296     0.01936846    -0.00001551
     0.02469488     0.02471114    -0.00001626
    -0.03021460    -0.03043006     0.00021546
    -0.02126047    -0.02120067    -0.00005980
     0.01860976     0.01857818     0.00003158
    -0.00246647    -0.00228747    -0.00017900
    -0.00209245    -0.00200653    -0.00008591
     0.02941227     0.02948334    -0.00007107
    -0.00442699    -0.00454119     0.00011419
    -0.00914556    -0.00927345     0.00012790
    -0.01251906    -0.01239148    -0.00012758
    -0.02743022    -0.02745981     0.00002959
    -0.01993863    -0.01991534    -0.00002328
    -0.02628794    -0.02622972    -0.00005822
    -0.04161429    -0.04173491     0.00012062
    -0.02050119    -0.02045127    -0.00004993
    -0.01299031    -0.01305339     0.00006309
    -0.01897156    -0.01899197     0.00002041
    -0.04834312    -0.04843906     0.00009593
    -0.02102896    -0.02106460     0.00003564
    -0.01564905    -0.01558319    -0.00006586
    -0.01480182    -0.01476145    -0.00004038
    -0.00730762    -0.00700232    -0.00030529
     0.00421855     0.00424738    -0.00002882
    -0.02167518    -0.02161062    -0.00006456
    -0.00695305    -0.00700402     0.00005097
     0.01038182     0.01040219    -0.00002037
     0.00208129     0.00196884     0.00011245
    -0.01798352    -0.01803823     0.00005471
     0.00171655     0.00173215    -0.00001560
    -0.02100278    -0.02102386     0.00002108
    -0.01701071    -0.01707243     0.00006172
     0.00540938     0.00541077    -0.00000139
     0.00816872     0.00825403    -0.00008531
     0.00861395     0.00856578     0.00004817
    -0.02447749    -0.02449786     0.00002037
     0.00495917     0.00478775     0.00017142
     0.02000948     0.01992992     0.00007957
     0.01771992     0.01768627     0.00003365
    -0.01299096    -0.01297063    -0.00002033
     0.02228025     0.02227455     0.00000570
     0.01858883     0.01853918     0.00004965
     0.00676015     0.00684305    -0.00008290
    -0.04939397    -0.04947829     0.00008432
     0.01084273     0.01080162     0.00004111
     0.03724022     0.03709023     0.00014999
     0.01208009     0.01204736     0.00003273
    -0.01262140    -0.01264442     0.00002302
    -0.01262140    -0.01264442     0.00002302
     0.01419795     0.01428995    -0.00009200
    -0.01992652    -0.02002275     0.00009623
     0.00248777     0.00251150    -0.00002373
    -0.02165645    -0.02117762    -0.00047883
     0.01447140     0.01447595    -0.00000455
     0.01794107     0.01805541    -0.00011435
     0.01719847     0.01729747    -0.00009901
     0.00122612     0.00107363     0.00015249
     0.02547252     0.02556541    -0.00009289
     0.00945688     0.00957019    -0.00011331
     0.01317292     0.01326367    -0.00009075
     0.00852799     0.00870312    -0.00017513
    -0.01423090    -0.01419578    -0.00003512
    -0.01423090    -0.01419578    -0.00003512
    -0.00003586     0.00001019    -0.00004606
    -0.01338806    -0.01341822     0.00003016
     0.01650131     0.01660520    -0.00010389
     0.00176401     0.00160379     0.00016022
    -0.02533489    -0.02555644     0.00022155
     0.05814926     0.05801365     0.00013562
     0.01562034     0.01573479    -0.00011445
    -0.02451174    -0.02454145     0.00002971
     0.02344634     0.02333779     0.00010854
     0.02079048     0.02088561    -0.00009513
    -0.01556230    -0.01547937    -0.00008293
     0.01630721     0.01641121    -0.00010400
     0.00765484     0.00763660     0.00001824
     0.01252924     0.01249772     0.00003152
     0.00926303     0.00913295     0.00013007
    -0.02133291    -0.02128395    -0.00004896
     0.05906621     0.05899150     0.00007470
    -0.01529087    -0.01528366    -0.00000721
    -0.01529087    -0.01528366    -0.00000721
    -0.01649824    -0.01659530     0.00009706
    -0.00066578    -0.00067691     0.00001113
     0.01023186     0.01030847    -0.00007661
    -0.00650883    -0.00648341    -0.00002541
    -0.00110633    -0.00115791     0.00005158
     0.01435218     0.01427566     0.00007652
     0.05688921     0.05678108     0.00010813
     0.00019464     0.00015670     0.00003794
    -0.01560252    -0.01560134    -0.00000118
    -0.01722821    -0.01724415     0.00001594
     0.00362994     0.00356781     0.00006213
    -0.01663960    -0.01663540    -0.00000420
     0.00341756     0.00323868     0.00017888
     0.05386908     0.05381516     0.00005391
    -0.00123281    -0.00122278    -0.00001003
    -0.01706810    -0.01706761    -0.00000049
    -0.01604941    -0.01605379     0.00000438
    -0.01604941    -0.01605379     0.00000438
     0.01452095     0.01454728    -0.00002633
     0.01055377     0.01045144     0.00010233
     0.05108943     0.05113741    -0.00004798
     0.05976654     0.05991468    -0.00014814
    -0.01173404    -0.01178784     0.00005380
     0.00389376     0.00381869     0.00007507
     0.05968823     0.05969399    -0.00000576
    -0.01610688    -0.01600593    -0.00010095
    -0.02800253    -0.02802477     0.00002224
    -0.02366144    -0.02372930     0.00006785
     0.00469225     0.00469159     0.00000066
     0.05797171     0.05806517    -0.00009346
    -0.01956673    -0.01956082    -0.00000590
    -0.00427314    -0.00421790    -0.00005524
    -0.02039692    -0.02042170     0.00002478
    -0.01105008    -0.01101445    -0.00003563
    -0.02364912    -0.02369108     0.00004197
     0.05636096     0.05635214     0.00000882
    -0.02247856    -0.02249850     0.00001994
    -0.01445572    -0.01450160     0.00004587
    -0.02411974    -0.02415728     0.00003755
    -0.02700880    -0.02704250     0.00003370
    -0.02334906    -0.02335126     0.00000221
    -0.02647208    -0.02650850     0.00003642
    -0.01675538    -0.01678350     0.00002811
     0.06032068     0.06022297     0.00009771
    -0.01737265    -0.01736740    -0.00000524
    -0.01737265    -0.01736740    -0.00000524
    -0.02888276    -0.02885640    -0.00002637
    -0.01876799    -0.01875003    -0.00001796
    -0.01876799    -0.01875003    -0.00001796
    -0.02089815    -0.02091475     0.00001660
    -0.02089843    -0.02091475     0.00001633
    -0.02761850    -0.02761855     0.00000005
    -0.01513236    -0.01513481     0.00000245
    -0.01513236    -0.01513481     0.00000245
    -0.02895049    -0.02891079    -0.00003970
    -0.04490042    -0.04491374     0.00001332
    -0.02251345    -0.02251902     0.00000557
     0.00001864     0.00002306    -0.00000442
    -0.00006634    -0.00003450    -0.00003184
    -0.00060722    -0.00061622     0.00000900
    -0.00019282    -0.00014266    -0.00005016
    -0.00061185    -0.00062621     0.00001436
    -0.00042760    -0.00042568    -0.00000192
    -0.00050657    -0.00047924    -0.00002733
    -0.00065481    -0.00067351     0.00001869
    -0.00042646    -0.00042452    -0.00000194
    -0.00050153    -0.00047565    -0.00002588
    -0.00062975    -0.00063272     0.00000296
    -0.00050502    -0.00047759    -0.00002742
    -0.00002321    -0.00003200     0.00000879
    -0.00002373    -0.00000494    -0.00001879
    -0.00063217    -0.00064688     0.00001470
    -0.00044825    -0.00043917    -0.00000908
    -0.00044689    -0.00043789    -0.00000900
    -0.00008144    -0.00005097    -0.00003047
    -0.00008144    -0.00005097    -0.00003047
    -0.00008144    -0.00005097    -0.00003047
    -0.00008144    -0.00005097    -0.00003047
    -0.00008172    -0.00005097    -0.00003074
    -0.00008172    -0.00005097    -0.00003074
    -0.00008172    -0.00005097    -0.00003074
    -0.00008172    -0.00005097    -0.00003074
    -0.00008172    -0.00005097    -0.00003074
    -0.00008172    -0.00005097    -0.00003074
    -0.00008172    -0.00005097    -0.00003074
    -0.00008172    -0.00005097    -0.00003074
    -0.00017173    -0.00013017    -0.00004156
    -0.00003761    -0.00004318     0.00000557
    -0.00003744    -0.00004309     0.00000565
    -0.00062543    -0.00063343     0.00000800
     0.00005799     0.00004671     0.00001128
     0.00005799     0.00004671     0.00001128
     0.00005772     0.00004671     0.00001100
     0.00005772     0.00004671     0.00001100
     0.00005772     0.00004671     0.00001100
     0.00005772     0.00004671     0.00001100
     0.00005772     0.00004671     0.00001100
     0.00005772     0.00004671     0.00001100
     0.00005772     0.00004671     0.00001100
     0.00005772     0.00004671     0.00001100
     0.00005772     0.00004671     0.00001100
     0.00005772     0.00004671     0.00001100
    -0.00075035    -0.00072210    -0.00002825
    -0.00073713    -0.00070474    -0.00003239
    -0.00075327    -0.00072176    -0.00003151
    -0.00015026    -0.00011738    -0.00003288
    -0.00005431    -0.00005464     0.00000033
    -0.00072001    -0.00070753    -0.00001249
    -0.00064630    -0.00065028     0.00000399
     0.00003007     0.00002376     0.00000631
     0.00003007     0.00002376     0.00000631
     0.00003007     0.00002376     0.00000631
     0.00003007     0.00002376     0.00000631
     0.00003007     0.00002376     0.00000631
     0.00003007     0.00002376     0.00000631
     0.00003007     0.00002376     0.00000631
     0.00003007     0.00002376     0.00000631
     0.00003007     0.00002376     0.00000631
     0.00003007     0.00002376     0.00000631
     0.00003007     0.00002376     0.00000631
     0.00003007     0.00002376     0.00000631
    -0.00064788    -0.00065299     0.00000511
    -0.00012977    -0.00010447    -0.00002530
    -0.00004226    -0.00002600    -0.00001625
    -0.00004253    -0.00002600    -0.00001653
    -0.00004253    -0.00002600    -0.00001653
    -0.00004253    -0.00002600    -0.00001653
    -0.00004253    -0.00002600    -0.00001653
    -0.00004253    -0.00002600    -0.00001653
    -0.00004253    -0.00002600    -0.00001653
    -0.00004253    -0.00002600    -0.00001653
    -0.00004253    -0.00002600    -0.00001653
    -0.00004253    -0.00002600    -0.00001653
    -0.00004253    -0.00002600    -0.00001653
    -0.00004253    -0.00002600    -0.00001653
    -0.00069163    -0.00067439    -0.00001724
    -0.00072113    -0.00070105    -0.00002008
    -0.00011110    -0.00009195    -0.00001916
    -0.00011113    -0.00009177    -0.00001936
    -0.00069960    -0.00068204    -0.00001757
    -0.00070409    -0.00069324    -0.00001085
    -0.00009285    -0.00007920    -0.00001365
    -0.00071008    -0.00069519    -0.00001489
    -0.00067841    -0.00067455    -0.00000386
    -0.00000634    -0.00000073    -0.00000561
    -0.00000634    -0.00000073    -0.00000561
    -0.00000634    -0.00000073    -0.00000561
    -0.00000634    -0.00000073    -0.00000561
    -0.00000634    -0.00000073    -0.00000561
    -0.00000634    -0.00000073    -0.00000561
    -0.00000634    -0.00000073    -0.00000561
    -0.00000634    -0.00000073    -0.00000561
    -0.00000634    -0.00000073    -0.00000561
    -0.00000634    -0.00000073    -0.00000561
    -0.00000634    -0.00000073    -0.00000561
    -0.00000634    -0.00000073    -0.00000561
     0.00618640     0.00619085    -0.00000445
     0.00007608     0.00006887     0.00011456     0.00013138     0.00064938
