                 -1.64730070143200091337
                  1.28433872909163748766
                  0.95852676825390681348
                 -1.00515283345854022912
                  0.79448317335123386229
                 -0.33579428543899614290
                  0.27931900295961542557
                 -0.24907649731229156154
                 -0.40086342699940868961
                  0.28349320719394927037
                 -0.76679835830047937684
                  0.96473061592059383695
                  0.98178459221450775640
                 -0.93222283410934547732
                 -1.36117137626551265583
                  1.70756068564357921247
                 -1.49485643971456205747
                 -1.18808482213243316039
                 -0.85536424381590170363
                  0.67887211541109704349
                  0.71254946226619542138
                  0.27395292106906571350
                 -0.01815095428042425019
                  0.21884967049902695480
                  0.53695924151140150826
                  0.65818355590179955517
                 -0.88120061778352343218
                 -1.17761231848667735633
                  1.40908209150311636293
                  1.72339262068497300895
                  1.00035050932138602775
