49	2	1
15	15	
1	1006
  0.0541881623882446	  0.1350382824641063	  0.1028140005708283	  0.0927346680398666	  0.0117280532552035	  0.0090713076749631	  0.0408470470171072	  0.0526260938033361	  0.0385319098194729	  0.0526277675808892	  0.0128726918757860	  0.0349225647065768	  0.0828150393329164	  0.0058852994691477	  0.0215461304773807	  0.0770850245846771	  0.0439354400157636	  0.0007897724335645	  0.0045851585634036	  0.0079565401676183	  0.0045853042868650	  0.0070930858814314	  0.0205754373056020	  0.0029067970645120	  0.0022483227138577	  0.0102142303224282	  0.0139601798201338	  0.0186773398381833	  0.0139724675544693	  0.0010210765254475	  0.0017686151791450	  0.0024439626812095	  0.0044361902037443	  0.0082370923970868	  0.0082371203982217	  0.0159264523651613	  0.0205748337084173	  0.0436011329309125	  0.0205761424775803	  0.0013025091181282	  0.0047254956612206	  0.0373787366494818	  0.0034168931598526	  0.0097447243369872	  0.0364003753869738	  0.0006385113086149	  0.0042037414877297	  0.0436197306075463	  0.0164091526951952	  0.0649165442743262
  0.0543042909167231	  0.1352417751153107	  0.7496490914067200	  0.2368878917907797	  0.0117280784653980	  0.0090713150881153	  0.0409318231451866	  0.0527041079294688	  0.1431295510618842	  0.0527057817058099	  0.0128922371537048	  0.0349672640846003	  0.1809736878476134	  0.0058853129549829	  0.0215461570603354	  0.2862853768365308	  0.0647155919335444	  0.0007897724344829	  0.0045851682283781	  0.0079720003256998	  0.0045853139518394	  0.0070930915654753	  0.0206053460209570	  0.0029068026022059	  0.0022483243422374	  0.0102284987628012	  0.0139773164729541	  0.0351689983123529	  0.0139896042070235	  0.0010210765285707	  0.0017686151824383	  0.0024439626827181	  0.0044362000486713	  0.0082371025883442	  0.0082371305894789	  0.0159574203032138	  0.0206047424242369	  0.1112585577051676	  0.0206060511924706	  0.0013025113878926	  0.0047255015004563	  0.0703823295716962	  0.0034201827726112	  0.0097545430423993	  0.0505503401207404	  0.0006385113101810	  0.0042037414916306	  0.1112804346850194	  0.0194046785841770	 -0.0045776354522802
                 -0.18035225507910160325
                  0.18551016409870724200
                  0.18792460787086376350
                 -0.12876193979334971118
                  0.13087153634252812751
                  0.41742464562477460399
                 -0.10535700364004052521
                 -0.11690866640283519018
                 -0.24759368204431866922
                 -0.34953496906023839852
                 -0.10503156910419171599
                  0.09264663697839771450
                  0.28840209825580559455
                 -0.04314082171759103107
                  0.35055786283927609093
                  0.24496311420736888165
                 -0.23473972945951787628
                 -0.33674808864026473110
                  0.37637884949014899227
                  0.09245399171249199521
                  0.27274767515577813537
                 -0.20034217172427040699
                 -0.07578429298065419983
                  0.24580924536591453045
                 -0.09896965019513695450
                  0.02159587061982510409
                  0.40621487407795398017
                  0.00116403208368060190
                 -0.17406431394378113486
                 -0.24178425709147557954
                 -0.33135480300621455996
                  0.22749895481007409437
                 -0.25476887414519960862
                  0.00746319063385742811
                  0.28469332345862063960
                  0.24282315227617515263
                  0.22458460807921337699
                  0.15590708927023275154
                 -0.32879436673533957158
                  0.07085698429525973119
                  0.16665065488358229984
                  0.07297359312927868824
                 -0.33407067775369231333
                  0.26713170245004747017
                 -0.41837808193415343405
                  0.02644629035592578614
                 -0.14982572529083948432
                  0.43038942539036834090
                 -0.06970052929383974138
                  0.25318095116855365845
                 -0.48507854430167163251
                  0.31117908941694283342
                 -0.47956833593433217944
                  0.11972648319384375515
                 -0.59385130142921338514
                  0.26259524614092361050
                 -0.43513251293835830680
                  0.00480094080347138845
                  0.02850523742915195974
                 -0.29212523025252767894
                  0.12824808570360182736
                 -0.45478044128444983230
                 -0.10941614702590851671
                  0.16126302104309017671
                 -0.06929639951905132433
                  0.46322315224363741493
                  0.22591641906129328321
                  0.70097763071798158130
                 -0.15585328322742481033
                 -0.20009248053863915029
                  0.00775874462274476519
                  0.07455325561220661756
                  0.16002481851334371399
                  0.25897242592296620955
                 -0.03012605890454790603
                  0.26988782124645149807
                 -0.10378767852583618836
                 -0.28886985871478082499
                 -0.38653924142310114309
                 -0.68465411862631053719
                  0.04444625384445812649
                  0.25819126398106451159
                 -0.13583330812606778104
                  0.11496803526086349367
                  0.03639085033744474812
                  0.12286967598984260830
                  0.43169408031151540461
                  0.09685871872847652553
                 -0.22223208912348071942
                 -0.05548596531266316439
                 -0.21704858776183699742
                  0.19483432135394404550
                 -0.36819588572086286993
                 -0.00169835381048061718
                 -0.16397648036060422094
                  0.03862376706955346350
                 -0.15499708120227317920
                  0.56492067717807126215
                  0.27189369101104393645
                 -0.30671400649030838848
                 -0.38445750874398398889
                  0.06754051103756814056
                  0.29064579490552910901
                 -0.26543430899460740413
                 -0.37581409304168961194
                  0.05014357806924649164
                 -0.28605758884835447153
                 -0.51063782628859111234
                  0.26631795455777823589
                  0.01235160715455756869
                  0.14962872530170426288
                 -0.35043928970546978086
                 -0.05663675134957200930
                 -0.10972590252388828014
                 -0.09042960887775440548
                 -0.19284905211470998454
                  0.17669191966664693494
                  0.10562947004416858854
                 -0.52289748396834989652
                 -0.00473211343516712155
                 -0.14283760926265126612
                 -0.29715125768235556292
                 -0.06076550839785105351
                  0.25567578644963051548
                 -0.02282437124247157362
                  0.47027813213349267674
                  0.02253109872217810145
                  0.11909616801942897457
                  0.52507037375104104182
                  0.40222754582764663756
                 -0.00952892406813857056
                 -0.15741529553983593659
                  0.10063459039466098044
                  0.25168877768291059160
                 -0.05768974940711352889
                  0.09064230887560119354
                 -0.25086243523730489269
                 -0.33160526407374124602
                 -0.23081067786773057371
                 -0.09593182933939700674
                  0.22673285904879297847
                 -0.17076572324839262018
                  0.14017291673372778149
                  0.18123246855490318663
                  0.00687789195506193721
                  0.02663816862075080519
                 -0.03035337948163749702
                 -0.24993162467715651642
                  0.09140412320026924942
                  0.47853222467832978726
                 -0.46689315953872728704
                  0.14728396638897053861
                 -0.07832770685389700560
                 -0.11407143428056792933
                 -0.11083020286754109718
                  0.64258295212152150011
                  0.23686133826252792067
                  0.11822395068088599468
                  0.14513416121513222912
                  0.15474793448730636558
                  0.09894060587328545875
                 -0.37290843147169644434
                  0.10255879954157776091
                 -0.10498232978893450029
                 -0.10557183476219010598
                 -0.35586590470811352294
                  0.06935276682702784523
                 -0.07837421447361395122
                  0.03420601068353045643
                 -0.32050829023565458042
                  0.10074388656029487077
                  0.18119152296162913118
                  0.09939493669750258664
                  0.07678809550438750464
                 -0.26931462620579832423
                 -0.02319688126597789501
                 -0.09630490229760793608
                  0.25532967905451642299
                  0.26740606784161830012
                  0.24167013091060909891
                 -0.14946068480048455007
                 -0.42543778566698819965
                  0.02555526575310075252
                 -0.21194988807621406579
                 -0.06714464411951240330
                 -0.10241662724432171183
                 -0.02275395509018227763
                  0.32172429251495737734
                  0.07813829844037409322
                 -0.07514997828602204555
                  0.20526665525100418197
                 -0.16954581733770179852
                  0.08977681742101309426
                 -0.30302492128054037135
                 -0.08456631475033069001
                  0.26530825924449130682
                  0.07711731080320374798
                 -0.45420888979098889005
                 -0.08811183062050879922
                 -0.16223791986310379110
                  0.21574369757662936742
                  0.11628259164622357924
                 -0.19534545035054659556
                  0.16450104176241600595
                  0.66186042272961864708
                  0.06456318323843177054
                  0.01727986085381719161
                  0.42244177099223817473
                  0.17446443316760343323
                 -0.04154979489763842987
                  0.14411304473461936104
                  0.26194551764852447295
                 -0.05493739229826433840
                  0.07324419520383988746
                 -0.10666389807798973277
                  0.14564858702433325366
                  0.15211653106280115244
                  0.13053961560325794133
                 -0.08024706293542555047
                  0.27586836792839308785
                 -0.05930298706962091465
                 -0.43268002614469724953
                 -0.13402475840783023564
                 -0.21167744406135041713
                  0.16735987419582087909
                  0.05008757379257329501
                 -0.30120166256569302909
                 -0.15892964948322746421
                  0.31644818444094896526
                 -0.29582636530479794468
                  0.03161039982168260126
                  0.12919539146349393044
                 -0.20723825465280321101
                  0.45193315109958259734
                 -0.38156633526590189032
                  0.08042833371768710882
                 -0.04682864186461408590
                 -0.40721851653547996852
                 -0.33175101154160602235
                  0.36633771390683328439
                 -0.04758791524640557796
                 -0.13655095473382994342
                 -0.02759079927380988714
                 -0.38823407574067647641
                  0.28478418157212570527
                 -0.00878909676320879796
                 -0.19918295092238091915
                 -0.11957512497593779377
                  0.18262111450592566353
                  0.15236755887456077119
                 -0.36630015532361048791
                  0.09445904017505268868
                  0.07304778392759396499
                  0.41714893168408884172
                  0.04195323606380541720
                  0.32491765473476191817
                 -0.18862299714071284473
                  0.05245467201500576132
                  0.34563504379800014110
                 -0.05663042978008691469
                 -0.28838952415022189868
                  0.01984168253186848960
                  0.03532210127024743712
                  0.10256887022900586237
                  0.18222048187855699464
                  0.18227072255467505202
                 -0.12365454062965484938
                 -0.26723392603511109122
                 -0.35372832398473652571
                  0.25224730894287111793
                  0.13888724929639431616
                  0.25922263279931545554
                  0.01940339793881108027
                 -0.53782035336938094350
                  0.02088504648235085803
                 -0.02580417271033677573
                  0.06930138672472745121
                 -0.04403932552432052866
                  0.04758421585879905880
                 -0.32790461644587276524
                 -0.00316852088282468768
                 -0.15840436482416633823
                  0.37165051895257944503
                  0.16159530184561179955
                 -0.33852498804859865178
                  0.31188608845055670882
                 -0.51844959032367865515
                 -0.26176512892523295939
                  0.17091147568884512697
                  0.36323455720553760040
                 -0.20943198716180347341
                  0.45149330057389358561
                 -0.16021890619435069647
                  0.30224687353461349160
                  0.20168030552758303697
                 -0.19858458702589601441
                 -0.44098174410146895319
                 -0.30828706994258742169
                 -0.12263612071755941590
                  0.05758119336344265371
                 -0.37004393966740883881
                  0.13084206505672660303
                  0.00428538767632449975
                  0.31082791570064738362
                  0.27277435422976642476
                 -0.13854891047222508971
                 -0.17540599175883880845
                 -0.11731554002600286246
                  0.23462016874651131504
                 -0.13722331794003367333
                  0.33892260745555119472
                  0.08059966112603000887
                 -0.06920616965257971043
                  0.09197778147161010665
                 -0.16576961798052905483
                 -0.07328323224117015700
                  0.38794948813622914807
                  0.18513734879907661757
                 -0.05926460162963015366
                  0.28633986427536484154
                 -0.17514134427093336344
                  0.11164357408902100821
                  0.12630083843986475434
                  0.08458692088127192643
                 -0.27218491732498817370
                 -0.24593178612268584704
                 -0.13973461451542740219
                 -0.32354929639868268421
                  0.09848798394534180600
                  0.02012844163009568088
                  0.22343030899979521298
                  0.23115750423882025499
                  0.13317761644221010053
                 -0.18059863209756318869
                 -0.08640175880167677569
                 -0.02091146978839894185
                  0.12542639567559751845
                 -0.22810678653198790400
                 -0.14587725728335609876
                  0.10631788835739659771
                  0.10774627148319135261
                 -0.02013175448310499868
                 -0.23018283018134419460
                 -0.29955118618890008708
                 -0.13346412518611566744
                  0.10106348258092193171
                  0.31416555903293580387
                  0.16972115925299455230
                  0.17440380528866872289
                 -0.06161649838742694341
                 -0.19943853849028672642
                  0.20106118444834519821
                  0.00127306068065887075
                  0.14257331364644940108
                  0.27093582321309889194
                 -0.18502317067181209276
                 -0.46417457643462040062
                  0.18088512765298869756
                 -0.25653410153243927372
                  0.06288213320209852519
                  0.08455729719303718694
                  0.13991168574024598348
                  0.23461393836527830170
                  0.20736631212165237970
                  0.04587294916641346254
                 -0.40175737833206931482
                  0.12112933619219273806
                 -0.36009064773879295718
                 -0.12180967459816958998
                  0.12492266649346819851
                  0.12400115449212462115
                 -0.08460938466022439874
                 -0.04146588354325311809
                  0.25686915717276792570
                  0.09230470971140269931
                  0.03929022265414221921
                 -0.31985101721575659450
                 -0.06159947539415966400
                  0.29006408893991536546
                  0.06443395368951208846
                  0.15404230387764075716
                 -0.22528693652569725669
                  0.14619920934347066521
                  0.15075409518516089125
                 -0.11288415249675072538
                  0.13654631540303693860
                  0.05624032059090214308
                  0.38152091226170170568
                 -0.28321276174543918991
                  0.07600041624247480532
                 -0.06345035123309800129
                 -0.32591646455457939924
                 -0.28196137934554910132
                 -0.19711187550018852144
                 -0.03291182587619469885
                  0.02564029542282534810
                 -0.01027280891614676915
                 -0.12289093733772418759
                 -0.20444316525097847026
                 -0.25435394341600808810
                 -0.12969936706238102686
                 -0.56872687050495840388
                  0.07105622776800511742
                 -0.34368660918617621736
                  0.13817126001936960722
                  0.29870918824215431098
                  0.47218167985549008847
                 -0.32304553157313892209
                  0.21093588745616881353
                  0.14017425057415860978
                  0.14049837040264101518
                 -0.43905765208536801092
                 -0.21962496739954154301
                  0.37853511577461573800
                 -0.15309865299356295587
                 -0.00090930575647535697
                  0.11507231495422393097
                 -0.31832161925628910115
                 -0.25967151163940471736
                 -0.11348845672786804506
                 -0.65248190248211113129
                 -0.03481571914420353298
                  0.05428157461476569579
                  0.42450614843737122239
                  0.31865533379303490058
                  0.26778360982138965651
                  0.01703094371684523226
                 -0.36290889737375081614
                  0.28350490687468010709
                  0.45700729942924339655
                 -0.47276365440148687691
                  0.06874218911302683310
                  0.26605545036901090405
                  0.24018006709578854085
                  0.11878323717537374316
                  0.09108314020528425481
                 -0.28036170220911665885
                  0.14180549814798582009
                  0.23321131929935756677
                  0.23766203273445421496
                 -0.14155248542445253435
                 -0.35693045112588628331
                  0.03124929017796554062
                  0.37551707549591578639
                 -1.03822551928969741830
                 -0.01158531715325145268
                  0.26688910150905281737
                  0.11773299442545220872
                  0.18489548446156597872
                  0.48262703479237251125
                 -0.41967104047756292884
                 -0.12059268242102058610
                 -0.07301473430888900940
                 -0.55288798299618813203
                  0.02003048441375989558
                 -0.16996369349341181043
                  0.06350426534050987448
                 -0.30618592738203553871
                  0.04309082444896408792
                  0.01355423012644465901
                  0.33276876800525645450
                 -0.32348496825770151064
                  0.10937031335518067332
                 -0.28071376698423405882
                  0.36691131058838533097
                  0.41127117839983867720
                 -0.24804902732346448269
                 -0.01597181510477987954
                 -0.67044850359458074696
                 -0.06473916943750231134
                 -0.42464400674225427634
                 -0.07412827890391454622
                 -0.14192353917707165034
                  0.13132890236246855253
                  0.35145443494384887018
                 -0.09303285372566894029
                 -0.01970363755306422937
                  0.02047114862976505065
                  0.22269313489617748036
                  0.30292654533607360490
                  0.07410192708876803258
                 -0.09720339857739355993
                 -0.49033571887388727184
                  0.22898225058944041144
                  0.45628876074826957288
                  0.01423583756608017524
                  0.06156799513147623998
                  0.53947154817824549689
                  0.13249772224754352568
                  0.64469948848887903559
                  0.34705416203432676303
                 -0.08063166094820729823
                  0.26468021156824023121
                 -0.37804842166728108710
                 -0.01955039735644377788
                 -0.52466814235542968969
                 -0.29493458298552899244
                 -0.05683963643031414437
                  0.37812327202620099609
                  0.05944092759443008606
                  0.01748643285317244209
                  0.29580829784448420261
                  0.01733804429535305489
                  0.08240066222207725888
                  0.18006344129292384260
                 -0.25965437942060676235
                  0.13935020385441043711
                 -0.13444015154637642406
                  0.11397669556352021947
                 -0.01658168395745892795
                 -0.68607922695296474913
                  0.02192745468480413601
                  0.49203510840979269858
                  0.06223809699110143673
                 -0.54630986347840593265
                 -0.05988621920005544191
                  0.32016563442029627451
                 -0.06426545770306620053
                 -0.03101445631963035965
                 -0.11506014401100755906
                  0.37995618975589401378
                  0.36413598496572419094
                 -0.13952103896418324713
                  0.63519283036021134681
                 -0.11817697640253534141
                  0.01412647511715801538
                 -0.09007555858203643295
                  0.02034531459322049332
                  0.44280955977325264783
                 -0.16033758226603314623
                  0.09947630106606733524
                 -0.26267075295505454280
                  0.25892397847648840337
                  0.12597059251814493597
                 -0.37830035976155707012
                  0.18628921689434896347
                  0.13839140657204734852
                  0.13675381596515401306
                 -0.21967965567311048547
                 -0.09518485015445499187
                 -0.13487694190791080229
                  0.08402884976067587219
                 -0.24842912431834018872
                 -0.13433742726808831081
                 -0.37222985772668748528
                  0.38544115344110552179
                 -0.23110867498832474154
                  0.04717944296935611820
                 -0.21469665564238527011
                  0.44710155823118180596
                  0.20804809668843032844
                  0.28508061183577249054
                 -0.17079746272883208902
                  0.18583105368089969378
                 -0.27014070509808130183
                 -0.09932957602138697828
                 -0.55517383951055521152
                  0.13588095242634237736
                  0.26182801819844020441
                 -0.70134885057532714292
                 -0.20981213382791405464
                  0.26551693470384823970
                  0.20232947439527765310
                 -0.06091719257118718978
                 -0.21856500004839507501
                 -0.28395825911371747052
                 -0.41418842154520246757
                 -0.03795263521885962332
                  0.24591316416533925970
                  0.23933580761945072446
                  0.21099316903455322958
                 -0.27649711750261701804
                  0.17842029889775151696
                  0.17245660662531259177
                  0.39812940298117671656
                 -0.04540618071694015739
                 -0.16337479065897367314
                 -0.35524437010895426603
                  0.08272205663401682729
                  0.20356249959203401301
                  0.18415525678317287706
                  0.03164042051312118686
                 -0.09691932349095426502
                  0.05129972323961720648
                  0.03361218940911336189
                 -0.07327899647136786043
                 -0.02783437278385326313
                  0.32282778272659840013
                 -0.24347369337389110355
                  0.25696892870467713532
                 -0.08701097031808545379
                  0.25661429030848531552
                  0.04017152973676708233
                 -0.11391170714794644769
                  0.45349558920519777994
                  0.10893038161756254945
                  0.13182111539488500229
                 -0.09649271230200581750
                  0.01140199717698346313
                 -0.31315509992601597844
                  0.40001146052100156059
                  0.22068396381448182608
                  0.32152025539284911915
                  0.02654907498467132601
                  0.29580672276549041522
                  0.08445578252255318830
                  0.03352279756267728672
                 -0.22097379705984812603
                 -0.03287647399483999144
                 -0.06921529314287662438
                 -0.06852093560949575057
                  0.02575655205520758703
                  0.38059825096133143019
                 -0.03596026037807141529
                 -0.33252214233484311823
                  0.11633890376137319411
                 -0.15460637693135695359
                 -0.19525811233786288801
                  0.40365358419436991877
                  0.01089207403000030591
                 -0.07266808766495437555
                 -0.05205051003653139718
                 -0.18661852586545540911
                  0.21589341231527350851
                 -0.09279483195464015288
                 -0.01225452577541038222
                 -0.05226824689830032039
                 -0.16728856074308889879
                  0.37496217698667611007
                  0.29442012736543637930
                  0.23880267724017958941
                 -0.44160289915623757162
                 -0.09691308710458451658
                 -0.09231784047514086933
                 -0.01585720557420102275
                 -0.05492615507306362888
                 -0.29003501461220709823
                  0.30635404872075183702
                  0.28548750932091165877
                  0.01611086282424045724
                 -0.27093020811103890599
                  0.01969074631434182196
                 -0.41409444238299902841
                  0.04880611930728318004
                 -0.12856091972294064751
                 -0.03326342820166480752
                  0.01750367487871402547
                 -0.27196130245678107329
                 -0.02969895026134173818
                  0.00849127705527110560
                 -0.14738148550276056192
                  0.45153502056984634594
                 -0.21536381264993287310
                 -0.07555213629102887352
                  0.15207983371435135345
                  0.42581667436392706128
                 -0.03061968037133161458
                  0.15573249797119967375
                 -0.30836378648894885446
                  0.08975036178906337092
                 -0.40726986885003929606
                 -0.44902922426240571285
                 -0.18211520130953343100
                  0.06469916328583796838
                  0.17426942743066145547
                  0.04705022117518341263
                  0.00728677409919783765
                  0.27761811850688128400
                  0.15592156909189094915
                  0.11820831320774857764
                 -0.00853085999238689663
                  0.40800752323419547940
                  0.41534959491548634203
                  0.02811223537464713901
                 -0.08394303293468198535
                  0.30572472647074921959
                 -0.03702656858129510509
                  0.10479794397793298910
                  0.16918046572827413754
                 -0.22232705924362472505
                  0.08940928424167429722
                 -0.14973013036104904083
                  0.29305171007784436288
                  0.24373000137486780514
                  0.07943483111469898383
                  0.05715987839921241737
                 -0.05154827786283670138
                  0.05689250578865145958
                  0.27131381256999781426
                 -0.48063155512902605571
                  0.25515779415841627342
                  0.29675639060263331315
                 -0.12444864234513441925
                 -0.37712105588128774780
                 -0.37212047932027397801
                  0.15373938675043952173
                  0.39773544344001343642
                 -0.10221976270937263576
                  0.02800903277819387707
                 -0.11749754428941799889
                  0.02073405890539206653
                  0.50652113098209283759
                 -0.00829260465042199434
                  0.32806320557143803240
                 -0.17663676323694771364
                 -0.40913830750169666306
                 -0.20163194437317763508
                 -0.17466975263261927398
                  0.15301926904002102758
                 -0.23694240267040198034
                  0.44516520530818848300
                  0.00534788804346712516
                 -0.35341949078358825265
                  0.20649800620718350430
                  0.35349130869281591982
                 -0.00070121899035855816
                 -0.17868350432723098531
                 -0.23589937586711876016
                  0.34024662528189381083
                 -0.20804498967805357124
                  0.06475849266118927083
                 -0.29132472080985222229
                 -0.14300890072325556091
                 -0.02765104781569610592
                 -0.01023328633296986118
                  0.03711842903366421864
                 -0.10430737075188892260
                  0.21692200766143548973
                 -0.09861103900497919517
                  0.28882789086738897000
                  0.38537693530012673282
                  0.45389751078225309966
                 -0.32845059229154510705
                  0.46599969970493770877
                 -0.26714450543063195109
                 -0.43157610328556472723
                 -0.58582921176010882558
                 -0.18576677455147921902
                 -0.04476700739990293471
                 -0.17878672844743187520
                 -0.38128768293025022684
                 -0.72435464868654597659
                 -0.08561319142692043471
                 -0.67633583065482671959
                  0.95637582797339604213
                  0.14333833835505260801
                  0.00737001415506797868
                  0.40592773614403770965
                 -0.67853551525749655760
                 -0.11311764555204593952
                  0.70151328040296778710
                 -0.68577481312756150000
                 -0.29490497811087862390
                  0.76615366228212267163
                 -0.47530917951441004066
                  0.39816660286311528205
                 -0.29038703168950413813
                  0.69461309265907300592
                 -0.31997581989173973227
                 -0.90062345867205728656
                 -0.36671653397661380103
                 -0.50446723247115199396
                 -0.52555964213658179496
                 -0.47089526342475762632
                  0.22907819976295812348
                  0.55704839762052804630
                 -0.62989783893474748933
                 -0.59039652927485664069
                 -0.12165981319956806206
                  0.11991899465960430271
                 -0.44156284568130266255
                  0.16603067442604929616
                  0.34136832312842702031
                  0.01621388809190570449
                  0.36428789506957814925
                 -0.86804198023305856324
                 -0.64895223590498551935
                 -0.17586380172928600674
                 -0.52978305326530672481
                 -0.16716997147447745786
                 -0.27393993139011196813
                  0.50969268123674393856
                  0.53767222470162800985
                  0.10047761359493885547
                 -0.01250553557794788391
                 -0.69664031900024814270
                  0.70233542450514396815
                 -0.14579689154709071786
                  0.59389025763989344853
                  0.25141545208713278470
                  0.71792153880242237651
                 -0.35431653478256158740
                 -0.57852742741880713861
                  0.26128917535758039437
                  0.43026708727109780339
                 -0.43494458380073508508
                  0.12582733454408137619
                  0.19798413002475315214
                 -0.47863765286658371823
                 -0.49111124804211359063
                 -0.58972788413258514506
                  0.24204185777025091775
                  0.00902606441909440012
                 -0.15089055062423661902
                 -0.13058453241737574824
                 -0.57554883014188851220
                 -0.81512268605738813498
                 -0.18247796567299479076
                  0.04027553415310110990
                  0.73245702628471298645
                  0.12730314758319793977
                  0.63322771334986327485
                 -0.95512138930926393510
                  0.73185304833246267453
                 -0.39133326420981956462
                 -0.04152780375332554980
                 -0.44913520058154271508
                 -0.35519560188921595056
                  0.21214736901280489834
                 -0.35857943082355925313
                 -0.30985530838285596511
                 -0.27619607471210783078
                 -0.03829713560403451289
                 -0.32937451619985785856
                 -0.82542658896738296814
                  0.58408284705656443592
                  0.58873422513977746728
                  0.10306475055275278463
                 -0.15225298441417633999
                  0.02048847282665644531
                 -0.75576036805969482035
                 -0.40244740077316287774
                  0.12115427781424494003
                  0.04822320467838741437
                  0.39790542361825559370
                  0.96968722897228620816
                  0.26210124573832166428
                 -0.32613891301327324612
                 -0.88256503073060543763
                 -0.70972928989452288562
                  0.26876014409097576108
                 -0.16827811798168193502
                 -0.66878072165629143253
                 -0.58807755123241733930
                  0.18972224813295884838
                  0.61120429847059853934
                 -0.26157526009021953017
                  0.45627816218534983372
                  0.37284182708305724230
                  0.38930361572387051083
                 -0.63779647548221607423
                  0.20162975249025116842
                 -0.06853431844746898927
                 -0.44759675387315073225
                  0.55559529949977293217
                 -0.15823372633047955160
                 -0.29271022615919756182
                 -0.62317352897669320289
                 -0.35912050888476315658
                  0.00271020274466248932
                  0.50379438118570973870
                  0.56390558339178731284
                 -0.58228331256054444154
                 -0.38435481714623787042
                  0.69092209844853502698
                 -0.01309515520873863817
                 -0.12292136659002259047
                 -0.51315388935699957074
                  0.47990455206967336244
                 -0.54903324011964083073
                 -0.63850540183562776164
                  0.59674391026553341710
                  0.11367035303273859137
                  0.79033761841744565313
                 -0.53272351341892643095
                  1.04522121814735480250
                  0.10748459432486230647
                 -0.67056652581736975183
                  0.30667331866468200419
                  0.79938164252553134403
                  0.30468635960685219732
                 -0.67576495880784559489
                  0.03171004907501170228
                  0.23507447186317553811
                  0.00109656423063529511
                  0.18821616568064050701
                  0.16482538735517543449
                 -0.67867299765829414149
                 -0.44737746375356718387
                  0.28949341273545198261
                  0.41931083559062387600
                  0.48175712449710361707
                  0.07604978322888281128
                  0.69138072370486536311
                 -0.48119561979768399329
                 -0.36704599735245579950
                 -0.44805100771057498887
                 -0.63007665878634944168
                 -0.27557727138124665789
                  0.28066334976420082015
                 -0.41316503988399433389
                 -0.19285132483387401603
                  0.28109003775648860879
                 -0.68486433614233754863
                  0.76742908897958894698
                  0.40853188860691724837
                 -0.44415410773601565753
                 -0.32872471436095240804
                  0.01006590845227202380
                 -0.40841884784805881914
                  0.37079721203980842148
                 -0.15945617049299415369
                  0.31738790475318756634
                 -0.62075329429728420827
                  0.69730237241476045185
                  0.24183747978839958970
                  0.40347932135871433790
                  0.53468263662487569565
                 -0.32178921843310481776
                  0.44440003061219252034
                 -0.12380775275729086204
                  0.50010691637352111538
                 -0.18104077694152881373
                 -0.76449353128418995329
                  0.37263133875864967726
                 -0.12147722176852693288
                  0.28841215576316803215
                  0.27432269679407284002
                 -0.96171603062360166980
                  0.91756776998235789478
                  0.02489133022947452936
                  0.61347645507124182185
                  0.80283976517705235576
                  0.33001077965186975671
                  0.63956754373679014503
                 -0.20286564012641633559
                 -0.27327052569852755548
                 -0.47312324940255195971
                  0.00109318221191248306
                 -1.16946119635788514657
                 -0.78433493108655349957
                  0.36006095630927120732
                  0.64804699043951419224
                  0.14801147474972403684
                 -0.01104902233521995979
                  0.57825242786782615756
                 -0.01764641344424677447
                 -0.15377831270342959269
                 -0.66209414639586405826
                  0.22030176859505068432
                  0.70973001558413439938
                  0.19488983406309853819
                  0.41954587431982814927
                 -0.09138599461599700158
                  0.84232087790403775696
                  0.29077108788017730356
                  0.78738652950259435670
                  0.61609955276562144988
                  0.46816477194962768937
                  0.48643717394983809754
                 -0.28529543795171302678
                 -0.50828951756982254651
                 -1.15452031908339547428
                 -0.28336116479563833170
                  0.96507845088214749829
                  1.57806325425138727070
                  0.61377371005714209673
                  0.31616147144062184404
                  0.25492847089808706729
                  1.19808591469298386656
                  1.45818546491481315641
                 -1.28119946072014578853
                  0.60635248351962833802
                 -0.66821438141281441769
                 -0.74838490563105564135
