                 -1.56003943410277901016
                 -1.24088520478664987579
                  0.89627722738953785608
                 -0.85524111252471402000
                  0.82390986507925256799
                  0.50392577197368870756
                 -0.27990820812900801817
                  0.02610443373017351174
                 -0.05764562649633751118
                 -0.32079057943458111346
                 -0.42208021215088226130
                 -0.96315327794347760371
                  0.95520977752217794965
                 -1.20876242530320610058
                  1.41878829362110203682
                  1.67348417508580959989
                 -1.49656240303695486915
                 -1.18533144631396969437
                 -0.95997163406601215829
                 -0.76050397506964662053
                 -0.50801089072562732873
                  0.22694260752511022372
                  0.17103553272078203529
                 -0.26665646127869746529
                  0.57051707191681000353
                 -0.72250052893729554970
                  0.88651394180746323492
                 -1.23776728720028583730
                  1.44235138389836459183
                 -1.83900240571029671699
                  0.49578697068363353218
