    -0.00103343    -0.00100573    -0.00002770
    -0.00747023    -0.00749389     0.00002366
    -0.00563668    -0.00559867    -0.00003800
    -0.00095749    -0.00100105     0.00004356
    -0.00051163    -0.00054708     0.00003545
     0.02273479     0.02278157    -0.00004678
     0.02194552     0.02193994     0.00000559
    -0.02411051    -0.02411704     0.00000653
    -0.01091158    -0.01090946    -0.00000211
    -0.00047024    -0.00051388     0.00004364
     0.01570511     0.01575589    -0.00005078
    -0.02315901    -0.02315223    -0.00000678
    -0.03150341    -0.03156762     0.00006421
    -0.00047141    -0.00046730    -0.00000411
    -0.01143482    -0.01146221     0.00002738
    -0.00247240    -0.00255847     0.00008607
    -0.01208986    -0.01207872    -0.00001114
    -0.01363641    -0.01363435    -0.00000207
     0.02277601     0.02271184     0.00006417
     0.00002977     0.00006990    -0.00004013
     0.01393147     0.01395650    -0.00002503
    -0.00030360    -0.00020117    -0.00010243
     0.00007391     0.00013064    -0.00005673
     0.00893285     0.00899695    -0.00006411
     0.02382433     0.02381276     0.00001157
     0.01333850     0.01322603     0.00011248
     0.01761858     0.01762105    -0.00000247
    -0.04233945    -0.04227395    -0.00006550
     0.01439341     0.01445012    -0.00005671
     0.02824735     0.02828527    -0.00003792
    -0.00027677    -0.00028235     0.00000558
     0.00283834     0.00290269    -0.00006436
    -0.00417689    -0.00418207     0.00000518
     0.02639518     0.02632633     0.00006885
    -0.00053179    -0.00057135     0.00003956
    -0.01616269    -0.01617329     0.00001059
    -0.00479927    -0.00482865     0.00002938
    -0.00048191    -0.00047758    -0.00000433
    -0.02854991    -0.02854878    -0.00000113
     0.01998067     0.01999065    -0.00000998
     0.01113640     0.01110875     0.00002765
    -0.00666434    -0.00671164     0.00004730
    -0.00051879    -0.00056443     0.00004564
    -0.01757262    -0.01754475    -0.00002788
     0.02201864     0.02200938     0.00000926
    -0.00047721    -0.00050647     0.00002926
    -0.02422047    -0.02421368    -0.00000679
     0.01964436     0.01963637     0.00000799
     0.00225008     0.00225660    -0.00000652
     0.03225586     0.03224582     0.00001004
     0.02913561     0.02912102     0.00001459
    -0.01619056    -0.01616565    -0.00002490
    -0.00200548    -0.00202200     0.00001652
    -0.00045595    -0.00054185     0.00008589
     0.01208009     0.01206305     0.00001704
    -0.00896974    -0.00896707    -0.00000268
     0.02620465     0.02617852     0.00002613
    -0.00098935    -0.00096628    -0.00002307
    -0.00859779    -0.00861242     0.00001463
     0.03272107     0.03269680     0.00002427
    -0.03343134    -0.03339487    -0.00003647
     0.02419492     0.02417077     0.00002415
     0.00007391     0.00013064    -0.00005673
    -0.00065571    -0.00058331    -0.00007240
     0.01074531     0.01073703     0.00000828
    -0.00058205    -0.00051190    -0.00007015
    -0.00084671    -0.00076676    -0.00007995
    -0.03750039    -0.03754640     0.00004601
     0.01409792     0.01417407    -0.00007615
    -0.02057867    -0.02059524     0.00001658
     0.02537503     0.02534536     0.00002967
    -0.00045296    -0.00046219     0.00000923
    -0.01578070    -0.01576436    -0.00001634
     0.01248524     0.01247104     0.00001420
    -0.00284914    -0.00286638     0.00001724
    -0.00600493    -0.00598775    -0.00001718
    -0.00050039    -0.00049311    -0.00000728
    -0.00059745    -0.00055182    -0.00004564
    -0.00019290    -0.00018000    -0.00001290
     0.03147427     0.03152799    -0.00005373
     0.00795645     0.00792866     0.00002778
    -0.00189810    -0.00199128     0.00009317
     0.03498712     0.03493273     0.00005439
     0.02151101     0.02147433     0.00003668
     0.01645249     0.01644395     0.00000854
     0.02972218     0.02973159    -0.00000940
    -0.00037407    -0.00031113    -0.00006294
    -0.00654121    -0.00651957    -0.00002164
    -0.00045661    -0.00044403    -0.00001258
     0.02942996     0.02942803     0.00000193
    -0.00057990    -0.00058164     0.00000174
    -0.00422854    -0.00426975     0.00004121
     0.00193402     0.00197941    -0.00004539
     0.00932221     0.00932523    -0.00000302
    -0.01980126    -0.01981822     0.00001695
     0.02062277     0.02069473    -0.00007196
    -0.00179149    -0.00173159    -0.00005990
    -0.00602283    -0.00599641    -0.00002642
    -0.00168770    -0.00165471    -0.00003299
     0.01996570     0.01999671    -0.00003101
    -0.00504905    -0.00503665    -0.00001240
    -0.00656624    -0.00658163     0.00001538
    -0.00377373    -0.00375527    -0.00001846
    -0.01289695    -0.01290996     0.00001301
    -0.00199840    -0.00200827     0.00000987
    -0.00199840    -0.00200827     0.00000987
    -0.00199840    -0.00200827     0.00000987
    -0.00199840    -0.00200827     0.00000987
    -0.00199813    -0.00200827     0.00001014
    -0.00199813    -0.00200827     0.00001014
    -0.00199813    -0.00200827     0.00001014
    -0.00199813    -0.00200827     0.00001014
    -0.00199813    -0.00200827     0.00001014
    -0.00199813    -0.00200827     0.00001014
    -0.00199813    -0.00200827     0.00001014
    -0.00199813    -0.00200827     0.00001014
     0.02287517     0.02287632    -0.00000115
    -0.00401749    -0.00399805    -0.00001944
    -0.00371278    -0.00370516    -0.00000761
    -0.00423755    -0.00422655    -0.00001100
    -0.00366341    -0.00366190    -0.00000152
    -0.00360031    -0.00359749    -0.00000282
     0.02466241     0.02465380     0.00000861
    -0.00535474    -0.00535333    -0.00000141
    -0.00600618    -0.00599778    -0.00000840
    -0.00345293    -0.00344730    -0.00000564
    -0.00978497    -0.00977189    -0.00001308
    -0.00331184    -0.00330611    -0.00000573
    -0.00814437    -0.00813654    -0.00000783
    -0.00640229    -0.00638558    -0.00001671
    -0.00378622    -0.00377031    -0.00001591
    -0.01449997    -0.01452550     0.00002553
    -0.00324942    -0.00324883    -0.00000059
    -0.00326196    -0.00326218     0.00000022
    -0.00570280    -0.00568316    -0.00001964
    -0.00596259    -0.00594338    -0.00001921
    -0.01144544    -0.01143083    -0.00001461
    -0.00646189    -0.00643449    -0.00002740
    -0.00976045    -0.00974862    -0.00001184
    -0.01326027    -0.01329685     0.00003658
    -0.00369776    -0.00369938     0.00000162
    -0.00295189    -0.00296434     0.00001245
    -0.00518410    -0.00516869    -0.00001541
    -0.00361367    -0.00361691     0.00000324
    -0.00386421    -0.00385049    -0.00001372
    -0.00317981    -0.00318311     0.00000330
    -0.00313543    -0.00314003     0.00000460
    -0.00417466    -0.00417148    -0.00000318
    -0.01162019    -0.01165095     0.00003076
    -0.00351593    -0.00351166    -0.00000427
    -0.00784039    -0.00783956    -0.00000083
    -0.00615600    -0.00614521    -0.00001079
    -0.01331663    -0.01332097     0.00000434
    -0.00777925    -0.00777418    -0.00000507
    -0.00395591    -0.00394439    -0.00001152
    -0.00475271    -0.00472241    -0.00003030
    -0.00722070    -0.00721756    -0.00000314
    -0.00327339    -0.00327299    -0.00000040
    -0.00413349    -0.00411156    -0.00002193
    -0.00375493    -0.00375966     0.00000473
    -0.00357786    -0.00356381    -0.00001405
    -0.00697896    -0.00699325     0.00001429
    -0.00404827    -0.00403616    -0.00001211
    -0.00246312    -0.00246673     0.00000361
    -0.00246285    -0.00246673     0.00000388
    -0.00246285    -0.00246673     0.00000388
    -0.00246285    -0.00246673     0.00000388
    -0.00246285    -0.00246673     0.00000388
    -0.00246285    -0.00246673     0.00000388
    -0.00246285    -0.00246673     0.00000388
    -0.00246285    -0.00246673     0.00000388
    -0.00246285    -0.00246673     0.00000388
    -0.00246285    -0.00246673     0.00000388
    -0.00246285    -0.00246673     0.00000388
    -0.00246285    -0.00246673     0.00000388
    -0.00605170    -0.00603940    -0.00001231
    -0.00687790    -0.00688379     0.00000589
    -0.00381071    -0.00380461    -0.00000610
    -0.00740713    -0.00739585    -0.00001128
    -0.00347228    -0.00345021    -0.00002207
    -0.00728386    -0.00729286     0.00000900
    -0.00676149    -0.00676201     0.00000053
    -0.00649710    -0.00649129    -0.00000581
    -0.00663351    -0.00663047    -0.00000304
    -0.00492668    -0.00491470    -0.00001198
    -0.00226807    -0.00226888     0.00000081
    -0.00226807    -0.00226888     0.00000081
    -0.00226807    -0.00226888     0.00000081
    -0.00226780    -0.00226888     0.00000108
    -0.00226780    -0.00226888     0.00000108
    -0.00226780    -0.00226888     0.00000108
    -0.00226780    -0.00226888     0.00000108
    -0.00226780    -0.00226888     0.00000108
    -0.00226780    -0.00226888     0.00000108
    -0.00226780    -0.00226888     0.00000108
    -0.00226780    -0.00226888     0.00000108
    -0.00226780    -0.00226888     0.00000108
    -0.00326392    -0.00325412    -0.00000980
    -0.00454144    -0.00453170    -0.00000974
    -0.00414574    -0.00413854    -0.00000720
    -0.02933287    -0.02929293    -0.00003994
    -0.05325783    -0.05330179     0.00004396
     0.06033891     0.06029085     0.00004806
     0.05203029     0.05204552    -0.00001523
     0.02469017     0.02463823     0.00005193
    -0.03290368    -0.03287965    -0.00002403
    -0.03169354    -0.03167880    -0.00001473
    -0.03195262    -0.03194474    -0.00000787
    -0.04179487    -0.04178750    -0.00000736
    -0.03662791    -0.03655536    -0.00007255
    -0.05422111    -0.05421162    -0.00000949
    -0.02810754    -0.02812140     0.00001386
    -0.04178006    -0.04175412    -0.00002594
    -0.02668964    -0.02667965    -0.00000999
    -0.04171372    -0.04168687    -0.00002685
     0.04715559     0.04718079    -0.00002520
    -0.03008572    -0.03009474     0.00000902
    -0.02983965    -0.02988044     0.00004079
    -0.02888276    -0.02888975     0.00000698
     0.04762423     0.04759699     0.00002724
    -0.05690100    -0.05694622     0.00004523
    -0.02532849    -0.02529295    -0.00003555
    -0.04292885    -0.04289593    -0.00003292
    -0.03570547    -0.03569476    -0.00001072
     0.02515927     0.02517874    -0.00001947
    -0.02895049    -0.02897767     0.00002718
    -0.05104764    -0.05100203    -0.00004560
    -0.05818524    -0.05815547    -0.00002977
    -0.03156026    -0.03160844     0.00004819
    -0.03942231    -0.03942482     0.00000251
    -0.05054069    -0.05053656    -0.00000412
    -0.02949703    -0.02949850     0.00000147
    -0.04102963    -0.04102785    -0.00000178
    -0.03389058    -0.03390171     0.00001113
    -0.04916967    -0.04914618    -0.00002349
    -0.03107216    -0.03108768     0.00001552
    -0.04177419    -0.04181234     0.00003816
    -0.03017476    -0.03014707    -0.00002769
    -0.03164388    -0.03159394    -0.00004994
    -0.05028784    -0.05030779     0.00001996
    -0.03255078    -0.03257816     0.00002739
    -0.04352793    -0.04351820    -0.00000974
    -0.04456316    -0.04457805     0.00001489
    -0.04455347    -0.04455000    -0.00000348
    -0.03846041    -0.03846629     0.00000588
    -0.04068178    -0.04069778     0.00001600
    -0.03427456    -0.03426313    -0.00001143
    -0.06052406    -0.06050518    -0.00001887
    -0.04939397    -0.04941896     0.00002498
     0.01642659     0.01641700     0.00000959
    -0.05031954    -0.05033255     0.00001301
    -0.03495697    -0.03491207    -0.00004491
    -0.04536685    -0.04534575    -0.00002110
    -0.04780807    -0.04780019    -0.00000787
    -0.05232309    -0.05233210     0.00000901
    -0.04021418    -0.04016819    -0.00004600
    -0.04318812    -0.04321054     0.00002242
    -0.03361874    -0.03358608    -0.00003266
    -0.03018575    -0.03011465    -0.00007111
    -0.03876126    -0.03876120    -0.00000006
    -0.04694789    -0.04696006     0.00001217
    -0.03809042    -0.03808979    -0.00000063
    -0.03654217    -0.03657623     0.00003406
    -0.03205501    -0.03211878     0.00006377
    -0.03261200    -0.03271103     0.00009903
    -0.05618381    -0.05618057    -0.00000324
     0.05745499     0.05720257     0.00025242
     0.04562843     0.04561730     0.00001113
     0.04791702     0.04795063    -0.00003361
    -0.04559877    -0.04560057     0.00000179
    -0.03918372    -0.03920346     0.00001975
    -0.05799005    -0.05838356     0.00039351
    -0.04264054    -0.04261837    -0.00002217
    -0.03403181    -0.03405094     0.00001913
    -0.03887693    -0.03888030     0.00000336
    -0.04489071    -0.04486765    -0.00002305
    -0.04467176    -0.04494690     0.00027513
    -0.04204690    -0.04203643    -0.00001046
    -0.04610433    -0.04608424    -0.00002010
    -0.03643199    -0.03639582    -0.00003618
    -0.05329598    -0.05329879     0.00000281
    -0.05926243    -0.05925824    -0.00000418
    -0.04013609    -0.04016727     0.00003118
    -0.03807393    -0.03810473     0.00003081
    -0.04255039    -0.04248748    -0.00006291
    -0.04546761    -0.04548697     0.00001936
    -0.04598460    -0.04604460     0.00005999
    -0.04308466    -0.04300359    -0.00008107
    -0.05111599    -0.05111057    -0.00000542
    -0.03878335    -0.03852013    -0.00026322
    -0.04133355    -0.04136216     0.00002860
    -0.04490042    -0.04490461     0.00000419
    -0.05407624    -0.05406761    -0.00000863
    -0.06420916    -0.06441050     0.00020135
    -0.05506420    -0.05505125    -0.00001294
    -0.06777222    -0.06783927     0.00006705
    -0.06704431    -0.06703237    -0.00001195
    -0.06867857    -0.06862915    -0.00004942
    -0.06441868    -0.06443370     0.00001502
    -0.06949418    -0.06948987    -0.00000431
    -0.03355613    -0.03354933    -0.00000680
     0.04867733     0.04865437     0.00002296
     0.03045659     0.03048645    -0.00002986
     0.05049405     0.05048826     0.00000578
     0.02730608     0.02735040    -0.00004432
     0.00673204     0.00668812     0.00004393
    -0.00162923    -0.00162394    -0.00000528
     0.04036219     0.04036314    -0.00000095
     0.03132730     0.03130265     0.00002465
     0.02635880     0.02635728     0.00000152
     0.04489479     0.04489526    -0.00000047
     0.04146887     0.04140913     0.00005974
     0.04037329     0.04041056    -0.00003727
     0.03651635     0.03652776    -0.00001141
     0.03297130     0.03297756    -0.00000626
     0.03064579     0.03059613     0.00004966
     0.01037712     0.01032505     0.00005207
     0.00122612     0.00120503     0.00002109
     0.00494888     0.00495493    -0.00000605
     0.02572850     0.02572047     0.00000803
     0.04244427     0.04242055     0.00002371
     0.02155068     0.02150352     0.00004716
     0.04116038     0.04121862    -0.00005824
     0.04152409     0.04153032    -0.00000624
    -0.00217457    -0.00218674     0.00001217
     0.02609801     0.02605997     0.00003804
     0.00373316     0.00400669    -0.00027353
     0.01981735     0.01983487    -0.00001753
     0.00941201     0.00942011    -0.00000810
     0.04567706     0.04566711     0.00000995
     0.03151990     0.03157033    -0.00005043
     0.04490611     0.04489591     0.00001019
     0.04584670     0.04584581     0.00000089
     0.05068028     0.05068920    -0.00000892
     0.02576148     0.02574887     0.00001261
     0.04287608     0.04297380    -0.00009772
     0.04473628     0.04469833     0.00003795
     0.03453598     0.03451935     0.00001663
     0.02604674     0.02607259    -0.00002585
     0.03749073     0.03751295    -0.00002222
     0.05028370     0.05028700    -0.00000329
     0.05919864     0.05922694    -0.00002830
     0.00980619     0.00979229     0.00001391
     0.01925829     0.01924843     0.00000986
     0.04380396     0.04379357     0.00001040
     0.04677580     0.04677224     0.00000356
     0.02223663     0.02219434     0.00004229
    -0.00188338    -0.00188246    -0.00000093
     0.00153646     0.00153977    -0.00000330
     0.05163086     0.05160841     0.00002245
     0.02591289     0.02593527    -0.00002239
     0.02262610     0.02261853     0.00000757
     0.03210440     0.03216231    -0.00005791
    -0.03468137    -0.03469479     0.00001342
     0.01001278     0.01003063    -0.00001785
     0.04768287     0.04767414     0.00000873
    -0.00069756    -0.00066764    -0.00002993
     0.02325744     0.02335615    -0.00009872
     0.01946833     0.01949352    -0.00002519
     0.04512802     0.04513248    -0.00000446
    -0.00019380    -0.00023550     0.00004170
     0.02209075     0.02210038    -0.00000964
     0.03497964     0.03480517     0.00017447
     0.03626197     0.03628366    -0.00002168
     0.02777325     0.02778274    -0.00000950
     0.01011172     0.01011594    -0.00000421
     0.02895757     0.02899260    -0.00003503
     0.01607913     0.01608107    -0.00000194
     0.01554867     0.01556735    -0.00001868
     0.04641337     0.04643246    -0.00001909
     0.03424629     0.03428641    -0.00004011
     0.02764568     0.02757563     0.00007005
     0.02873648     0.02871971     0.00001677
     0.04610210     0.04606830     0.00003381
     0.03055485     0.03050915     0.00004569
     0.02965636     0.02968956    -0.00003320
     0.01531492     0.01534805    -0.00003313
     0.02899809     0.02901104    -0.00001296
     0.02757645     0.02757902    -0.00000257
     0.01088390     0.01091164    -0.00002774
     0.04018376     0.04016214     0.00002163
    -0.03579922    -0.03580074     0.00000152
    -0.03577168    -0.03577088    -0.00000080
     0.01771992     0.01772466    -0.00000474
     0.01825979     0.01842985    -0.00017005
     0.01602585     0.01604715    -0.00002130
    -0.00110633    -0.00111093     0.00000459
     0.01104012     0.01105798    -0.00001786
     0.03440205     0.03442992    -0.00002787
     0.02508060     0.02507296     0.00000764
     0.04305285     0.04308760    -0.00003475
     0.01801429     0.01799732     0.00001697
     0.00941917     0.00943776    -0.00001859
     0.03303740     0.03305919    -0.00002179
     0.03381793     0.03380990     0.00000803
     0.02081181     0.02077837     0.00003344
     0.04130144     0.04131356    -0.00001212
     0.03236816     0.03236216     0.00000601
     0.03643583     0.03642347     0.00001236
     0.02929654     0.02926151     0.00003503
    -0.00964976    -0.00967048     0.00002072
    -0.00459698    -0.00459399    -0.00000299
     0.00102818     0.00104919    -0.00002100
     0.00622109     0.00618865     0.00003244
     0.01350136     0.01347563     0.00002574
    -0.01726048    -0.01726802     0.00000754
     0.02487306     0.02483318     0.00003988
    -0.02687927    -0.02686393    -0.00001534
    -0.00430702    -0.00435411     0.00004709
    -0.03038407    -0.03036384    -0.00002023
    -0.03815679    -0.03818613     0.00002934
    -0.02253203    -0.02251484    -0.00001719
    -0.00372714    -0.00375500     0.00002785
    -0.02220093    -0.02218768    -0.00001325
     0.00643500     0.00646774    -0.00003274
    -0.00592463    -0.00594418     0.00001955
     0.00396228     0.00394483     0.00001745
    -0.01629516    -0.01632570     0.00003054
    -0.02417669    -0.02415195    -0.00002474
     0.02365214     0.02367766    -0.00002552
     0.01911799     0.01917069    -0.00005271
     0.01045353     0.01039554     0.00005799
    -0.00087988    -0.00086811    -0.00001177
    -0.01676371    -0.01677090     0.00000719
     0.00130111     0.00123589     0.00006522
     0.00024330     0.00033726    -0.00009396
    -0.00748147    -0.00746621    -0.00001526
    -0.01153893    -0.01151897    -0.00001996
     0.02065624     0.02063076     0.00002548
    -0.00355119    -0.00353617    -0.00001502
     0.00902841     0.00903343    -0.00000502
     0.01158070     0.01161907    -0.00003836
    -0.01187698    -0.01184394    -0.00003304
    -0.01220221    -0.01220543     0.00000322
     0.01492833     0.01491348     0.00001485
     0.00706832     0.00697146     0.00009687
    -0.00651296    -0.00654539     0.00003243
    -0.00645808    -0.00649396     0.00003588
     0.01971783     0.01969081     0.00002702
    -0.01547917    -0.01552621     0.00004704
     0.02039167     0.02036649     0.00002518
    -0.03156796    -0.03158748     0.00001952
    -0.01657546    -0.01654004    -0.00003542
     0.00665808     0.00667793    -0.00001985
    -0.02625651    -0.02628791     0.00003140
     0.00221903     0.00222448    -0.00000544
     0.01079119     0.01079314    -0.00000194
    -0.01704464    -0.01703387    -0.00001077
     0.00956420     0.00955623     0.00000797
    -0.00197013    -0.00200061     0.00003047
     0.00832649     0.00829630     0.00003019
     0.00171655     0.00170541     0.00001114
    -0.01055323    -0.01050989    -0.00004334
    -0.02671636    -0.02676703     0.00005067
     0.01623200     0.01625317    -0.00002117
     0.01000418     0.01007649    -0.00007231
     0.01063127     0.01061683     0.00001444
    -0.00044899    -0.00041963    -0.00002936
    -0.02027335    -0.02027860     0.00000525
    -0.00027421    -0.00027239    -0.00000182
     0.01466832     0.01464526     0.00002306
    -0.01398649    -0.01401849     0.00003200
    -0.00362069    -0.00359178    -0.00002891
    -0.03537774    -0.03538607     0.00000833
     0.01407795     0.01411049    -0.00003254
     0.00122647     0.00127563    -0.00004916
     0.00712623     0.00711795     0.00000827
    -0.00394056    -0.00397428     0.00003372
    -0.01097650    -0.01097986     0.00000336
     0.00805925     0.00804476     0.00001449
    -0.01865145    -0.01866982     0.00001837
    -0.00558084    -0.00561935     0.00003851
    -0.00422718    -0.00425199     0.00002481
    -0.02147280    -0.02144846    -0.00002435
    -0.01381756    -0.01381015    -0.00000741
    -0.02999770    -0.02997779    -0.00001991
     0.00525123     0.00526077    -0.00000954
    -0.00223525    -0.00222015    -0.00001510
    -0.02521208    -0.02516846    -0.00004362
    -0.00946407    -0.00945097    -0.00001310
    -0.02203782    -0.02202279    -0.00001503
    -0.00941182    -0.00947145     0.00005963
     0.01564187     0.01550616     0.00013570
    -0.01377089    -0.01374130    -0.00002959
    -0.00138699    -0.00141683     0.00002984
    -0.02177686    -0.02172352    -0.00005334
    -0.01737580    -0.01737971     0.00000391
    -0.01160234    -0.01159186    -0.00001048
    -0.02103761    -0.02105881     0.00002120
    -0.00579676    -0.00579429    -0.00000247
    -0.01584750    -0.01584717    -0.00000034
    -0.01752661    -0.01749401    -0.00003260
    -0.03256680    -0.03257680     0.00001000
    -0.02233549    -0.02233089    -0.00000459
    -0.02202819    -0.02205799     0.00002980
    -0.01482022    -0.01478659    -0.00003363
    -0.01577618    -0.01576589    -0.00001030
    -0.00439352    -0.00442516     0.00003164
    -0.01136451    -0.01138455     0.00002004
    -0.01543770    -0.01543825     0.00000055
    -0.03226533    -0.03226969     0.00000436
    -0.03541747    -0.03541144    -0.00000603
    -0.02817154    -0.02810739    -0.00006415
    -0.03384079    -0.03384000    -0.00000079
    -0.02923284    -0.02919624    -0.00003660
    -0.01120159    -0.01123032     0.00002873
    -0.01141882    -0.01141548    -0.00000334
     0.01612130     0.01610910     0.00001220
     0.00565953     0.00568730    -0.00002777
    -0.01701484    -0.01701970     0.00000485
    -0.00072418    -0.00068965    -0.00003452
    -0.01299118    -0.01301370     0.00002252
    -0.02854042    -0.02857698     0.00003656
    -0.03032636    -0.03029558    -0.00003077
    -0.03360652    -0.03362003     0.00001351
    -0.01372161    -0.01373676     0.00001515
    -0.01369236    -0.01376174     0.00006938
    -0.03568515    -0.03570358     0.00001843
    -0.03794922    -0.03796512     0.00001590
    -0.01193317    -0.01196397     0.00003079
    -0.01707705    -0.01704182    -0.00003523
    -0.00732531    -0.00732848     0.00000318
    -0.02146557    -0.02144421    -0.00002135
    -0.03099401    -0.03104538     0.00005137
    -0.02482250    -0.02479575    -0.00002675
    -0.01018503    -0.01014308    -0.00004195
    -0.03471422    -0.03471271    -0.00000150
    -0.03526106    -0.03527458     0.00001353
    -0.01916234    -0.01919309     0.00003075
    -0.02291052    -0.02290766    -0.00000286
    -0.01806735    -0.01807844     0.00001109
    -0.02763022    -0.02761171    -0.00001851
    -0.02882431    -0.02883499     0.00001068
    -0.01348828    -0.01345530    -0.00003298
    -0.02123857    -0.02119236    -0.00004621
    -0.01210327    -0.01205293    -0.00005034
    -0.02387249    -0.02389941     0.00002691
    -0.00912621    -0.00914792     0.00002171
    -0.01133047    -0.01134513     0.00001466
    -0.02871887    -0.02872744     0.00000857
    -0.01885499    -0.01881735    -0.00003764
    -0.01944836    -0.01940542    -0.00004294
    -0.02629227    -0.02628560    -0.00000667
    -0.03230854    -0.03227640    -0.00003214
    -0.04100367    -0.04099141    -0.00001226
    -0.01170449    -0.01168850    -0.00001599
    -0.02222762    -0.02220910    -0.00001852
    -0.02308347    -0.02309479     0.00001132
    -0.00905715    -0.00906385     0.00000670
    -0.01691879    -0.01692328     0.00000449
    -0.01356863    -0.01357424     0.00000561
    -0.01913940    -0.01915027     0.00001087
    -0.03132578    -0.03134879     0.00002301
     0.00441137     0.00445616    -0.00004479
    -0.03537888    -0.03539364     0.00001475
    -0.02691750    -0.02691942     0.00000191
    -0.03236590    -0.03246266     0.00009676
    -0.03793958    -0.03792462    -0.00001497
    -0.00987028    -0.00985040    -0.00001988
    -0.02147642    -0.02143848    -0.00003794
    -0.02044318    -0.02040568    -0.00003750
    -0.01704363    -0.01706507     0.00002143
    -0.00869967    -0.00865714    -0.00004253
    -0.01902424    -0.01899476    -0.00002948
    -0.01756095    -0.01756679     0.00000584
    -0.01155308    -0.01150440    -0.00004869
    -0.02911863    -0.02912805     0.00000942
    -0.02132730    -0.02134732     0.00002002
    -0.02227135    -0.02226825    -0.00000310
    -0.03048761    -0.03041029    -0.00007732
    -0.02529004    -0.02529680     0.00000675
    -0.02254278    -0.02249826    -0.00004452
    -0.02681693    -0.02683174     0.00001481
    -0.01522594    -0.01521823    -0.00000771
    -0.01848067    -0.01850965     0.00002899
    -0.02565163    -0.02564436    -0.00000727
    -0.01544627    -0.01551732     0.00007105
    -0.02792076    -0.02790591    -0.00001485
    -0.01989000    -0.02006679     0.00017679
    -0.02038149    -0.02040402     0.00002253
    -0.02778699    -0.02779914     0.00001216
    -0.01371073    -0.01368977    -0.00002096
    -0.02383761    -0.02388048     0.00004287
    -0.01665949    -0.01666412     0.00000463
    -0.03215787    -0.03216011     0.00000223
    -0.03285652    -0.03292324     0.00006672
    -0.01478781    -0.01484606     0.00005825
    -0.02721759    -0.02720562    -0.00001197
    -0.02557601    -0.02561842     0.00004241
    -0.01659016    -0.01660175     0.00001160
    -0.03283925    -0.03285276     0.00001351
    -0.02374607    -0.02375563     0.00000955
    -0.02879699    -0.02882380     0.00002681
    -0.02206865    -0.02204933    -0.00001932
    -0.02594543    -0.02591333    -0.00003210
    -0.01957182    -0.01955972    -0.00001210
    -0.01829163    -0.01826162    -0.00003001
    -0.02075037    -0.02074722    -0.00000315
    -0.02116942    -0.02121620     0.00004678
    -0.00316191    -0.00318217     0.00002026
    -0.00171837    -0.00171801    -0.00000037
    -0.02942359    -0.02945366     0.00003007
    -0.00164340    -0.00164076    -0.00000265
    -0.01831811    -0.01830378    -0.00001433
     0.03689978     0.03685800     0.00004178
     0.02867261     0.02868923    -0.00001662
     0.04027941     0.04022116     0.00005825
    -0.02622138    -0.02619238    -0.00002900
     0.03808187     0.03795225     0.00012962
    -0.00132457    -0.00132661     0.00000204
     0.03749231     0.03752117    -0.00002885
     0.05108943     0.05113909    -0.00004966
     0.03787403     0.03793131    -0.00005728
    -0.02683851    -0.02685461     0.00001610
    -0.02334906    -0.02333376    -0.00001530
     0.04251801     0.04245834     0.00005967
     0.04518875     0.04518044     0.00000831
     0.04610022     0.04612394    -0.00002372
    -0.02399144    -0.02399447     0.00000303
    -0.02395519    -0.02395212    -0.00000307
    -0.02395519    -0.02395212    -0.00000307
     0.03975605     0.03974985     0.00000620
     0.04622238     0.04622792    -0.00000554
    -0.03730929    -0.03726223    -0.00004706
     0.01515484     0.01517793    -0.00002310
    -0.01958771    -0.01957234    -0.00001536
    -0.02793815    -0.02797308     0.00003493
     0.03809553     0.03807947     0.00001606
    -0.02208784    -0.02206532    -0.00002251
     0.01667990     0.01667947     0.00000043
    -0.02518607    -0.02518611     0.00000004
     0.05688921     0.05689843    -0.00000922
     0.05214053     0.05222184    -0.00008132
     0.01356436     0.01358881    -0.00002445
     0.04167043     0.04165873     0.00001169
    -0.03021460    -0.03021800     0.00000340
    -0.02147367    -0.02144307    -0.00003060
    -0.01991182    -0.01993419     0.00002237
    -0.01421770    -0.01426454     0.00004684
    -0.02089633    -0.02088327    -0.00001306
     0.05296786     0.05299810    -0.00003024
    -0.02647360    -0.02650050     0.00002689
    -0.02020007    -0.02022927     0.00002920
    -0.02346743    -0.02347820     0.00001077
    -0.03990270    -0.03990702     0.00000432
     0.01417857     0.01421259    -0.00003401
     0.04170629     0.04183540    -0.00012911
     0.04882457     0.04888477    -0.00006020
     0.04438248     0.04436857     0.00001391
    -0.02082558    -0.02083626     0.00001068
     0.05037628     0.05038597    -0.00000969
    -0.03728978    -0.03730417     0.00001439
    -0.03571492    -0.03568333    -0.00003159
    -0.02641349    -0.02641176    -0.00000173
     0.05312329     0.05313088    -0.00000759
    -0.02224215    -0.02223481    -0.00000734
    -0.02503382    -0.02504815     0.00001433
     0.00816872     0.00818865    -0.00001993
     0.04048801     0.04048402     0.00000399
    -0.02905362    -0.02901327    -0.00004035
    -0.02362239    -0.02362437     0.00000198
    -0.03433133    -0.03432522    -0.00000610
    -0.02163088    -0.02161916    -0.00001172
     0.04766229     0.04763742     0.00002488
     0.00977044     0.00980090    -0.00003046
    -0.02767191    -0.02766964    -0.00000227
     0.05906621     0.05902310     0.00004311
    -0.03296083    -0.03296317     0.00000235
    -0.02961217    -0.02960644    -0.00000572
    -0.03160651    -0.03160930     0.00000278
    -0.02895898    -0.02895744    -0.00000155
    -0.03027158    -0.03027207     0.00000049
    -0.02166456    -0.02169870     0.00003414
     0.05976654     0.05981321    -0.00004667
     0.02680221     0.02681917    -0.00001696
     0.04557548     0.04556900     0.00000648
    -0.03417867    -0.03419548     0.00001681
     0.05636096     0.05633578     0.00002517
     0.04042741     0.04043498    -0.00000757
     0.06032068     0.06033384    -0.00001316
    -0.02059584    -0.02057109    -0.00002475
     0.05968823     0.05964933     0.00003890
    -0.02240768    -0.02240630    -0.00000137
     0.04137304     0.04136516     0.00000788
    -0.02489445    -0.02488276    -0.00001169
     0.04609919     0.04609304     0.00000615
    -0.03129701    -0.03130402     0.00000701
     0.03046541     0.03043275     0.00003265
    -0.03443312    -0.03446068     0.00002755
    -0.00981833    -0.00973740    -0.00008093
    -0.05612806    -0.05612232    -0.00000574
     0.06027646     0.06021235     0.00006411
     0.00274019     0.00272884     0.00001135
     0.05797171     0.05799327    -0.00002156
    -0.02464103    -0.02463500    -0.00000603
    -0.04425257    -0.04423003    -0.00002254
    -0.04753922    -0.04754964     0.00001042
    -0.00979136    -0.00959833    -0.00019303
     0.01749151     0.01749425    -0.00000275
    -0.04098878    -0.04100032     0.00001154
    -0.00111523    -0.00108402    -0.00003121
    -0.00111523    -0.00108402    -0.00003121
    -0.00111523    -0.00108402    -0.00003121
    -0.00111523    -0.00108402    -0.00003121
    -0.00111523    -0.00108402    -0.00003121
    -0.03900845    -0.03899548    -0.00001297
    -0.01374619    -0.01370349    -0.00004270
     0.03284667     0.03276424     0.00008244
    -0.00189266    -0.00185675    -0.00003592
     0.03284403     0.03276162     0.00008241
    -0.00184311    -0.00180719    -0.00003592
     0.01597208     0.01587122     0.00010085
     0.01199181     0.01200381    -0.00001200
    -0.03096509    -0.03097370     0.00000862
     0.00272949     0.00273466    -0.00000516
    -0.00145361    -0.00145121    -0.00000239
    -0.03257940    -0.03257609    -0.00000331
    -0.03444613    -0.03444087    -0.00000526
    -0.00168526    -0.00166229    -0.00002297
     0.01388521     0.01388495     0.00000026
    -0.00139720    -0.00141983     0.00002264
    -0.00131426    -0.00133580     0.00002155
    -0.00147078    -0.00147450     0.00000372
    -0.00155083    -0.00154497    -0.00000586
    -0.00177982    -0.00178159     0.00000177
    -0.00137605    -0.00139792     0.00002186
    -0.02442214    -0.02443415     0.00001201
    -0.00160446    -0.00159234    -0.00001212
    -0.00175592    -0.00173112    -0.00002480
    -0.00082600    -0.00083532     0.00000932
    -0.00082600    -0.00083532     0.00000932
    -0.00082600    -0.00083532     0.00000932
    -0.00082600    -0.00083532     0.00000932
    -0.00082600    -0.00083532     0.00000932
    -0.00082600    -0.00083532     0.00000932
    -0.00082600    -0.00083532     0.00000932
    -0.00082600    -0.00083532     0.00000932
    -0.00082600    -0.00083532     0.00000932
    -0.00082600    -0.00083532     0.00000932
    -0.00082600    -0.00083532     0.00000932
    -0.00082600    -0.00083532     0.00000932
     0.00290427     0.00291981    -0.00001554
    -0.00137091    -0.00138833     0.00001742
    -0.03938783    -0.03937138    -0.00001645
    -0.00186991    -0.00183796    -0.00003195
    -0.01505141    -0.01505456     0.00000315
     0.04663828     0.04629823     0.00034005
    -0.02179814    -0.02179213    -0.00000602
    -0.00141635    -0.00143299     0.00001664
    -0.03592861    -0.03596141     0.00003281
    -0.00157491    -0.00157021    -0.00000470
    -0.00155429    -0.00155325    -0.00000104
     0.01531242     0.01534992    -0.00003750
    -0.02966025    -0.02968769     0.00002744
    -0.03510291    -0.03507715    -0.00002576
     0.01312726     0.01312381     0.00000345
    -0.03641681    -0.03639989    -0.00001692
    -0.02210452    -0.02210847     0.00000396
    -0.03206339    -0.03208087     0.00001748
    -0.03836079    -0.03840027     0.00003948
    -0.00045536    -0.00046751     0.00001215
    -0.00339261    -0.00326249    -0.00013012
    -0.00243839    -0.00243248    -0.00000590
     0.00146022     0.00147711    -0.00001689
    -0.03850623    -0.03850450    -0.00000174
     0.00982532     0.00983823    -0.00001291
    -0.01095533    -0.01098907     0.00003374
    -0.01935622    -0.01932865    -0.00002757
    -0.03566161    -0.03563999    -0.00002162
    -0.03394400    -0.03395308     0.00000908
     0.00176988     0.00179043    -0.00002055
     0.01010669     0.01010922    -0.00000253
    -0.03434744    -0.03434503    -0.00000240
    -0.02746456    -0.02743523    -0.00002933
     0.00348464     0.00348403     0.00000061
    -0.02617991    -0.02618506     0.00000515
    -0.00862936    -0.00864923     0.00001987
    -0.03484851    -0.03484728    -0.00000123
    -0.02632748    -0.02633493     0.00000745
    -0.04742732    -0.04743073     0.00000341
    -0.01375873    -0.01372153    -0.00003720
    -0.03719318    -0.03717154    -0.00002164
    -0.01931641    -0.01926822    -0.00004819
    -0.03915011    -0.03917860     0.00002849
    -0.03719258    -0.03719519     0.00000262
    -0.03806451    -0.03805711    -0.00000741
    -0.02513951    -0.02511265    -0.00002686
    -0.01351323    -0.01347693    -0.00003630
    -0.01048746    -0.01051431     0.00002685
    -0.03902586    -0.03904985     0.00002399
    -0.02791417    -0.02792635     0.00001218
    -0.03515907    -0.03514040    -0.00001867
    -0.03320965    -0.03323521     0.00002557
    -0.03469950    -0.03472566     0.00002616
    -0.03207063    -0.03206811    -0.00000252
    -0.03149013    -0.03150201     0.00001188
    -0.02740361    -0.02751408     0.00011047
    -0.03239371    -0.03236892    -0.00002480
    -0.03311087    -0.03308176    -0.00002911
    -0.03746532    -0.03748102     0.00001570
    -0.00180025    -0.00184564     0.00004539
    -0.00180025    -0.00184564     0.00004539
    -0.00276389    -0.00277997     0.00001608
    -0.00209811    -0.00204218    -0.00005593
     0.03009152     0.03014074    -0.00004922
     0.03742134     0.03742009     0.00000125
    -0.00251754    -0.00250451    -0.00001303
     0.00060042     0.00061698    -0.00001656
     0.02943091     0.02944888    -0.00001797
    -0.01807519    -0.01802174    -0.00005345
     0.00362287     0.00363492    -0.00001205
     0.01397792     0.01399141    -0.00001350
    -0.00231436    -0.00227184    -0.00004252
    -0.00543387    -0.00551780     0.00008393
    -0.00142267    -0.00140557    -0.00001709
    -0.00142294    -0.00140557    -0.00001737
    -0.00216453    -0.00219563     0.00003110
    -0.00271847    -0.00274370     0.00002523
     0.01718399     0.01719665    -0.00001266
    -0.00703284    -0.00706770     0.00003486
    -0.00228023    -0.00223612    -0.00004411
    -0.00221049    -0.00216032    -0.00005017
    -0.01262135    -0.01261480    -0.00000654
    -0.00208066    -0.00203998    -0.00004069
    -0.01610688    -0.01608919    -0.00001769
     0.00665838     0.00668606    -0.00002768
    -0.00161230    -0.00162214     0.00000984
    -0.00161230    -0.00162214     0.00000984
    -0.00190257    -0.00189088    -0.00001168
    -0.00210162    -0.00206342    -0.00003819
    -0.00250407    -0.00253510     0.00003103
     0.03054171     0.03057624    -0.00003454
    -0.00205304    -0.00206319     0.00001014
     0.03527096     0.03512177     0.00014919
    -0.00252369    -0.00254680     0.00002311
    -0.01251906    -0.01248827    -0.00003079
    -0.00910637    -0.00919115     0.00008478
     0.02964044     0.02965070    -0.00001026
     0.03543154     0.03541897     0.00001256
    -0.00247822    -0.00248936     0.00001114
    -0.00198850    -0.00196569    -0.00002281
    -0.00747848    -0.00749464     0.00001616
    -0.00237055    -0.00237053    -0.00000001
    -0.00224687    -0.00222731    -0.00001956
    -0.01175053    -0.01185737     0.00010684
    -0.00230883    -0.00229420    -0.00001463
     0.00014985     0.00014590     0.00000395
     0.02401688     0.02396699     0.00004989
     0.00945688     0.00949020    -0.00003331
     0.01622196     0.01624843    -0.00002647
    -0.00385694    -0.00386708     0.00001014
     0.02818177     0.02818577    -0.00000400
     0.00474890     0.00476645    -0.00001755
    -0.02610625    -0.02606724    -0.00003901
     0.02285166     0.02286225    -0.00001059
     0.00751750     0.00747500     0.00004250
     0.03044105     0.03041989     0.00002116
     0.03056900     0.03057765    -0.00000865
     0.01208496     0.01206568     0.00001928
     0.02030190     0.02028313     0.00001877
    -0.02296943    -0.02297546     0.00000603
    -0.01140339    -0.01145316     0.00004976
     0.03698800     0.03700604    -0.00001804
     0.03256468     0.03255427     0.00001041
     0.02695054     0.02700128    -0.00005074
     0.05616743     0.05614775     0.00001968
     0.02790675     0.02792195    -0.00001521
     0.03150883     0.03151631    -0.00000748
     0.03063091     0.03061506     0.00001584
     0.02409862     0.02410452    -0.00000589
     0.02807203     0.02799700     0.00007503
     0.00561727     0.00555723     0.00006005
     0.01179682     0.01182936    -0.00003254
     0.00018749     0.00021781    -0.00003033
    -0.00067710    -0.00070482     0.00002772
    -0.00894204    -0.00893111    -0.00001093
    -0.04658132    -0.04654773    -0.00003360
     0.03232884     0.03228152     0.00004732
     0.03246016     0.03246661    -0.00000645
     0.03094052     0.03091291     0.00002761
    -0.02974702    -0.02975025     0.00000322
     0.02793066     0.02792035     0.00001032
     0.00882860     0.00882260     0.00000600
    -0.00177252    -0.00177034    -0.00000218
     0.03342301     0.03342848    -0.00000547
    -0.00249284    -0.00247527    -0.00001757
     0.03439734     0.03440181    -0.00000446
     0.00173445     0.00174509    -0.00001064
    -0.01821892    -0.01843327     0.00021435
     0.03538248     0.03538649    -0.00000401
     0.03637912     0.03638239    -0.00000327
    -0.02433732    -0.02443066     0.00009334
    -0.04656203    -0.04656328     0.00000125
     0.02332380     0.02335266    -0.00002886
    -0.04705929    -0.04707963     0.00002034
     0.02840741     0.02838390     0.00002351
    -0.02415280    -0.02434088     0.00018808
    -0.02419748    -0.02419723    -0.00000025
    -0.02223508    -0.02223485    -0.00000023
    -0.02567721    -0.02566183    -0.00001538
    -0.00066401    -0.00070249     0.00003848
    -0.00084913    -0.00088380     0.00003466
    -0.00066374    -0.00070249     0.00003875
    -0.00066374    -0.00070249     0.00003875
    -0.00066374    -0.00070249     0.00003875
    -0.00066374    -0.00070249     0.00003875
    -0.00066374    -0.00070249     0.00003875
    -0.00088037    -0.00091878     0.00003841
     0.02944920     0.02936211     0.00008709
    -0.00147769    -0.00151153     0.00003384
     0.02290880     0.02288029     0.00002852
    -0.00142073    -0.00142404     0.00000331
    -0.00108530    -0.00112036     0.00003506
     0.03548438     0.03552814    -0.00004375
    -0.00150874    -0.00154010     0.00003137
    -0.00143932    -0.00144318     0.00000386
     0.03303590     0.03304409    -0.00000819
    -0.00160800    -0.00161972     0.00001171
     0.02464519     0.02477003    -0.00012484
     0.05745750     0.05738859     0.00006890
     0.02682273     0.02690347    -0.00008075
    -0.00164901    -0.00166550     0.00001649
    -0.00111126    -0.00112812     0.00001686
    -0.00025527    -0.00026752     0.00001225
    -0.00113471    -0.00118277     0.00004806
    -0.00158286    -0.00161150     0.00002864
    -0.00145004    -0.00148363     0.00003359
     0.03183297     0.03186721    -0.00003424
    -0.00145290    -0.00145888     0.00000598
    -0.00162283    -0.00164946     0.00002663
     0.02674313     0.02667129     0.00007184
     0.03720613     0.03719257     0.00001356
     0.03148200     0.03141813     0.00006387
    -0.00131684    -0.00136125     0.00004441
    -0.00108421    -0.00108318    -0.00000103
     0.03498252     0.03493447     0.00004805
    -0.00108255    -0.00112954     0.00004699
     0.02425767     0.02435558    -0.00009790
     0.03192775     0.03197479    -0.00004704
     0.03372242     0.03369457     0.00002784
    -0.00142816    -0.00145953     0.00003136
    -0.00035742    -0.00036792     0.00001050
    -0.00047582    -0.00048652     0.00001070
     0.02886927     0.02881088     0.00005838
     0.02753735     0.02755498    -0.00001763
    -0.00093066    -0.00095164     0.00002099
    -0.04074018    -0.04072221    -0.00001797
    -0.00113828    -0.00118450     0.00004622
    -0.00125439    -0.00126095     0.00000656
    -0.00095049    -0.00098355     0.00003305
    -0.00105939    -0.00112288     0.00006349
    -0.00130949    -0.00131862     0.00000913
     0.03165947     0.03165910     0.00000037
     0.02534278     0.02526181     0.00008098
    -0.00136468    -0.00139944     0.00003476
     0.02311161     0.02303459     0.00007702
    -0.00117882    -0.00122178     0.00004295
    -0.00098432    -0.00101534     0.00003102
    -0.01359342    -0.01356414    -0.00002928
    -0.00144209    -0.00147096     0.00002887
    -0.00128255    -0.00129494     0.00001239
    -0.00102946    -0.00104670     0.00001724
    -0.00126288    -0.00130013     0.00003725
     0.03468524     0.03465030     0.00003494
    -0.02530814    -0.02526748    -0.00004066
    -0.00104519    -0.00106684     0.00002165
     0.03325925     0.03326801    -0.00000876
    -0.00131396    -0.00134592     0.00003197
    -0.00122666    -0.00124109     0.00001443
    -0.00108029    -0.00111482     0.00003453
    -0.00112642    -0.00114345     0.00001704
     0.02388357     0.02381050     0.00007307
    -0.00131279    -0.00133402     0.00002123
    -0.00114748    -0.00116395     0.00001647
     0.01057658     0.01059663    -0.00002006
     0.03626195     0.03633614    -0.00007420
     0.03617871     0.03614662     0.00003209
    -0.01649824    -0.01649903     0.00000080
     0.02860311     0.02859562     0.00000750
    -0.00124405    -0.00126650     0.00002245
    -0.00119613    -0.00122431     0.00002818
     0.02626838     0.02628337    -0.00001499
     0.03173947     0.03166695     0.00007252
    -0.00507933    -0.00509731     0.00001798
     0.03187653     0.03187220     0.00000433
     0.01105969     0.01104916     0.00001053
     0.04086693     0.04079048     0.00007645
     0.03629765     0.03630504    -0.00000740
     0.02698287     0.02700862    -0.00002575
     0.03022940     0.03022132     0.00000809
     0.03648669     0.03652125    -0.00003456
     0.01972975     0.01979781    -0.00006805
     0.04369928     0.04373016    -0.00003088
     0.04855978     0.04855027     0.00000951
     0.03706155     0.03703369     0.00002786
     0.04360189     0.04359880     0.00000309
     0.03587903     0.03589791    -0.00001888
    -0.01108154    -0.01107260    -0.00000894
     0.03804508     0.03805361    -0.00000853
     0.03135916     0.03125944     0.00009972
    -0.00247890    -0.00249540     0.00001650
     0.02366060     0.02362478     0.00003582
     0.01876756     0.01878822    -0.00002067
     0.01237441     0.01239546    -0.00002106
     0.01185614     0.01188001    -0.00002388
    -0.00174855    -0.00185439     0.00010585
     0.01147276     0.01149002    -0.00001727
    -0.00321511    -0.00322518     0.00001007
     0.01391071     0.01388562     0.00002509
    -0.02699193    -0.02703606     0.00004414
     0.00739706     0.00741437    -0.00001730
     0.01117857     0.01112986     0.00004871
     0.01629391     0.01626522     0.00002868
     0.01916860     0.01912116     0.00004743
     0.01352360     0.01354947    -0.00002588
     0.01453991     0.01451198     0.00002793
     0.00570800     0.00574127    -0.00003327
     0.01463589     0.01464838    -0.00001249
     0.02387780     0.02383826     0.00003954
     0.01867466     0.01865750     0.00001716
     0.01070227     0.01072173    -0.00001947
     0.01951957     0.01953359    -0.00001402
    -0.02036024    -0.02039384     0.00003360
     0.00698119     0.00700152    -0.00002033
     0.01789543     0.01788333     0.00001210
    -0.01142788    -0.01141360    -0.00001429
     0.01794107     0.01799372    -0.00005265
     0.00869845     0.00871574    -0.00001730
     0.01249495     0.01250378    -0.00000882
     0.00705654     0.00707230    -0.00001577
     0.01619763     0.01622336    -0.00002573
    -0.01869961    -0.01868678    -0.00001283
     0.02217287     0.02219735    -0.00002447
     0.01234874     0.01229613     0.00005262
    -0.00887733    -0.00886386    -0.00001347
     0.00981041     0.00983360    -0.00002319
     0.01617818     0.01618330    -0.00000512
     0.02218237     0.02216092     0.00002145
     0.02053401     0.02055120    -0.00001719
     0.00315638     0.00319443    -0.00003805
    -0.00192469    -0.00195210     0.00002741
     0.01280252     0.01283941    -0.00003689
    -0.00810238    -0.00810799     0.00000561
     0.01368466     0.01382136    -0.00013670
     0.03003827     0.03000986     0.00002841
     0.00309274     0.00310133    -0.00000860
    -0.01501938    -0.01501534    -0.00000403
     0.01812964     0.01812368     0.00000596
     0.01687288     0.01689622    -0.00002334
     0.01208830     0.01210509    -0.00001679
     0.01468999     0.01470152    -0.00001154
     0.00516965     0.00518024    -0.00001059
     0.00033239     0.00031636     0.00001603
     0.00450593     0.00449043     0.00001551
     0.00407031     0.00407167    -0.00000136
     0.00924725     0.00927553    -0.00002828
     0.02105767     0.02102702     0.00003065
     0.02124401     0.02123317     0.00001084
     0.00750917     0.00749362     0.00001555
     0.04010009     0.04010805    -0.00000797
    -0.00201838    -0.00200367    -0.00001471
     0.00300898     0.00302733    -0.00001835
    -0.02679282    -0.02673010    -0.00006272
     0.01843120     0.01845216    -0.00002097
     0.00393877     0.00395944    -0.00002068
     0.01751151     0.01750583     0.00000567
     0.02403500     0.02402851     0.00000649
     0.01631116     0.01628485     0.00002631
     0.02139248     0.02138035     0.00001212
     0.00948344     0.00944223     0.00004121
    -0.00236932    -0.00243931     0.00006999
     0.01581324     0.01581701    -0.00000377
     0.01891779     0.01886303     0.00005476
     0.01946754     0.01949118    -0.00002364
     0.02782176     0.02779412     0.00002764
     0.01617363     0.01616452     0.00000912
    -0.01970752    -0.01944271    -0.00026481
     0.01998791     0.01997620     0.00001171
     0.02358977     0.02357027     0.00001950
     0.02259813     0.02256743     0.00003070
     0.00847425     0.00846435     0.00000990
    -0.01211982    -0.01210126    -0.00001855
     0.00772074     0.00771778     0.00000296
     0.00675729     0.00675121     0.00000608
     0.01436720     0.01440245    -0.00003524
    -0.00963316    -0.00964234     0.00000919
     0.00642230     0.00641483     0.00000747
     0.00510951     0.00509430     0.00001521
     0.01633807     0.01631771     0.00002036
     0.01338504     0.01338884    -0.00000381
     0.00616338     0.00612389     0.00003949
     0.01601896     0.01600824     0.00001072
     0.02199358     0.02198154     0.00001204
    -0.00732560    -0.00731236    -0.00001324
     0.01231201     0.01230492     0.00000709
     0.01178522     0.01178359     0.00000163
    -0.02020739    -0.02025896     0.00005156
     0.01935189     0.01935194    -0.00000005
     0.01514945     0.01512154     0.00002791
     0.01514276     0.01514301    -0.00000025
    -0.02728399    -0.02732475     0.00004077
     0.01874320     0.01874038     0.00000283
    -0.02552039    -0.02551046    -0.00000992
    -0.03211433    -0.03209661    -0.00001773
    -0.01222371    -0.01225706     0.00003335
    -0.03852996    -0.03855215     0.00002219
    -0.02816161    -0.02816656     0.00000496
    -0.02067897    -0.02066855    -0.00001042
    -0.03224843    -0.03225843     0.00001000
    -0.02551329    -0.02548414    -0.00002915
    -0.01564244    -0.01566483     0.00002239
    -0.02193757    -0.02194794     0.00001036
    -0.02881569    -0.02887280     0.00005711
     0.00047127     0.00052122    -0.00004995
    -0.02459727    -0.02462822     0.00003095
    -0.03455979    -0.03450040    -0.00005939
    -0.01494634    -0.01488665    -0.00005969
    -0.02587000    -0.02582704    -0.00004296
    -0.02748236    -0.02751908     0.00003672
    -0.01853808    -0.01849568    -0.00004240
    -0.02577533    -0.02577804     0.00000271
    -0.01641279    -0.01644061     0.00002781
    -0.01934545    -0.01935826     0.00001281
    -0.02488342    -0.02489366     0.00001023
    -0.02126641    -0.02123476    -0.00003164
     0.02714268     0.02711810     0.00002457
     0.02792781     0.02788926     0.00003854
    -0.01208485    -0.01204648    -0.00003837
     0.01066447     0.01068050    -0.00001603
    -0.03421225    -0.03419936    -0.00001289
    -0.01890261    -0.01889282    -0.00000979
    -0.00715774    -0.00716055     0.00000281
    -0.00795533    -0.00798545     0.00003012
     0.02671913     0.02672591    -0.00000678
     0.03437416     0.03447041    -0.00009625
    -0.02034255    -0.02028763    -0.00005493
    -0.00472735    -0.00479286     0.00006551
    -0.02312791    -0.02314890     0.00002099
    -0.02540545    -0.02535239    -0.00005306
     0.03615898     0.03627781    -0.00011883
    -0.02840754    -0.02843560     0.00002805
     0.01025823     0.01028266    -0.00002443
    -0.02090779    -0.02089954    -0.00000824
    -0.02901226    -0.02904006     0.00002780
    -0.01402820    -0.01406976     0.00004155
    -0.02667619    -0.02668328     0.00000709
     0.01459205     0.01458203     0.00001002
    -0.01992652    -0.01993925     0.00001274
    -0.01986736    -0.01988365     0.00001629
    -0.01652183    -0.01655665     0.00003483
     0.01982537     0.01984171    -0.00001634
    -0.00150471    -0.00153003     0.00002533
     0.03589190     0.03590753    -0.00001563
    -0.02634800    -0.02633753    -0.00001047
    -0.01013496    -0.01011451    -0.00002045
    -0.02431577    -0.02431893     0.00000316
     0.02512226     0.02513232    -0.00001006
    -0.03442273    -0.03446042     0.00003769
    -0.03322859    -0.03324041     0.00001183
    -0.02555100    -0.02553746    -0.00001354
    -0.02425318    -0.02425388     0.00000070
     0.01091865     0.01090996     0.00000869
    -0.03580191    -0.03582948     0.00002757
    -0.01572453    -0.01573696     0.00001242
    -0.00000961    -0.00001406     0.00000446
    -0.00522404    -0.00520760    -0.00001644
     0.00692658     0.00695763    -0.00003105
    -0.03286452    -0.03351994     0.00065541
    -0.03587555    -0.03588231     0.00000677
     0.02124662     0.02125415    -0.00000752
     0.00603804     0.00598934     0.00004870
    -0.03032227    -0.03037328     0.00005101
    -0.01930803    -0.01933092     0.00002289
    -0.02511350    -0.02511144    -0.00000205
    -0.01548619    -0.01551309     0.00002690
    -0.04927424    -0.04929541     0.00002117
    -0.04318423    -0.04313878    -0.00004544
    -0.00273790    -0.00286508     0.00012718
    -0.03473261    -0.03471659    -0.00001602
     0.00048142     0.00046465     0.00001677
    -0.00695305    -0.00696941     0.00001635
    -0.02622435    -0.02621826    -0.00000609
    -0.01634406    -0.01638874     0.00004469
     0.00395537     0.00403339    -0.00007803
    -0.01684554    -0.01684936     0.00000382
    -0.00817686    -0.00819065     0.00001379
    -0.02605866    -0.02606140     0.00000275
     0.04141246     0.04141654    -0.00000408
     0.00943158     0.00948183    -0.00005025
    -0.01976009    -0.01970892    -0.00005117
    -0.01587814    -0.01586623    -0.00001191
    -0.02772108    -0.02796840     0.00024732
     0.01018996     0.01021043    -0.00002047
    -0.00092132    -0.00085092    -0.00007040
     0.01576840     0.01575554     0.00001286
     0.02275634     0.02278295    -0.00002661
    -0.00565591    -0.00567146     0.00001555
    -0.00315690    -0.00313932    -0.00001758
    -0.01043187    -0.01040291    -0.00002896
    -0.00609704    -0.00616153     0.00006449
    -0.00117156    -0.00113215    -0.00003941
    -0.00116408    -0.00111372    -0.00005036
    -0.00091096    -0.00085921    -0.00005175
    -0.00085672    -0.00087674     0.00002001
     0.02845925     0.02840616     0.00005309
     0.02639415     0.02636263     0.00003152
    -0.03335874    -0.03339262     0.00003388
    -0.00086603    -0.00087909     0.00001306
    -0.00086595    -0.00087909     0.00001314
    -0.00112533    -0.00108250    -0.00004283
    -0.03227583    -0.03228652     0.00001068
    -0.03227583    -0.03228652     0.00001068
    -0.00082524    -0.00087267     0.00004743
    -0.02521061    -0.02517678    -0.00003383
    -0.00335397    -0.00322602    -0.00012795
    -0.00038559    -0.00042360     0.00003801
    -0.00056543    -0.00061386     0.00004843
    -0.02639771    -0.02638969    -0.00000802
    -0.00091974    -0.00087865    -0.00004110
    -0.00099150    -0.00099324     0.00000174
    -0.00097716    -0.00095561    -0.00002155
     0.01531598     0.01531770    -0.00000172
    -0.00088252    -0.00088278     0.00000026
    -0.02721073    -0.02720055    -0.00001018
     0.00489797     0.00484033     0.00005764
    -0.00048491    -0.00043238    -0.00005252
    -0.02010609    -0.02017801     0.00007192
     0.02828273     0.02820664     0.00007609
    -0.00089730    -0.00088492    -0.00001238
    -0.03185000    -0.03185293     0.00000292
    -0.00091294    -0.00088454    -0.00002840
     0.02506231     0.02512274    -0.00006043
     0.03203858     0.03202133     0.00001725
     0.00171489     0.00177219    -0.00005730
     0.00005508     0.00009725    -0.00004217
    -0.02018405    -0.02007753    -0.00010651
     0.02823255     0.02819600     0.00003655
     0.02475319     0.02475884    -0.00000565
    -0.03209191    -0.03210139     0.00000948
     0.00362994     0.00353469     0.00009525
     0.01118603     0.01114739     0.00003864
     0.01137431     0.01137567    -0.00000137
     0.02140962     0.02153016    -0.00012054
     0.03136052     0.03133098     0.00002954
     0.03431718     0.03438330    -0.00006612
    -0.03430373    -0.03429780    -0.00000594
    -0.00117757    -0.00114114    -0.00003643
    -0.00047103    -0.00044294    -0.00002809
    -0.00043435    -0.00043809     0.00000375
    -0.02948318    -0.02948116    -0.00000202
     0.04809811     0.04810138    -0.00000327
     0.00978015     0.00980688    -0.00002672
     0.01493652     0.01497790    -0.00004137
    -0.00090581    -0.00093491     0.00002910
     0.00006955     0.00000619     0.00006337
    -0.02398564    -0.02397489    -0.00001075
     0.01704578     0.01697098     0.00007481
    -0.03822764    -0.03825933     0.00003169
    -0.00074954    -0.00081939     0.00006986
    -0.02379856    -0.02384538     0.00004682
     0.01479132     0.01476834     0.00002298
    -0.02923393    -0.02917569    -0.00005824
    -0.00083090    -0.00088020     0.00004930
     0.00715347     0.00721905    -0.00006559
    -0.03183324    -0.03183777     0.00000453
    -0.00070698    -0.00078316     0.00007619
    -0.00016942    -0.00021692     0.00004750
     0.01749899     0.01745644     0.00004255
     0.01901464     0.01901780    -0.00000316
     0.01502964     0.01504825    -0.00001861
    -0.02736682    -0.02736359    -0.00000323
     0.02787077     0.02786200     0.00000877
     0.01820164     0.01826738    -0.00006573
     0.01386534     0.01390402    -0.00003867
     0.04242941     0.04242331     0.00000610
     0.01980632     0.01983857    -0.00003224
    -0.03587544    -0.03589139     0.00001596
     0.01538388     0.01542447    -0.00004059
     0.01084273     0.01084405    -0.00000132
    -0.00005293    -0.00011907     0.00006614
    -0.01253093    -0.01249043    -0.00004049
     0.00778186     0.00773757     0.00004429
    -0.02273764    -0.02274470     0.00000705
     0.02621569     0.02620626     0.00000944
    -0.02538428    -0.02537375    -0.00001052
     0.02076868     0.02083467    -0.00006599
     0.01452095     0.01452274    -0.00000180
     0.01023186     0.01023924    -0.00000738
     0.00597323     0.00599803    -0.00002480
     0.01314141     0.01314196    -0.00000054
    -0.03519649    -0.03520455     0.00000806
    -0.03099693    -0.03098041    -0.00001651
    -0.00301742    -0.00298970    -0.00002772
     0.04506252     0.04508823    -0.00002571
    -0.00003586     0.00002711    -0.00006297
    -0.00909856    -0.00913925     0.00004069
     0.02456892     0.02457923    -0.00001032
     0.00170098     0.00167712     0.00002386
     0.02875778     0.02871079     0.00004699
    -0.03088201    -0.03087666    -0.00000535
     0.02398991     0.02397833     0.00001158
    -0.01840736    -0.01838869    -0.00001867
    -0.01840774    -0.01838869    -0.00001905
    -0.01736130    -0.01736512     0.00000382
     0.00726160     0.00720230     0.00005930
    -0.03482562    -0.03487107     0.00004545
    -0.03124020    -0.03126902     0.00002882
     0.01963922     0.01958093     0.00005829
    -0.01047138    -0.01046485    -0.00000653
     0.02923401     0.02922808     0.00000593
    -0.01529666    -0.01529239    -0.00000427
    -0.01529683    -0.01529239    -0.00000443
    -0.00707208    -0.00705804    -0.00001404
    -0.03396332    -0.03396698     0.00000366
    -0.02181360    -0.02180368    -0.00000992
    -0.03276667    -0.03280102     0.00003435
    -0.03190704    -0.03190894     0.00000190
     0.00181543     0.00182363    -0.00000819
    -0.01760326    -0.01759125    -0.00001201
    -0.01604694    -0.01604223    -0.00000471
    -0.01010873    -0.01011018     0.00000145
    -0.01681582    -0.01680880    -0.00000702
    -0.01681626    -0.01680880    -0.00000745
    -0.01175282    -0.01175347     0.00000066
    -0.02349766    -0.02349505    -0.00000261
     0.00527539     0.00525667     0.00001872
     0.03032385     0.03026358     0.00006027
    -0.01666085    -0.01665189    -0.00000896
     0.01669650     0.01659141     0.00010509
     0.01274492     0.01276097    -0.00001606
     0.00437276     0.00439360    -0.00002084
    -0.01360210    -0.01362950     0.00002740
    -0.03207360    -0.03207900     0.00000540
    -0.00774197    -0.00772518    -0.00001679
     0.01202384     0.01223101    -0.00020717
     0.01303736     0.01305895    -0.00002159
    -0.01590658    -0.01590290    -0.00000368
     0.00404171     0.00401410     0.00002761
    -0.00789794    -0.00788655    -0.00001139
    -0.02822509    -0.02820305    -0.00002204
     0.00711866     0.00709975     0.00001892
    -0.01214180    -0.01210465    -0.00003715
    -0.01544456    -0.01544291    -0.00000165
    -0.01523854    -0.01523718    -0.00000136
     0.01962629     0.01960316     0.00002314
     0.00488341     0.00491948    -0.00003607
    -0.01135183    -0.01137205     0.00002022
    -0.01394281    -0.01395120     0.00000838
    -0.01495040    -0.01494823    -0.00000216
    -0.01121003    -0.01121012     0.00000009
    -0.02176533    -0.02176381    -0.00000152
    -0.02126047    -0.02127645     0.00001597
    -0.00932434    -0.00932748     0.00000315
     0.02914209     0.02925509    -0.00011300
    -0.01295281    -0.01296345     0.00001064
    -0.01056643    -0.01056688     0.00000046
    -0.01149746    -0.01151083     0.00001336
     0.01600557     0.01602051    -0.00001494
    -0.01323627    -0.01323892     0.00000265
    -0.00405031    -0.00405786     0.00000756
    -0.03047259    -0.03052228     0.00004969
    -0.01117612    -0.01117451    -0.00000161
     0.01147589     0.01149677    -0.00002089
    -0.01187943    -0.01188495     0.00000552
     0.02843057     0.02842529     0.00000528
     0.01312013     0.01312498    -0.00000485
     0.00867907     0.00869142    -0.00001235
    -0.03547870    -0.03549332     0.00001462
     0.00297788     0.00294834     0.00002954
    -0.00225531    -0.00230318     0.00004788
     0.02806041     0.02803221     0.00002820
     0.01991454     0.01980211     0.00011243
     0.02835584     0.02834507     0.00001077
     0.01194313     0.01191379     0.00002934
    -0.00721192    -0.00722489     0.00001297
    -0.03831706    -0.03828311    -0.00003395
    -0.04286245    -0.04285349    -0.00000897
    -0.04102146    -0.04103529     0.00001382
     0.00234451     0.00234261     0.00000189
     0.01330242     0.01329871     0.00000372
    -0.04163965    -0.04160338    -0.00003627
    -0.03473397    -0.03463831    -0.00009567
    -0.04435298    -0.04431567    -0.00003731
    -0.04563515    -0.04564361     0.00000845
     0.02835758     0.02840910    -0.00005152
    -0.01727858    -0.01726509    -0.00001349
    -0.03097995    -0.03099539     0.00001545
    -0.00066578    -0.00066733     0.00000155
    -0.03891650    -0.03892219     0.00000569
    -0.02322897    -0.02328962     0.00006064
    -0.03441231    -0.03435370    -0.00005861
    -0.01894114    -0.01895316     0.00001202
    -0.00123281    -0.00123235    -0.00000046
    -0.00530666    -0.00532228     0.00001563
    -0.01638887    -0.01632985    -0.00005902
    -0.00280702    -0.00281271     0.00000569
     0.02867939     0.02873786    -0.00005847
     0.02815483     0.02814976     0.00000507
     0.02846314     0.02846738    -0.00000424
    -0.01628035    -0.01625271    -0.00002764
     0.00004617     0.00003166     0.00008778     0.00012994     0.00065541
