                 -1.02124415584848593497
                 -1.16379845387458713546
                  1.21179817685407087424
                 -0.95895065315702976427
                  1.03795012025553679003
                 -0.81003481432644097726
                  0.14851101109487352403
                 -0.23226128586859159930
                  0.76701298648392568502
                  0.48573718603846616215
                  0.47029164660714867230
                 -1.11940745528899254779
                  1.70628088396224875112
                 -0.80592473591882907158
                  2.08774560355036475912
                 -1.51834656968955572509
                 -1.50979264897376941335
                 -1.26185165485515216055
                 -0.93693995555674236542
                 -0.72079186363670200155
                  0.42941383573001751239
                  0.19443266847795123708
                 -0.34365161970304536343
                  0.37833381529104065377
                 -0.61496802089461066743
                  0.75850456689082768058
                  1.10663258847037715427
                 -1.10775002570583658290
                  1.33532211938239675497
                 -1.69869209506525353781
                  1.02053163315843065106
