     0.00013105     0.00023348    -0.00010243
     0.02248545     0.02252252    -0.00003707
    -0.01472814    -0.01477791     0.00004977
     0.03938440     0.03932305     0.00006135
    -0.00835920    -0.00837104     0.00001184
     0.01503587     0.01491099     0.00012488
     0.00008727     0.00013642    -0.00004915
    -0.02133286    -0.02134411     0.00001126
    -0.02912807    -0.02911544    -0.00001263
    -0.01862652    -0.01873325     0.00010673
     0.01521862     0.01526319    -0.00004457
     0.00163704     0.00157335     0.00006368
    -0.00086611    -0.00076417    -0.00010195
     0.02370240     0.02369934     0.00000306
    -0.00005693    -0.00007160     0.00001467
    -0.01545324    -0.01544721    -0.00000603
     0.02800090     0.02789532     0.00010557
     0.01375955     0.01385976    -0.00010022
    -0.02915009    -0.02902728    -0.00012281
     0.01361105     0.01366354    -0.00005249
     0.02544344     0.02531146     0.00013198
    -0.00275083    -0.00298829     0.00023746
     0.03055158     0.03057345    -0.00002187
     0.01867354     0.01899914    -0.00032560
     0.04042456     0.04048086    -0.00005630
     0.02956705     0.02942068     0.00014637
     0.04064772     0.04054936     0.00009836
     0.00783462     0.00775338     0.00008124
    -0.00106399    -0.00104960    -0.00001439
    -0.00287785    -0.00290050     0.00002266
    -0.00785737    -0.00785076    -0.00000660
     0.03260876     0.03275759    -0.00014883
    -0.01014865    -0.01007661    -0.00007204
    -0.01674700    -0.01691956     0.00017256
     0.01755034     0.01754479     0.00000555
     0.03207763     0.03205792     0.00001971
     0.03335830     0.03359563    -0.00023733
    -0.01619026    -0.01618936    -0.00000090
    -0.01555860    -0.01562932     0.00007072
     0.02413010     0.02414184    -0.00001174
    -0.00133532    -0.00138605     0.00005074
    -0.01508177    -0.01506702    -0.00001475
    -0.00062769    -0.00058211    -0.00004558
     0.04314458     0.04300202     0.00014256
    -0.00200785    -0.00206072     0.00005287
    -0.00702680    -0.00691787    -0.00010892
    -0.00672682    -0.00655119    -0.00017563
    -0.00113961    -0.00110750    -0.00003211
    -0.00016931    -0.00020824     0.00003893
    -0.03058620    -0.03056131    -0.00002489
    -0.01978553    -0.01977001    -0.00001553
     0.00390677     0.00400064    -0.00009387
    -0.02415895    -0.02399716    -0.00016179
    -0.00141415    -0.00151008     0.00009593
    -0.00150210    -0.00148073    -0.00002137
    -0.00046861    -0.00037322    -0.00009539
    -0.00948352    -0.00933890    -0.00014462
    -0.00063144    -0.00057981    -0.00005163
     0.02863800     0.02874734    -0.00010935
    -0.02603109    -0.02610385     0.00007275
     0.03337656     0.03333277     0.00004379
     0.00847001     0.00846818     0.00000183
     0.00721630     0.00721977    -0.00000348
     0.01381827     0.01376114     0.00005713
    -0.01201883    -0.01206984     0.00005100
     0.00003924    -0.00001148     0.00005072
    -0.00226382    -0.00238127     0.00011744
     0.00662306     0.00665106    -0.00002800
     0.00540130     0.00550517    -0.00010388
    -0.01086975    -0.01084218    -0.00002757
    -0.00046297    -0.00036745    -0.00009552
    -0.00915903    -0.00924851     0.00008949
     0.02074457     0.02061607     0.00012851
    -0.01618160    -0.01610566    -0.00007595
     0.00505637     0.00514054    -0.00008418
    -0.00045593    -0.00036281    -0.00009312
    -0.01848072    -0.01860167     0.00012095
    -0.00072581    -0.00079056     0.00006475
     0.02089919     0.02093576    -0.00003657
     0.01791889     0.01801736    -0.00009847
    -0.00573270    -0.00570080    -0.00003191
     0.01941832     0.01937817     0.00004015
    -0.03183324    -0.03180784    -0.00002540
     0.02524346     0.02521996     0.00002350
     0.01616871     0.01611567     0.00005304
     0.03466148     0.03471953    -0.00005805
     0.02785445     0.02781635     0.00003810
    -0.01749445    -0.01741118    -0.00008327
     0.00298199     0.00306774    -0.00008575
     0.01512031     0.01495687     0.00016343
     0.02495826     0.02501466    -0.00005640
     0.01682347     0.01692061    -0.00009714
    -0.02238700    -0.02226444    -0.00012256
     0.02828273     0.02808852     0.00019420
     0.03404215     0.03409763    -0.00005548
     0.01266883     0.01273943    -0.00007060
    -0.00046798    -0.00037419    -0.00009380
     0.00920899     0.00927887    -0.00006989
     0.03655798     0.03665543    -0.00009745
     0.00619568     0.00626891    -0.00007323
    -0.00361196    -0.00359888    -0.00001308
    -0.00463960    -0.00466679     0.00002720
    -0.00867091    -0.00860367    -0.00006724
    -0.00867118    -0.00860367    -0.00006751
    -0.00893981    -0.00893348    -0.00000633
    -0.00808837    -0.00800753    -0.00008083
    -0.01001722    -0.01000530    -0.00001192
    -0.00585467    -0.00579886    -0.00005581
    -0.00891763    -0.00890986    -0.00000777
    -0.00455508    -0.00458098     0.00002590
    -0.00611478    -0.00601514    -0.00009964
    -0.00781340    -0.00780999    -0.00000341
    -0.00544089    -0.00538383    -0.00005706
    -0.00429330    -0.00428951    -0.00000380
    -0.00567208    -0.00562126    -0.00005082
    -0.01211699    -0.01215536     0.00003838
    -0.00433075    -0.00434152     0.00001078
    -0.01094752    -0.01097664     0.00002912
    -0.03422022    -0.03423431     0.00001408
    -0.00693346    -0.00692070    -0.00001276
    -0.02450617    -0.02449123    -0.00001494
    -0.00440288    -0.00441148     0.00000860
    -0.00480159    -0.00480004    -0.00000154
    -0.00630354    -0.00625995    -0.00004360
    -0.00778556    -0.00778711     0.00000155
    -0.01037418    -0.01036302    -0.00001116
    -0.00795430    -0.00798196     0.00002766
    -0.00466085    -0.00467669     0.00001585
    -0.01057690    -0.01062129     0.00004439
    -0.01878446    -0.01878615     0.00000170
    -0.00562865    -0.00565242     0.00002377
    -0.00502047    -0.00503607     0.00001559
    -0.00731921    -0.00730719    -0.00001202
    -0.01396905    -0.01400368     0.00003463
    -0.00686690    -0.00687521     0.00000830
    -0.02438592    -0.02437459    -0.00001133
    -0.01048574    -0.01047159    -0.00001415
    -0.03169354    -0.03179160     0.00009806
    -0.00549001    -0.00552110     0.00003109
    -0.00571137    -0.00573068     0.00001931
    -0.01949715    -0.01949814     0.00000099
    -0.01094850    -0.01096907     0.00002057
    -0.00841934    -0.00842174     0.00000240
    -0.00841950    -0.00842174     0.00000224
    -0.00626265    -0.00630271     0.00004006
    -0.01084537    -0.01087749     0.00003212
    -0.00906841    -0.00908413     0.00001572
    -0.01028207    -0.01032354     0.00004147
    -0.01699286    -0.01704641     0.00005355
    -0.01644292    -0.01646429     0.00002138
    -0.00944453    -0.00948504     0.00004051
    -0.00947258    -0.00947502     0.00000244
    -0.00636357    -0.00640141     0.00003784
    -0.00661726    -0.00665416     0.00003690
    -0.00782316    -0.00783437     0.00001121
    -0.00798447    -0.00798760     0.00000313
    -0.01109977    -0.01108343    -0.00001634
    -0.00743848    -0.00745953     0.00002105
    -0.00791900    -0.00793064     0.00001164
    -0.01626299    -0.01631729     0.00005430
    -0.01359048    -0.01363136     0.00004088
    -0.00793721    -0.00794680     0.00000960
    -0.00837104    -0.00835732    -0.00001372
    -0.00840990    -0.00839766    -0.00001223
    -0.01651494    -0.01654258     0.00002763
    -0.01022517    -0.01021665    -0.00000852
    -0.00702184    -0.00705174     0.00002990
    -0.01029507    -0.01028504    -0.00001004
    -0.03047311    -0.03046150    -0.00001161
    -0.01085269    -0.01088392     0.00003123
    -0.01864614    -0.01868739     0.00004125
    -0.01145975    -0.01143633    -0.00002342
    -0.01119615    -0.01117676    -0.00001939
    -0.00846625    -0.00846782     0.00000156
    -0.00801764    -0.00802938     0.00001174
    -0.00888648    -0.00888156    -0.00000491
    -0.01569887    -0.01573515     0.00003628
    -0.00865929    -0.00864765    -0.00001164
    -0.02532849    -0.02529601    -0.00003249
    -0.01228872    -0.01232963     0.00004091
    -0.01900661    -0.01902667     0.00002006
    -0.01073367    -0.01071592    -0.00001775
    -0.01273253    -0.01277566     0.00004313
    -0.01513231    -0.01517202     0.00003971
    -0.01690129    -0.01694906     0.00004777
    -0.01799130    -0.01802693     0.00003563
    -0.01756253    -0.01759364     0.00003111
    -0.01969966    -0.01971952     0.00001986
    -0.01501282    -0.01505902     0.00004619
    -0.01471695    -0.01476225     0.00004530
    -0.00851882    -0.00852013     0.00000131
    -0.00903168    -0.00904323     0.00001156
    -0.01107365    -0.01105127    -0.00002238
    -0.01860159    -0.01863023     0.00002864
    -0.01849427    -0.01852523     0.00003096
    -0.00949332    -0.00949140    -0.00000192
    -0.01890127    -0.01891507     0.00001380
    -0.03255078    -0.03256782     0.00001704
    -0.01214180    -0.01218540     0.00004360
    -0.02514811    -0.02511385    -0.00003426
    -0.00199813    -0.00205940     0.00006127
    -0.00199813    -0.00205940     0.00006127
    -0.00199813    -0.00205940     0.00006127
    -0.00199813    -0.00205940     0.00006127
    -0.00199813    -0.00205940     0.00006127
    -0.00199813    -0.00205940     0.00006127
    -0.00199813    -0.00205940     0.00006127
    -0.00199813    -0.00205940     0.00006127
     0.01749151     0.01748118     0.00001033
    -0.00324942    -0.00326929     0.00001986
    -0.00481584    -0.00479690    -0.00001894
    -0.00433665    -0.00430838    -0.00002827
    -0.01162019    -0.01175058     0.00013039
    -0.05506420    -0.05507828     0.00001408
    -0.00475271    -0.00474537    -0.00000734
    -0.00331184    -0.00333107     0.00001923
    -0.00351593    -0.00352495     0.00000902
     0.03303740     0.03298446     0.00005293
    -0.00345293    -0.00347253     0.00001960
    -0.00366341    -0.00368424     0.00002083
    -0.00360031    -0.00362097     0.00002066
     0.02081181     0.02088406    -0.00007224
    -0.00377373    -0.00375838    -0.00001535
    -0.00777925    -0.00782075     0.00004151
    -0.00413349    -0.00415000     0.00001651
    -0.00317981    -0.00320707     0.00002726
    -0.00313543    -0.00316589     0.00003045
     0.03297130     0.03298890    -0.00001760
    -0.00295189    -0.00300156     0.00004967
    -0.00357786    -0.00361001     0.00003215
     0.03381793     0.03391869    -0.00010076
    -0.00378622    -0.00377181    -0.00001441
     0.01851672     0.01849662     0.00002010
    -0.00697896    -0.00700928     0.00003032
    -0.00596259    -0.00593436    -0.00002823
    -0.00570280    -0.00567408    -0.00002872
    -0.00646189    -0.00645081    -0.00001108
    -0.00369776    -0.00371870     0.00002094
     0.02929654     0.02925794     0.00003860
    -0.00327339    -0.00329581     0.00002242
    -0.00361367    -0.00363799     0.00002432
     0.04882457     0.04881257     0.00001201
     0.04766229     0.04763095     0.00003135
    -0.00784039    -0.00785012     0.00000973
    -0.00386421    -0.00384966    -0.00001455
    -0.00417466    -0.00418004     0.00000537
     0.02508060     0.02503961     0.00004098
     0.00494888     0.00489104     0.00005784
    -0.00687790    -0.00690492     0.00002702
    -0.00615600    -0.00613986    -0.00001615
    -0.00722070    -0.00722294     0.00000223
    -0.00246312    -0.00248262     0.00001950
    -0.00246285    -0.00248262     0.00001977
    -0.00246285    -0.00248262     0.00001977
    -0.00246285    -0.00248262     0.00001977
    -0.00246285    -0.00248262     0.00001977
    -0.00246285    -0.00248262     0.00001977
    -0.00246285    -0.00248262     0.00001977
    -0.00246285    -0.00248262     0.00001977
    -0.00246285    -0.00248262     0.00001977
    -0.00246285    -0.00248262     0.00001977
    -0.00246285    -0.00248262     0.00001977
    -0.00246285    -0.00248262     0.00001977
    -0.00605170    -0.00606240     0.00001070
    -0.00347228    -0.00348095     0.00000866
    -0.00381071    -0.00382954     0.00001883
    -0.00728386    -0.00731884     0.00003498
    -0.00740713    -0.00745770     0.00005057
    -0.00676149    -0.00678292     0.00002143
     0.05312329     0.05305110     0.00007220
    -0.00375493    -0.00377502     0.00002010
    -0.00395591    -0.00394109    -0.00001482
     0.04010009     0.04008866     0.00001143
    -0.00663351    -0.00664775     0.00001424
    -0.00649710    -0.00650307     0.00000597
    -0.00492668    -0.00492846     0.00000179
    -0.00326392    -0.00328432     0.00002039
    -0.00404827    -0.00403192    -0.00001634
    -0.00454144    -0.00454383     0.00000238
    -0.00226807    -0.00229660     0.00002853
    -0.00226807    -0.00229660     0.00002853
    -0.00226807    -0.00229660     0.00002853
    -0.00226780    -0.00229660     0.00002880
    -0.00226780    -0.00229660     0.00002880
    -0.00226780    -0.00229660     0.00002880
    -0.00226780    -0.00229660     0.00002880
    -0.00226780    -0.00229660     0.00002880
    -0.00226780    -0.00229660     0.00002880
    -0.00226780    -0.00229660     0.00002880
    -0.00226780    -0.00229660     0.00002880
    -0.00226780    -0.00229660     0.00002880
     0.04130144     0.04136170    -0.00006026
    -0.00414574    -0.00415019     0.00000445
     0.02289427     0.02277672     0.00011755
     0.02136097     0.02128613     0.00007484
     0.03643583     0.03634060     0.00009523
     0.02604674     0.02603740     0.00000934
     0.02873648     0.02863540     0.00010107
     0.02287517     0.02292113    -0.00004596
     0.02466241     0.02468049    -0.00001808
    -0.02206065    -0.02209457     0.00003391
    -0.02034476    -0.02030226    -0.00004249
    -0.02034476    -0.02030226    -0.00004249
    -0.02204830    -0.02207595     0.00002766
    -0.02564458    -0.02550911    -0.00013548
    -0.02933287    -0.02939361     0.00006075
    -0.03050184    -0.03028283    -0.00021901
    -0.03260855    -0.03268927     0.00008072
    -0.00760180    -0.00764177     0.00003997
    -0.02375791    -0.02375129    -0.00000662
    -0.02375791    -0.02375129    -0.00000662
    -0.03235657    -0.03239952     0.00004295
    -0.01497600    -0.01487228    -0.00010373
    -0.02617991    -0.02608076    -0.00009915
    -0.02129092    -0.02124938    -0.00004154
    -0.03103263    -0.03098861    -0.00004402
    -0.04255039    -0.04239467    -0.00015572
    -0.02115092    -0.02111754    -0.00003338
    -0.02115092    -0.02111754    -0.00003338
    -0.03215787    -0.03229551     0.00013764
    -0.02285822    -0.02284226    -0.00001596
    -0.02285822    -0.02284226    -0.00001596
    -0.02691750    -0.02695428     0.00003678
    -0.02198909    -0.02196423    -0.00002485
    -0.02198909    -0.02196423    -0.00002485
    -0.02195934    -0.02192920    -0.00003015
    -0.03537888    -0.03529987    -0.00007902
    -0.02876611    -0.02875053    -0.00001558
    -0.02553032    -0.02552693    -0.00000339
    -0.02253737    -0.02255172     0.00001435
    -0.02549122    -0.02552267     0.00003145
    -0.02038149    -0.02033057    -0.00005092
    -0.03568515    -0.03572472     0.00003957
    -0.03778241    -0.03771644    -0.00006598
    -0.04765892    -0.04759870    -0.00006022
    -0.03129152    -0.03136025     0.00006874
    -0.03190981    -0.03185537    -0.00005444
    -0.03360652    -0.03357323    -0.00003329
    -0.02224114    -0.02227068     0.00002954
    -0.03023288    -0.03033315     0.00010026
    -0.05407624    -0.05421532     0.00013909
    -0.04761255    -0.04775510     0.00014255
    -0.03728948    -0.03727517    -0.00001430
    -0.04156169    -0.04143958    -0.00012211
    -0.04102963    -0.04097301    -0.00005662
    -0.00732531    -0.00736018     0.00003487
    -0.02773515    -0.02778061     0.00004546
    -0.02838784    -0.02835260    -0.00003524
    -0.00481954    -0.00483813     0.00001859
    -0.04308466    -0.04300237    -0.00008229
    -0.02764584    -0.02766861     0.00002276
    -0.04507180    -0.04506351    -0.00000829
    -0.02853756    -0.02849081    -0.00004675
    -0.03156026    -0.03169397     0.00013371
    -0.01691879    -0.01684509    -0.00007370
    -0.04319552    -0.04322463     0.00002912
    -0.02022266    -0.02034015     0.00011749
    -0.03056299    -0.03057410     0.00001111
    -0.03990035    -0.03989042    -0.00000994
    -0.04693110    -0.04696015     0.00002905
    -0.02669140    -0.02667547    -0.00001593
    -0.02206865    -0.02223794     0.00016929
    -0.04068178    -0.04059893    -0.00008286
    -0.02892323    -0.02893470     0.00001147
    -0.01377136    -0.01376366    -0.00000770
    -0.03662791    -0.03650302    -0.00012490
    -0.03631844    -0.03629925    -0.00001919
    -0.03042976    -0.03050269     0.00007293
    -0.02334712    -0.02326500    -0.00008212
    -0.03175544    -0.03175437    -0.00000107
    -0.01549430    -0.01552426     0.00002996
    -0.04489071    -0.04493275     0.00004204
    -0.04610433    -0.04615141     0.00004708
    -0.02146557    -0.02151924     0.00005368
    -0.03878335    -0.03879042     0.00000707
    -0.03654217    -0.03668917     0.00014700
    -0.02543318    -0.02526991    -0.00016326
    -0.03361874    -0.03364914     0.00003040
    -0.03389058    -0.03397983     0.00008925
    -0.02137468    -0.02128701    -0.00008767
    -0.03335874    -0.03339002     0.00003128
    -0.03495697    -0.03493822    -0.00001875
    -0.02374607    -0.02368228    -0.00006379
    -0.01916234    -0.01919042     0.00002808
    -0.02757654    -0.02763266     0.00005612
    -0.02917101    -0.02918142     0.00001040
    -0.03918372    -0.03916642    -0.00001729
    -0.02619115    -0.02621954     0.00002839
    -0.03403181    -0.03402161    -0.00001020
    -0.03205501    -0.03211864     0.00006363
    -0.02860390    -0.02851289    -0.00009101
    -0.03887693    -0.03889963     0.00002269
    -0.02522713    -0.02518075    -0.00004638
    -0.04204690    -0.04195753    -0.00008937
    -0.04133355    -0.04139755     0.00006400
    -0.03807393    -0.03812074     0.00004681
    -0.03261200    -0.03274016     0.00012816
    -0.03018575    -0.03021143     0.00002567
    -0.03164388    -0.03153466    -0.00010922
    -0.03643199    -0.03638406    -0.00004793
    -0.01886769    -0.01879461    -0.00007308
    -0.02819342    -0.02821048     0.00001706
    -0.02449125    -0.02446546    -0.00002579
    -0.01866200    -0.01861829    -0.00004372
    -0.02492998    -0.02487933    -0.00005065
    -0.02542455    -0.02539091    -0.00003365
    -0.01837667    -0.01830664    -0.00007003
    -0.01592370    -0.01589586    -0.00002784
    -0.02754369    -0.02750890    -0.00003479
    -0.01627467    -0.01622551    -0.00004916
    -0.02830360    -0.02825881    -0.00004478
    -0.01972570    -0.01965556    -0.00007014
    -0.01681275    -0.01676319    -0.00004956
    -0.01776035    -0.01770368    -0.00005668
    -0.02693163    -0.02689902    -0.00003261
    -0.01317265    -0.01311076    -0.00006189
    -0.01365388    -0.01360410    -0.00004979
    -0.01704633    -0.01703947    -0.00000686
    -0.02707672    -0.02703944    -0.00003728
    -0.01483494    -0.01476953    -0.00006541
    -0.01583099    -0.01578930    -0.00004168
    -0.01913611    -0.01910755    -0.00002856
    -0.01591967    -0.01588332    -0.00003634
    -0.02619550    -0.02616081    -0.00003469
    -0.02066101    -0.02059939    -0.00006162
    -0.02573446    -0.02568720    -0.00004726
    -0.02521075    -0.02517748    -0.00003327
    -0.02297449    -0.02291552    -0.00005897
    -0.02261911    -0.02257777    -0.00004134
    -0.02300154    -0.02297840    -0.00002314
    -0.01517146    -0.01513149    -0.00003997
    -0.02347719    -0.02342149    -0.00005571
    -0.01429803    -0.01424503    -0.00005300
    -0.01396175    -0.01390558    -0.00005618
    -0.02347243    -0.02342082    -0.00005161
    -0.01782670    -0.01777441    -0.00005228
    -0.02690183    -0.02686872    -0.00003311
    -0.01944708    -0.01940430    -0.00004277
    -0.01701297    -0.01695335    -0.00005962
    -0.02588913    -0.02589026     0.00000113
    -0.02718962    -0.02717357    -0.00001605
    -0.02184043    -0.02181459    -0.00002584
    -0.01519574    -0.01514811    -0.00004762
    -0.02064430    -0.02061790    -0.00002640
    -0.01746008    -0.01742888    -0.00003119
    -0.01944196    -0.01938510    -0.00005687
    -0.02183420    -0.02183420     0.00000000
    -0.02337725    -0.02334146    -0.00003578
    -0.02011711    -0.02011888     0.00000178
    -0.01538592    -0.01533010    -0.00005581
    -0.02568695    -0.02566367    -0.00002328
    -0.01359587    -0.01353646    -0.00005941
    -0.02447583    -0.02443606    -0.00003976
    -0.02241032    -0.02239679    -0.00001352
    -0.02295370    -0.02291486    -0.00003884
    -0.02171248    -0.02169126    -0.00002122
    -0.02519908    -0.02517895    -0.00002013
    -0.01567449    -0.01562700    -0.00004749
    -0.02371685    -0.02370381    -0.00001304
    -0.02546373    -0.02541977    -0.00004396
    -0.01954961    -0.01951688    -0.00003273
    -0.01586731    -0.01582982    -0.00003750
    -0.02397157    -0.02394964    -0.00002193
    -0.01860317    -0.01855667    -0.00004650
    -0.01822891    -0.01820282    -0.00002609
    -0.02106507    -0.02103803    -0.00002704
    -0.01388058    -0.01382549    -0.00005509
    -0.02160092    -0.02157485    -0.00002607
    -0.01641848    -0.01638920    -0.00002928
    -0.02346337    -0.02342377    -0.00003960
    -0.02219829    -0.02216377    -0.00003451
    -0.02380017    -0.02379319    -0.00000698
    -0.01913916    -0.01908643    -0.00005273
    -0.02260654    -0.02256777    -0.00003877
    -0.02076139    -0.02076406     0.00000267
    -0.01384932    -0.01378411    -0.00006520
    -0.01732203    -0.01729911    -0.00002293
    -0.02055828    -0.02051354    -0.00004474
    -0.02303493    -0.02301719    -0.00001774
    -0.02330963    -0.02328070    -0.00002893
    -0.01694336    -0.01689227    -0.00005109
    -0.02478250    -0.02473785    -0.00004465
    -0.01784221    -0.01780379    -0.00003841
    -0.01576331    -0.01570236    -0.00006095
    -0.02122962    -0.02118597    -0.00004365
    -0.02001071    -0.01995774    -0.00005297
    -0.02305980    -0.02302179    -0.00003801
    -0.02167920    -0.02163212    -0.00004708
    -0.01753423    -0.01749773    -0.00003650
    -0.01870138    -0.01866679    -0.00003459
    -0.02135634    -0.02130300    -0.00005333
    -0.01891537    -0.01886560    -0.00004977
    -0.01975332    -0.01973291    -0.00002041
    -0.02310590    -0.02307569    -0.00003021
    -0.02268080    -0.02266324    -0.00001756
    -0.02515856    -0.02514986    -0.00000870
    -0.01903445    -0.01899112    -0.00004333
    -0.02216484    -0.02212842    -0.00003643
    -0.01998135    -0.01993352    -0.00004783
    -0.02155923    -0.02152590    -0.00003333
     0.02202035     0.02199369     0.00002666
    -0.01676371    -0.01683490     0.00007119
    -0.01918054    -0.01905026    -0.00013028
    -0.02130891    -0.02119385    -0.00011506
    -0.04753922    -0.04753646    -0.00000276
     0.01732097     0.01728599     0.00003498
    -0.02677772    -0.02677925     0.00000153
    -0.02677772    -0.02677925     0.00000153
    -0.02248137    -0.02252858     0.00004721
    -0.00736414    -0.00737016     0.00000602
     0.02899809     0.02901179    -0.00001371
    -0.04658132    -0.04657169    -0.00000963
    -0.03218884    -0.03222731     0.00003847
    -0.00919157    -0.00921007     0.00001850
    -0.02766843    -0.02774601     0.00007758
    -0.02766843    -0.02774601     0.00007758
    -0.02521208    -0.02528797     0.00007589
    -0.02547138    -0.02554644     0.00007505
     0.00309274     0.00301015     0.00008258
    -0.02459381    -0.02463949     0.00004568
    -0.02645137    -0.02650269     0.00005132
    -0.03857840    -0.03857604    -0.00000236
    -0.03857840    -0.03857604    -0.00000236
    -0.06867857    -0.06870794     0.00002937
    -0.04013609    -0.04069592     0.00055984
    -0.02662776    -0.02669093     0.00006318
    -0.02059584    -0.02063486     0.00003902
    -0.02493570    -0.02499107     0.00005537
     0.01470452     0.01469508     0.00000943
     0.03626197     0.03630563    -0.00004366
     0.05906218     0.05910545    -0.00004328
    -0.00177252    -0.00170348    -0.00006904
     0.05616743     0.05616829    -0.00000086
    -0.03196639    -0.03196904     0.00000266
    -0.01015153    -0.01018948     0.00003795
    -0.06777222    -0.06776122    -0.00001100
    -0.03396566    -0.03405028     0.00008462
    -0.03286452    -0.03290063     0.00003611
    -0.00114987    -0.00136129     0.00021142
    -0.02751662    -0.02752176     0.00000514
    -0.03990270    -0.03985900    -0.00004370
     0.04791702     0.04791776    -0.00000074
     0.02609801     0.02598044     0.00011756
    -0.03240177    -0.03237647    -0.00002530
    -0.03427456    -0.03432945     0.00005489
    -0.03129701    -0.03127358    -0.00002343
    -0.01466188    -0.01465644    -0.00000543
     0.00169796     0.00206873    -0.00037076
     0.01906734     0.01904713     0.00002021
     0.02653698     0.02654687    -0.00000989
    -0.00951166    -0.00953251     0.00002085
    -0.00715774    -0.00684048    -0.00031726
    -0.03521649    -0.03520730    -0.00000919
    -0.03521649    -0.03520730    -0.00000919
    -0.03570547    -0.03568818    -0.00001729
     0.04562843     0.04560768     0.00002075
    -0.02686776    -0.02690995     0.00004219
    -0.02942218    -0.02942875     0.00000658
    -0.00321511    -0.00317644    -0.00003867
    -0.00963316    -0.00942880    -0.00020435
     0.01946833     0.01948815    -0.00001981
     0.01932487     0.01928479     0.00004008
     0.01937385     0.01927304     0.00010081
     0.04663828     0.04663095     0.00000732
    -0.03237472    -0.03236802    -0.00000670
     0.01878179     0.01868498     0.00009681
    -0.03809042    -0.03813326     0.00004284
    -0.02924726    -0.02926384     0.00001658
     0.02730608     0.02731769    -0.00001161
    -0.02625651    -0.02629277     0.00003626
    -0.04559877    -0.04560676     0.00000798
    -0.03876126    -0.03881790     0.00005664
     0.02757645     0.02756946     0.00000699
    -0.03116180    -0.03111990    -0.00004190
     0.01801429     0.01812766    -0.00011337
    -0.03181487    -0.03180256    -0.00001231
     0.05745499     0.05738547     0.00006953
    -0.00887733    -0.00886163    -0.00001571
     0.00849297     0.00852163    -0.00002865
    -0.01142788    -0.01150869     0.00008080
     0.01531857     0.01545165    -0.00013308
    -0.02805791    -0.02823826     0.00018036
     0.02818177     0.02812511     0.00005666
     0.01330242     0.01336595    -0.00006353
     0.02965636     0.02964076     0.00001560
    -0.00019380    -0.00021004     0.00001624
    -0.05618381    -0.05619930     0.00001548
    -0.00162923    -0.00164303     0.00001380
     0.00419627     0.00411769     0.00007858
     0.01623837     0.01610911     0.00012926
     0.02262610     0.02249781     0.00012830
     0.02223663     0.02217656     0.00006006
     0.00997844     0.00989559     0.00008285
    -0.00069756    -0.00064578    -0.00005178
    -0.05031954    -0.05032478     0.00000524
     0.01104012     0.01088107     0.00015905
     0.01969873     0.01965387     0.00004487
     0.02895757     0.02888002     0.00007755
     0.02572850     0.02579223    -0.00006373
    -0.00981833    -0.01022615     0.00040782
    -0.00579676    -0.00582672     0.00002996
    -0.00423845    -0.00420513    -0.00003332
    -0.01081870    -0.01080636    -0.00001235
    -0.01482022    -0.01482375     0.00000353
     0.00349345     0.00335595     0.00013751
    -0.00429896    -0.00427243    -0.00002653
    -0.00946407    -0.00944182    -0.00002225
    -0.00518410    -0.00525063     0.00006653
    -0.02202819    -0.02193479    -0.00009340
    -0.00436473    -0.00434894    -0.00001579
     0.02337513     0.02328105     0.00009407
    -0.00430247    -0.00425900    -0.00004347
    -0.00442000    -0.00440975    -0.00001025
    -0.00456759    -0.00457609     0.00000850
    -0.01053111    -0.01060714     0.00007604
    -0.00503781    -0.00509700     0.00005919
    -0.00750754    -0.00760542     0.00009788
    -0.00468172    -0.00469405     0.00001233
     0.01091340     0.01102696    -0.00011356
    -0.00509593    -0.00514780     0.00005187
    -0.00467587    -0.00468686     0.00001099
     0.02911722     0.02900722     0.00011000
     0.00759573     0.00751418     0.00008155
    -0.00437505    -0.00433290    -0.00004215
    -0.01726048    -0.01722257    -0.00003792
    -0.00511239    -0.00515983     0.00004744
    -0.00489669    -0.00493998     0.00004329
    -0.01709071    -0.01727159     0.00018088
    -0.00507011    -0.00511286     0.00004276
     0.00167614     0.00176307    -0.00008693
    -0.00446166    -0.00442542    -0.00003624
     0.01349320     0.01361373    -0.00012053
    -0.00500532    -0.00503938     0.00003406
    -0.00456961    -0.00454814    -0.00002147
     0.01223960     0.01224153    -0.00000193
     0.02868464     0.02872581    -0.00004117
     0.00940235     0.00935122     0.00005113
    -0.00433926    -0.00430566    -0.00003360
    -0.00473075    -0.00472250    -0.00000825
     0.00520897     0.00511777     0.00009119
     0.01130064     0.01123375     0.00006690
     0.01234891     0.01249753    -0.00014862
     0.01252056     0.01241687     0.00010369
     0.00662567     0.00678585    -0.00016017
    -0.00054611    -0.00039996    -0.00014614
     0.00530301     0.00536533    -0.00006232
     0.02153613     0.02153276     0.00000336
     0.01352360     0.01374241    -0.00021881
     0.00017407     0.00026642    -0.00009235
     0.00456120     0.00446761     0.00009359
     0.01151681     0.01163819    -0.00012138
     0.01290941     0.01290371     0.00000570
     0.01619336     0.01626690    -0.00007354
     0.01998791     0.02005054    -0.00006264
     0.01945603     0.01942727     0.00002876
    -0.00396731    -0.00395314    -0.00001417
    -0.00522189    -0.00524209     0.00002020
    -0.00063468    -0.00068074     0.00004606
    -0.01160234    -0.01168478     0.00008245
    -0.00706647    -0.00705324    -0.00001323
     0.02030190     0.02035158    -0.00004968
     0.02199358     0.02204888    -0.00005530
     0.02251331     0.02249816     0.00001515
     0.01581324     0.01593040    -0.00011715
     0.01131795     0.01124776     0.00007019
    -0.01865145    -0.01867383     0.00002239
     0.01688755     0.01681031     0.00007724
     0.01692747     0.01695426    -0.00002679
     0.02844393     0.02851694    -0.00007301
     0.01338019     0.01357025    -0.00019006
     0.02043004     0.02051800    -0.00008796
     0.00698119     0.00696052     0.00002067
     0.02159692     0.02155770     0.00003921
     0.00243776     0.00244256    -0.00000480
    -0.02203782    -0.02192954    -0.00010828
     0.01872274     0.01866513     0.00005761
     0.01181475     0.01187058    -0.00005583
    -0.00459576    -0.00453985    -0.00005591
    -0.00849270    -0.00845891    -0.00003379
     0.01132671     0.01136228    -0.00003557
     0.00565953     0.00556229     0.00009724
    -0.00566283    -0.00567800     0.00001518
     0.00124054     0.00134207    -0.00010153
     0.02366060     0.02367953    -0.00001893
     0.00937889     0.00941354    -0.00003465
    -0.00381474    -0.00386504     0.00005031
     0.02218237     0.02216677     0.00001560
     0.02051902     0.02045937     0.00005965
     0.00752841     0.00764533    -0.00011692
     0.00590977     0.00585248     0.00005729
     0.02999236     0.03005216    -0.00005979
     0.00241939     0.00234093     0.00007846
     0.00582389     0.00587305    -0.00004916
     0.01429022     0.01432050    -0.00003028
     0.02472579     0.02484621    -0.00012042
     0.01612130     0.01601281     0.00010850
     0.00805579     0.00815964    -0.00010384
     0.02756013     0.02769502    -0.00013490
     0.02703329     0.02717573    -0.00014245
     0.01311676     0.01309725     0.00001951
     0.00188278     0.00182564     0.00005714
    -0.01062518    -0.01059710    -0.00002807
    -0.01084246    -0.01081701    -0.00002545
     0.01427896     0.01420683     0.00007213
    -0.02166456    -0.02162094    -0.00004362
    -0.01105707    -0.01103405    -0.00002303
    -0.01126889    -0.01124838    -0.00002051
    -0.01147768    -0.01146017    -0.00001751
    -0.01168443    -0.01166960    -0.00001484
    -0.01188844    -0.01187681    -0.00001163
    -0.01208986    -0.01208197    -0.00000789
    -0.00619802    -0.00615700    -0.00004102
    -0.01228926    -0.01228524    -0.00000402
    -0.02419748    -0.02432387     0.00012639
    -0.01248638    -0.01248677     0.00000039
    -0.02020007    -0.02025735     0.00005728
    -0.01268151    -0.01268672     0.00000521
     0.01158070     0.01156925     0.00001145
    -0.01287428    -0.01288524     0.00001096
     0.02892734     0.02894108    -0.00001374
    -0.01306476    -0.01308246     0.00001770
     0.00425058     0.00438807    -0.00013749
     0.02694904     0.02721715    -0.00026811
     0.01281874     0.01285591    -0.00003717
    -0.01325344    -0.01327853     0.00002509
    -0.04353865    -0.04347354    -0.00006511
    -0.03007884    -0.03010433     0.00002549
    -0.03005900    -0.03008381     0.00002480
    -0.02296943    -0.02302725     0.00005782
    -0.02772108    -0.02772162     0.00000054
    -0.04165663    -0.04164290    -0.00001374
     0.03236816     0.03228865     0.00007952
     0.01928485     0.01930893    -0.00002408
    -0.03169476    -0.03183641     0.00014164
    -0.00206077    -0.00200787    -0.00005290
    -0.04330581    -0.04328801    -0.00001779
    -0.03809172    -0.03811849     0.00002677
    -0.04098878    -0.04090260    -0.00008618
     0.02487306     0.02471874     0.00015432
    -0.02671636    -0.02669858    -0.00001777
    -0.02464103    -0.02465410     0.00001307
     0.01642659     0.01646187    -0.00003528
    -0.00472735    -0.00481794     0.00009059
     0.01010669     0.01012288    -0.00001619
     0.00489797     0.00493963    -0.00004166
     0.01211614     0.01205728     0.00005887
    -0.03443312    -0.03451235     0.00007923
     0.00725015     0.00732086    -0.00007071
     0.01072248     0.01059811     0.00012437
    -0.01043187    -0.01064923     0.00021736
     0.00016169     0.00015186     0.00000983
     0.02124404     0.02125821    -0.00001417
    -0.00558084    -0.00558080    -0.00000004
     0.02019022     0.02024879    -0.00005857
     0.00321971     0.00326503    -0.00004532
     0.02653472     0.02651419     0.00002053
     0.01972975     0.01966257     0.00006718
     0.01623200     0.01632107    -0.00008907
     0.02065624     0.02068176    -0.00002551
     0.02039167     0.02044389    -0.00005222
    -0.00027421    -0.00028075     0.00000654
     0.01158076     0.01144795     0.00013281
    -0.03117644    -0.03114990    -0.00002654
    -0.02999770    -0.02995294    -0.00004476
    -0.03125824    -0.03125698    -0.00000126
    -0.03417867    -0.03406482    -0.00011385
     0.02395508     0.02404823    -0.00009315
    -0.03123679    -0.03123533    -0.00000146
     0.03064579     0.03056199     0.00008380
    -0.00199489    -0.00188682    -0.00010807
     0.01049875     0.01053352    -0.00003477
     0.00622109     0.00620472     0.00001637
     0.00883554     0.00882339     0.00001215
    -0.03902586    -0.03904351     0.00001765
     0.02606364     0.02617637    -0.00011273
     0.01079119     0.01072348     0.00006771
    -0.04233945    -0.04231825    -0.00002120
    -0.03746532    -0.03751579     0.00005047
     0.05068028     0.05058167     0.00009861
     0.00902841     0.00906294    -0.00003453
    -0.04378470    -0.04366713    -0.00011757
    -0.02374395    -0.02371899    -0.00002496
    -0.03242824    -0.03240527    -0.00002297
    -0.03240533    -0.03238248    -0.00002286
     0.02365214     0.02355456     0.00009758
     0.01063127     0.01055796     0.00007331
     0.00832649     0.00828437     0.00004212
    -0.03256680    -0.03261801     0.00005121
    -0.02605866    -0.02615432     0.00009566
    -0.04467176    -0.04468587     0.00001410
    -0.03239371    -0.03219146    -0.00020225
    -0.03358046    -0.03355151    -0.00002894
    -0.03355613    -0.03352758    -0.00002855
    -0.05094361    -0.05087210    -0.00007151
    -0.04568533    -0.04565833    -0.00002701
    -0.04660742    -0.04649104    -0.00011637
    -0.03468137    -0.03467672    -0.00000466
    -0.05612806    -0.05613921     0.00001115
    -0.03577168    -0.03584055     0.00006887
    -0.03579922    -0.03586675     0.00006753
    -0.00726892    -0.00723072    -0.00003820
     0.03268741     0.03275567    -0.00006827
    -0.00514186    -0.00507544    -0.00006642
    -0.00110470    -0.00122003     0.00011533
     0.01622196     0.01598271     0.00023925
     0.03270068     0.03263926     0.00006143
     0.01386771     0.01381530     0.00005241
     0.01397792     0.01393812     0.00003980
    -0.00454827    -0.00461841     0.00007013
     0.00055190     0.00056125    -0.00000934
    -0.00152397    -0.00160355     0.00007958
     0.02685816     0.02685627     0.00000188
    -0.00481954    -0.00483421     0.00001467
    -0.00087199    -0.00092900     0.00005701
    -0.01002076    -0.01000139    -0.00001936
    -0.00419197    -0.00434540     0.00015343
     0.00891246     0.00889646     0.00001600
     0.02864216     0.02862555     0.00001661
    -0.00283094    -0.00282415    -0.00000679
     0.03573998     0.03572934     0.00001064
    -0.00187353    -0.00190258     0.00002904
     0.02794862     0.02801982    -0.00007120
    -0.00746408    -0.00741586    -0.00004823
     0.03074416     0.03083310    -0.00008894
    -0.00439894    -0.00442033     0.00002139
     0.02695054     0.02672132     0.00022921
     0.01619069     0.01617745     0.00001325
    -0.00223795    -0.00226055     0.00002261
    -0.01085119    -0.01072576    -0.00012544
     0.02213799     0.02206639     0.00007160
    -0.00163791    -0.00175602     0.00011812
     0.02299928     0.02292649     0.00007279
     0.01420407     0.01406128     0.00014279
     0.02406801     0.02402462     0.00004339
    -0.00571167    -0.00569969    -0.00001198
    -0.00616550    -0.00619364     0.00002814
    -0.00075898    -0.00085479     0.00009581
     0.01057658     0.01064374    -0.00006716
     0.00295287     0.00303350    -0.00008063
     0.02378496     0.02375247     0.00003249
     0.01503478     0.01498496     0.00004982
    -0.00293333    -0.00287845    -0.00005488
    -0.00582076    -0.00583281     0.00001205
     0.00030839     0.00035735    -0.00004896
     0.00048142     0.00049687    -0.00001544
     0.01865490     0.01858340     0.00007150
     0.00768455     0.00752433     0.00016022
     0.03126175     0.03120999     0.00005176
     0.02341055     0.02348850    -0.00007795
     0.02285166     0.02264065     0.00021101
    -0.00142487    -0.00153533     0.00011046
     0.01697014     0.01704132    -0.00007118
     0.02638264     0.02643167    -0.00004904
     0.01624008     0.01619320     0.00004688
     0.03527096     0.03523622     0.00003475
     0.01001278     0.01001422    -0.00000144
     0.00283668     0.00284440    -0.00000772
    -0.00128718    -0.00137297     0.00008579
    -0.00103360    -0.00109644     0.00006284
     0.02962267     0.02967534    -0.00005267
     0.02414469     0.02419829    -0.00005360
    -0.00100377    -0.00108189     0.00007812
     0.03526100     0.03522788     0.00003312
    -0.00125730    -0.00135474     0.00009744
     0.03517401     0.03514773     0.00002628
     0.01748155     0.01743764     0.00004391
     0.02982188     0.02977768     0.00004421
     0.03002556     0.03005868    -0.00003312
     0.01650964     0.01645200     0.00005763
     0.01016987     0.01024152    -0.00007164
     0.01875686     0.01871571     0.00004115
     0.01046700     0.01053544    -0.00006844
    -0.00310436    -0.00313161     0.00002725
     0.02838561     0.02834687     0.00003875
     0.02006293     0.02002466     0.00003827
    -0.00445216    -0.00443858    -0.00001358
     0.03523480     0.03526421    -0.00002941
     0.02695745     0.02692192     0.00003553
     0.01922648     0.01898550     0.00024098
     0.02139727     0.02136152     0.00003574
     0.03255097     0.03258485    -0.00003389
     0.02554066     0.02550703     0.00003363
     0.02275726     0.02272315     0.00003411
     0.02413963     0.02410618     0.00003345
     0.02121702     0.02123989    -0.00002288
     0.02730208     0.02730980    -0.00000771
     0.02588195     0.02591657    -0.00003462
    -0.00217457    -0.00211412    -0.00006045
     0.01917007     0.01916758     0.00000249
     0.02029172     0.02027544     0.00001628
     0.01252056     0.01257071    -0.00005015
     0.01679454     0.01679912    -0.00000458
    -0.00987028    -0.00989136     0.00002108
     0.02706586     0.02708729    -0.00002143
     0.01264304     0.01259625     0.00004679
     0.01013243     0.01015057    -0.00001814
     0.01790389     0.01779566     0.00010824
    -0.01522594    -0.01523128     0.00000534
     0.01254445     0.01244745     0.00009700
     0.01665995     0.01666425    -0.00000430
    -0.00061002    -0.00043508    -0.00017494
    -0.00070633    -0.00052609    -0.00018024
    -0.00070633    -0.00052609    -0.00018024
    -0.00184991    -0.00180400    -0.00004592
    -0.00179149    -0.00163548    -0.00015601
    -0.00056597    -0.00038828    -0.00017769
    -0.00056597    -0.00038828    -0.00017769
    -0.00137758    -0.00115398    -0.00022359
    -0.00141945    -0.00122871    -0.00019075
    -0.00179056    -0.00173574    -0.00005482
    -0.00047103    -0.00057033     0.00009930
    -0.00082246    -0.00086948     0.00004701
    -0.00136754    -0.00124368    -0.00012386
    -0.00040763    -0.00044184     0.00003421
    -0.00174896    -0.00168590    -0.00006305
    -0.00063419    -0.00044126    -0.00019292
    -0.01707705    -0.01718679     0.00010974
    -0.00063446    -0.00044126    -0.00019320
    -0.00091294    -0.00100336     0.00009042
    -0.00184825    -0.00180899    -0.00003927
    -0.00099651    -0.00096522    -0.00003129
    -0.00130302    -0.00111772    -0.00018530
    -0.00128936    -0.00109090    -0.00019846
    -0.00060175    -0.00041810    -0.00018366
    -0.00060175    -0.00041810    -0.00018366
    -0.00181984    -0.00177665    -0.00004319
    -0.00131953    -0.00126911    -0.00005043
     0.00776757     0.00787317    -0.00010560
    -0.00102601    -0.00102422    -0.00000179
    -0.00177571    -0.00173118    -0.00004453
    -0.00180090    -0.00175891    -0.00004200
     0.01075375     0.01087299    -0.00011924
    -0.00171696    -0.00166621    -0.00005075
    -0.00154683    -0.00130032    -0.00024652
    -0.00156599    -0.00137570    -0.00019029
    -0.00112533    -0.00119819     0.00007287
    -0.00086728    -0.00092158     0.00005430
    -0.00091974    -0.00100002     0.00008028
    -0.00138971    -0.00119463    -0.00019508
    -0.00173981    -0.00170251    -0.00003731
    -0.00153663    -0.00134317    -0.00019346
    -0.00145913    -0.00121123    -0.00024790
    -0.04089224    -0.04081592    -0.00007631
    -0.00048491    -0.00056235     0.00007744
    -0.00142188    -0.00122683    -0.00019505
    -0.00046458    -0.00052124     0.00005666
    -0.00117156    -0.00125087     0.00007931
    -0.00088940    -0.00094883     0.00005943
    -0.00091096    -0.00097884     0.00006789
    -0.00090521    -0.00097025     0.00006503
    -0.00091106    -0.00097884     0.00006778
    -0.00071395    -0.00051132    -0.00020263
    -0.00071395    -0.00051132    -0.00020263
    -0.00068760    -0.00048191    -0.00020569
    -0.00068760    -0.00048191    -0.00020569
    -0.00175456    -0.00171304    -0.00004152
    -0.00119561    -0.00112242    -0.00007319
    -0.00072156    -0.00074091     0.00001935
    -0.00072156    -0.00074091     0.00001935
    -0.00116408    -0.00123679     0.00007272
    -0.00067982    -0.00061334    -0.00006648
    -0.00067982    -0.00061334    -0.00006648
    -0.00117757    -0.00127189     0.00009432
    -0.00121842    -0.00114256    -0.00007586
     0.04360842     0.04357071     0.00003771
    -0.04141734    -0.04130116    -0.00011618
    -0.00112658    -0.00116605     0.00003947
    -0.00107907    -0.00106525    -0.00001382
    -0.00131352    -0.00134889     0.00003537
    -0.00112059    -0.00114687     0.00002627
    -0.00789737    -0.00785740    -0.00003997
     0.03708727     0.03711115    -0.00002389
    -0.00074671    -0.00073546    -0.00001124
    -0.00074671    -0.00073546    -0.00001124
    -0.00125722    -0.00122145    -0.00003577
    -0.00126076    -0.00123995    -0.00002081
    -0.00073596    -0.00069421    -0.00004175
    -0.00073596    -0.00069421    -0.00004175
    -0.00117942    -0.00121722     0.00003780
     0.02446976     0.02439061     0.00007915
    -0.00451157    -0.00457198     0.00006041
    -0.00134707    -0.00134340    -0.00000367
    -0.00140367    -0.00136077    -0.00004290
     0.03066737     0.03061008     0.00005729
    -0.05329598    -0.05323320    -0.00006277
     0.01981735     0.01987357    -0.00005622
    -0.01078945    -0.01078252    -0.00000693
     0.00826949     0.00833825    -0.00006876
     0.02671913     0.02670786     0.00001127
    -0.04264054    -0.04265067     0.00001013
    -0.00460509    -0.00458876    -0.00001634
    -0.01993610    -0.01994455     0.00000845
     0.03151990     0.03155376    -0.00003386
    -0.00806116    -0.00809319     0.00003204
     0.03037305     0.03036164     0.00001141
    -0.01266774    -0.01269362     0.00002587
    -0.04546761    -0.04550220     0.00003459
     0.03223962     0.03229620    -0.00005658
     0.03424629     0.03427195    -0.00002565
    -0.02179814    -0.02183230     0.00003416
    -0.00083136    -0.00098570     0.00015434
    -0.00083136    -0.00098570     0.00015434
    -0.00083136    -0.00098570     0.00015434
    -0.00083136    -0.00098570     0.00015434
    -0.00151086    -0.00165141     0.00014055
    -0.00147769    -0.00162763     0.00014994
    -0.00134966    -0.00149368     0.00014402
    -0.00158286    -0.00173931     0.00015645
    -0.00040003    -0.00054709     0.00014706
    -0.00040003    -0.00054709     0.00014706
    -0.00040003    -0.00054709     0.00014706
    -0.00040003    -0.00054709     0.00014706
    -0.00040003    -0.00054709     0.00014706
    -0.00040003    -0.00054709     0.00014706
    -0.00040003    -0.00054709     0.00014706
    -0.00040003    -0.00054709     0.00014706
    -0.00040003    -0.00054709     0.00014706
    -0.00040003    -0.00054709     0.00014706
    -0.00040003    -0.00054709     0.00014706
    -0.00164901    -0.00180823     0.00015922
    -0.00150874    -0.00166147     0.00015273
    -0.00039976    -0.00054709     0.00014733
    -0.00084913    -0.00100846     0.00015933
    -0.00162283    -0.00178263     0.00015980
    -0.00127845    -0.00141102     0.00013257
    -0.00108304    -0.00122853     0.00014549
    -0.00016604    -0.00032874     0.00016270
    -0.00091504    -0.00106444     0.00014940
    -0.00088037    -0.00103886     0.00015849
    -0.00160800    -0.00176568     0.00015767
    -0.00145004    -0.00160352     0.00015348
    -0.00095749    -0.00111159     0.00015410
    -0.00120704    -0.00134220     0.00013516
    -0.00784700    -0.00782330    -0.00002370
    -0.00142073    -0.00156916     0.00014843
    -0.00066401    -0.00082162     0.00015761
    -0.00066401    -0.00082162     0.00015761
    -0.00066401    -0.00082162     0.00015761
    -0.00066401    -0.00082162     0.00015761
    -0.00066401    -0.00082162     0.00015761
    -0.00066401    -0.00082162     0.00015761
    -0.00066401    -0.00082162     0.00015761
    -0.00066374    -0.00082162     0.00015788
    -0.00066374    -0.00082162     0.00015788
    -0.00066374    -0.00082162     0.00015788
    -0.00066374    -0.00082162     0.00015788
    -0.00066374    -0.00082162     0.00015788
    -0.00142816    -0.00158647     0.00015831
    -0.00143932    -0.00159033     0.00015101
    -0.00131684    -0.00147216     0.00015532
    -0.00145290    -0.00160689     0.00015400
    -0.00113471    -0.00128847     0.00015375
    -0.00051879    -0.00067585     0.00015706
    -0.00051879    -0.00067585     0.00015706
    -0.00051879    -0.00067585     0.00015706
    -0.00051879    -0.00067585     0.00015706
    -0.00051879    -0.00067585     0.00015706
    -0.00051879    -0.00067585     0.00015706
    -0.00051879    -0.00067585     0.00015706
    -0.00051879    -0.00067585     0.00015706
    -0.00051879    -0.00067585     0.00015706
    -0.00051879    -0.00067585     0.00015706
    -0.00051879    -0.00067585     0.00015706
    -0.00051879    -0.00067585     0.00015706
    -0.00025527    -0.00042112     0.00016585
    -0.00061898    -0.00077202     0.00015305
    -0.00093066    -0.00109714     0.00016649
     0.01854396     0.01848095     0.00006301
     0.02042710     0.02042810    -0.00000100
    -0.00108421    -0.00123664     0.00015242
    -0.00136468    -0.00152867     0.00016399
    -0.00095049    -0.00111796     0.00016747
    -0.00144209    -0.00160950     0.00016740
    -0.00113828    -0.00130048     0.00016220
     0.02171120     0.02179131    -0.00008011
    -0.00098432    -0.00115360     0.00016929
    -0.00117882    -0.00134402     0.00016520
    -0.00125439    -0.00141262     0.00015823
    -0.00130949    -0.00146989     0.00016039
    -0.00035742    -0.00052522     0.00016780
    -0.04656203    -0.04661561     0.00005358
    -0.00126288    -0.00143088     0.00016800
    -0.00102946    -0.00119909     0.00016963
    -0.00131396    -0.00148442     0.00017046
    -0.00128255    -0.00144803     0.00016548
    -0.00047582    -0.00064195     0.00016613
    -0.00104519    -0.00121653     0.00017134
     0.02376681     0.02370812     0.00005869
    -0.00108029    -0.00125294     0.00017264
    -0.00112642    -0.00129723     0.00017082
    -0.00131279    -0.00148509     0.00017231
    -0.00122666    -0.00139559     0.00016893
    -0.00114748    -0.00131942     0.00017194
     0.02001585     0.01996396     0.00005189
    -0.00124405    -0.00141863     0.00017458
    -0.00119613    -0.00137280     0.00017667
     0.01343225     0.01343128     0.00000097
     0.00403137     0.00409405    -0.00006268
    -0.01584750    -0.01582039    -0.00002711
    -0.02415280    -0.02414988    -0.00000292
    -0.00205304    -0.00185180    -0.00020124
    -0.01077672    -0.01058788    -0.00018883
    -0.00231436    -0.00210989    -0.00020447
    -0.03761705    -0.03740750    -0.00020955
    -0.00314504    -0.00298942    -0.00015562
    -0.00216453    -0.00197300    -0.00019153
     0.03439734     0.03443724    -0.00003990
    -0.00161230    -0.00141494    -0.00019736
    -0.00161230    -0.00141494    -0.00019736
    -0.00228023    -0.00207247    -0.00020776
    -0.00180025    -0.00162097    -0.00017928
    -0.00180025    -0.00162097    -0.00017928
    -0.00235183    -0.00218946    -0.00016237
    -0.00235183    -0.00218946    -0.00016237
    -0.00292441    -0.00276465    -0.00015976
    -0.00325677    -0.00310310    -0.00015367
    -0.03831706    -0.03816529    -0.00015177
    -0.00955710    -0.00949410    -0.00006301
    -0.00257926    -0.00240320    -0.00017606
    -0.02764429    -0.02760203    -0.00004226
     0.00597323     0.00585454     0.00011869
    -0.00251754    -0.00232535    -0.00019220
    -0.04795147    -0.04810326     0.00015179
    -0.00263978    -0.00245683    -0.00018294
    -0.00269733    -0.00252481    -0.00017252
    -0.00276800    -0.00260220    -0.00016580
    -0.01765970    -0.01767912     0.00001942
    -0.00224687    -0.00203475    -0.00021212
    -0.00292351    -0.00275271    -0.00017080
     0.01044678     0.01039366     0.00005312
     0.03538248     0.03542513    -0.00004266
     0.00996024     0.00993211     0.00002813
    -0.00274274    -0.00256353    -0.00017921
    -0.06052406    -0.06053832     0.00001426
    -0.03038407    -0.03041659     0.00003252
    -0.00285075    -0.00267969    -0.00017106
    -0.00276389    -0.00258542    -0.00017847
     0.02937616     0.02935122     0.00002494
    -0.00468240    -0.00471604     0.00003364
    -0.00230883    -0.00209760    -0.00021123
     0.01850513     0.01858783    -0.00008270
    -0.00250407    -0.00231244    -0.00019163
    -0.00284468    -0.00266573    -0.00017895
    -0.01807519    -0.01789372    -0.00018147
    -0.02699193    -0.02696193    -0.00002999
    -0.00237055    -0.00216432    -0.00020623
    -0.00635029    -0.00635213     0.00000183
    -0.01383900    -0.01392722     0.00008822
     0.03637912     0.03642317    -0.00004405
     0.01584587     0.01579562     0.00005025
     0.01367435     0.01363048     0.00004387
    -0.00252369    -0.00232906    -0.00019463
    -0.00271847    -0.00253505    -0.00018342
    -0.00247822    -0.00227805    -0.00020017
    -0.00693703    -0.00678109    -0.00015594
    -0.00307617    -0.00290166    -0.00017450
    -0.04074018    -0.04075275     0.00001257
    -0.01818221    -0.01827679     0.00009457
    -0.00957267    -0.00952151    -0.00005116
    -0.03792062    -0.03789509    -0.00002553
     0.02508405     0.02485011     0.00023394
     0.01935296     0.01930949     0.00004347
     0.02469488     0.02479996    -0.00010508
    -0.03021460    -0.03024668     0.00003209
    -0.02126047    -0.02119655    -0.00006393
     0.01860976     0.01866289    -0.00005314
    -0.00246647    -0.00238499    -0.00008148
    -0.00209245    -0.00204897    -0.00004348
     0.02941227     0.02954686    -0.00013459
    -0.00442699    -0.00438566    -0.00004133
    -0.00914556    -0.00932985     0.00018429
    -0.01251906    -0.01236551    -0.00015355
    -0.02743022    -0.02740491    -0.00002531
    -0.01993863    -0.01980311    -0.00013552
    -0.02628794    -0.02622800    -0.00005994
    -0.04161429    -0.04147627    -0.00013802
    -0.02050119    -0.02047724    -0.00002396
    -0.01299031    -0.01296280    -0.00002751
    -0.01897156    -0.01901598     0.00004442
    -0.04834312    -0.04837990     0.00003678
    -0.02102896    -0.02106401     0.00003505
    -0.01564905    -0.01559526    -0.00005379
    -0.01480182    -0.01481861     0.00001678
    -0.00730762    -0.00714702    -0.00016060
     0.00421855     0.00425097    -0.00003242
    -0.02167518    -0.02171332     0.00003814
    -0.00695305    -0.00683297    -0.00012008
     0.01038182     0.01037649     0.00000533
     0.00208129     0.00201767     0.00006362
    -0.01798352    -0.01803518     0.00005167
     0.00171655     0.00167590     0.00004065
    -0.02100278    -0.02094336    -0.00005943
    -0.01701071    -0.01704314     0.00003243
     0.00540938     0.00540420     0.00000518
     0.00816872     0.00824312    -0.00007440
     0.00861395     0.00861120     0.00000276
    -0.02447749    -0.02453909     0.00006160
     0.00495917     0.00489056     0.00006861
     0.02000948     0.02005537    -0.00004589
     0.01771992     0.01771109     0.00000883
    -0.01299096    -0.01300149     0.00001053
     0.02228025     0.02238833    -0.00010808
     0.01858883     0.01851993     0.00006891
     0.00676015     0.00686104    -0.00010089
    -0.04939397    -0.04938221    -0.00001176
     0.01084273     0.01081968     0.00002305
     0.03724022     0.03717124     0.00006899
     0.01208009     0.01210225    -0.00002217
    -0.01262140    -0.01259404    -0.00002736
    -0.01262140    -0.01259404    -0.00002736
     0.01419795     0.01427929    -0.00008134
    -0.01992652    -0.02005044     0.00012392
     0.00248777     0.00264833    -0.00016055
    -0.02165645    -0.02147240    -0.00018405
     0.01447140     0.01448806    -0.00001667
     0.01794107     0.01811818    -0.00017712
     0.01719847     0.01730077    -0.00010231
     0.00122612     0.00124061    -0.00001449
     0.02547252     0.02564664    -0.00017412
     0.00945688     0.00967070    -0.00021382
     0.01317292     0.01326955    -0.00009663
     0.00852799     0.00865807    -0.00013008
    -0.01423090    -0.01423930     0.00000840
    -0.01423090    -0.01423930     0.00000840
    -0.00003586    -0.00010991     0.00007405
    -0.01338806    -0.01335921    -0.00002884
     0.01650131     0.01658306    -0.00008174
     0.00176401     0.00180344    -0.00003943
    -0.02533489    -0.02544368     0.00010879
     0.05814926     0.05815530    -0.00000604
     0.01562034     0.01571074    -0.00009040
    -0.02451174    -0.02452787     0.00001612
     0.02344634     0.02328349     0.00016285
     0.02079048     0.02092941    -0.00013893
    -0.01556230    -0.01563489     0.00007259
     0.01630721     0.01639689    -0.00008967
     0.00765484     0.00769985    -0.00004501
     0.01252924     0.01253669    -0.00000746
     0.00926303     0.00913134     0.00013169
    -0.02133291    -0.02130347    -0.00002944
     0.05906621     0.05901373     0.00005248
    -0.01529087    -0.01529700     0.00000613
    -0.01529087    -0.01529700     0.00000613
    -0.01649824    -0.01661654     0.00011830
    -0.00066578    -0.00066194    -0.00000384
     0.01023186     0.01032253    -0.00009067
    -0.00650883    -0.00641627    -0.00009256
    -0.00110633    -0.00117160     0.00006527
     0.01435218     0.01429255     0.00005964
     0.05688921     0.05683997     0.00004924
     0.00019464     0.00023249    -0.00003785
    -0.01560252    -0.01560318     0.00000066
    -0.01722821    -0.01722710    -0.00000111
     0.00362994     0.00353131     0.00009864
    -0.01663960    -0.01667728     0.00003768
     0.00341756     0.00345641    -0.00003885
     0.05386908     0.05388536    -0.00001628
    -0.00123281    -0.00119777    -0.00003504
    -0.01706810    -0.01711887     0.00005078
    -0.01604941    -0.01601175    -0.00003766
    -0.01604941    -0.01601175    -0.00003766
     0.01452095     0.01437061     0.00015034
     0.01055377     0.01046780     0.00008597
     0.05108943     0.05108348     0.00000595
     0.05976654     0.05977843    -0.00001189
    -0.01173404    -0.01172990    -0.00000414
     0.00389376     0.00393328    -0.00003952
     0.05968823     0.05984024    -0.00015201
    -0.01610688    -0.01604154    -0.00006534
    -0.02800253    -0.02803500     0.00003247
    -0.02366144    -0.02365861    -0.00000283
     0.00469225     0.00474214    -0.00004989
     0.05797171     0.05814302    -0.00017132
    -0.01956673    -0.01962530     0.00005857
    -0.00427314    -0.00416841    -0.00010473
    -0.02039692    -0.02043477     0.00003785
    -0.01105008    -0.01112984     0.00007976
    -0.02364912    -0.02367074     0.00002162
     0.05636096     0.05635163     0.00000932
    -0.02247856    -0.02250835     0.00002979
    -0.01445572    -0.01447677     0.00002104
    -0.02411974    -0.02414946     0.00002972
    -0.02700880    -0.02698504    -0.00002376
    -0.02334906    -0.02338685     0.00003780
    -0.02647208    -0.02646513    -0.00000695
    -0.01675538    -0.01681317     0.00005779
     0.06032068     0.06026176     0.00005892
    -0.01737265    -0.01739820     0.00002555
    -0.01737265    -0.01739820     0.00002555
    -0.02888276    -0.02893067     0.00004791
    -0.01876799    -0.01879566     0.00002767
    -0.01876799    -0.01879566     0.00002767
    -0.02089815    -0.02087826    -0.00001990
    -0.02089843    -0.02087826    -0.00002017
    -0.02761850    -0.02765099     0.00003250
    -0.01513236    -0.01510866    -0.00002370
    -0.01513236    -0.01510866    -0.00002370
    -0.02895049    -0.02900005     0.00004956
    -0.04490042    -0.04483785    -0.00006257
    -0.02251345    -0.02250608    -0.00000737
     0.00001864     0.00007789    -0.00005925
    -0.00006634     0.00003570    -0.00010204
    -0.00060722    -0.00055571    -0.00005152
    -0.00019282    -0.00005034    -0.00014248
    -0.00061185    -0.00055681    -0.00005503
    -0.00042760    -0.00036708    -0.00006052
    -0.00050657    -0.00040582    -0.00010074
    -0.00065481    -0.00059287    -0.00006195
    -0.00042646    -0.00036558    -0.00006088
    -0.00050153    -0.00040299    -0.00009855
    -0.00062975    -0.00057486    -0.00005489
    -0.00050502    -0.00040397    -0.00010105
    -0.00002321     0.00002950    -0.00005271
    -0.00002373     0.00005685    -0.00008058
    -0.00063217    -0.00057231    -0.00005986
    -0.00044825    -0.00037756    -0.00007070
    -0.00044689    -0.00037597    -0.00007093
    -0.00008144     0.00004328    -0.00012472
    -0.00008144     0.00004328    -0.00012472
    -0.00008144     0.00004328    -0.00012472
    -0.00008144     0.00004328    -0.00012472
    -0.00008172     0.00004328    -0.00012499
    -0.00008172     0.00004328    -0.00012499
    -0.00008172     0.00004328    -0.00012499
    -0.00008172     0.00004328    -0.00012499
    -0.00008172     0.00004328    -0.00012499
    -0.00008172     0.00004328    -0.00012499
    -0.00008172     0.00004328    -0.00012499
    -0.00008172     0.00004328    -0.00012499
    -0.00017173    -0.00004203    -0.00012970
    -0.00003761     0.00002040    -0.00005800
    -0.00003744     0.00002064    -0.00005808
    -0.00062543    -0.00056474    -0.00006069
     0.00005799     0.00011817    -0.00006019
     0.00005799     0.00011817    -0.00006019
     0.00005772     0.00011817    -0.00006046
     0.00005772     0.00011817    -0.00006046
     0.00005772     0.00011817    -0.00006046
     0.00005772     0.00011817    -0.00006046
     0.00005772     0.00011817    -0.00006046
     0.00005772     0.00011817    -0.00006046
     0.00005772     0.00011817    -0.00006046
     0.00005772     0.00011817    -0.00006046
     0.00005772     0.00011817    -0.00006046
     0.00005772     0.00011817    -0.00006046
    -0.00075035    -0.00063056    -0.00011979
    -0.00073713    -0.00062857    -0.00010856
    -0.00075327    -0.00063051    -0.00012276
    -0.00015026    -0.00003338    -0.00011688
    -0.00005431     0.00001171    -0.00006602
    -0.00072001    -0.00061994    -0.00010008
    -0.00064630    -0.00057845    -0.00006785
     0.00003007     0.00009932    -0.00006925
     0.00003007     0.00009932    -0.00006925
     0.00003007     0.00009932    -0.00006925
     0.00003007     0.00009932    -0.00006925
     0.00003007     0.00009932    -0.00006925
     0.00003007     0.00009932    -0.00006925
     0.00003007     0.00009932    -0.00006925
     0.00003007     0.00009932    -0.00006925
     0.00003007     0.00009932    -0.00006925
     0.00003007     0.00009932    -0.00006925
     0.00003007     0.00009932    -0.00006925
     0.00003007     0.00009932    -0.00006925
    -0.00064788    -0.00057929    -0.00006859
    -0.00012977    -0.00002447    -0.00010530
    -0.00004226     0.00006130    -0.00010356
    -0.00004253     0.00006130    -0.00010384
    -0.00004253     0.00006130    -0.00010384
    -0.00004253     0.00006130    -0.00010384
    -0.00004253     0.00006130    -0.00010384
    -0.00004253     0.00006130    -0.00010384
    -0.00004253     0.00006130    -0.00010384
    -0.00004253     0.00006130    -0.00010384
    -0.00004253     0.00006130    -0.00010384
    -0.00004253     0.00006130    -0.00010384
    -0.00004253     0.00006130    -0.00010384
    -0.00004253     0.00006130    -0.00010384
    -0.00069163    -0.00060645    -0.00008518
    -0.00072113    -0.00061638    -0.00010475
    -0.00011110    -0.00001602    -0.00009509
    -0.00011113    -0.00001570    -0.00009543
    -0.00069960    -0.00060703    -0.00009258
    -0.00070409    -0.00060984    -0.00009426
    -0.00009285    -0.00000680    -0.00008605
    -0.00071008    -0.00061170    -0.00009838
    -0.00067841    -0.00059616    -0.00008225
    -0.00000634     0.00008020    -0.00008654
    -0.00000634     0.00008020    -0.00008654
    -0.00000634     0.00008020    -0.00008654
    -0.00000634     0.00008020    -0.00008654
    -0.00000634     0.00008020    -0.00008654
    -0.00000634     0.00008020    -0.00008654
    -0.00000634     0.00008020    -0.00008654
    -0.00000634     0.00008020    -0.00008654
    -0.00000634     0.00008020    -0.00008654
    -0.00000634     0.00008020    -0.00008654
    -0.00000634     0.00008020    -0.00008654
    -0.00000634     0.00008020    -0.00008654
     0.00618640     0.00629168    -0.00010528
     0.01320677     0.01318711     0.00001966
     0.01356436     0.01344265     0.00012171
    -0.02499812    -0.02498880    -0.00000932
    -0.03162877    -0.03169261     0.00006383
    -0.02466530    -0.02462926    -0.00003604
    -0.03028290    -0.03034350     0.00006060
    -0.01752862    -0.01761892     0.00009030
    -0.03045909    -0.03051808     0.00005898
    -0.01626297    -0.01617360    -0.00008936
    -0.02662030    -0.02660826    -0.00001204
     0.00179892     0.00176763     0.00003129
    -0.02593732    -0.02598868     0.00005136
    -0.01955002    -0.01949661    -0.00005341
    -0.01435235    -0.01433755    -0.00001479
    -0.03095829    -0.03100863     0.00005035
    -0.03156888    -0.03161649     0.00004761
    -0.02794003    -0.02792693    -0.00001309
    -0.01501328    -0.01491473    -0.00009856
    -0.01528376    -0.01529467     0.00001091
    -0.02057867    -0.02059418     0.00001551
    -0.04028602    -0.04033134     0.00004532
    -0.01895763    -0.01890473    -0.00005290
    -0.01827778    -0.01834935     0.00007157
    -0.01778365    -0.01785089     0.00006724
    -0.00082622    -0.00085771     0.00003150
    -0.02086917    -0.02082502    -0.00004415
    -0.01790177    -0.01795980     0.00005803
     0.00879088     0.00867208     0.00011880
    -0.01490871    -0.01483716    -0.00007155
    -0.02371293    -0.02376368     0.00005075
    -0.02436627    -0.02433886    -0.00002741
    -0.01478185    -0.01471011    -0.00007174
    -0.03519649    -0.03514315    -0.00005334
     0.00068173     0.00068614    -0.00000441
    -0.01870241    -0.01873826     0.00003585
    -0.01666401    -0.01668283     0.00001882
    -0.01666401    -0.01668283     0.00001882
    -0.01666401    -0.01668283     0.00001882
    -0.01666401    -0.01668283     0.00001882
    -0.01666401    -0.01668283     0.00001882
    -0.01666401    -0.01668283     0.00001882
    -0.01666401    -0.01668283     0.00001882
    -0.01666401    -0.01668283     0.00001882
    -0.01666401    -0.01668283     0.00001882
    -0.01666401    -0.01668283     0.00001882
    -0.01666401    -0.01668283     0.00001882
    -0.01666401    -0.01668283     0.00001882
    -0.01650224    -0.01650834     0.00000611
    -0.01567196    -0.01563735    -0.00003461
    -0.01560432    -0.01554593    -0.00005839
    -0.01737183    -0.01730200    -0.00006983
    -0.02707334    -0.02708549     0.00001215
    -0.01579613    -0.01574823    -0.00004790
    -0.02718913    -0.02719850     0.00000937
    -0.02123111    -0.02119085    -0.00004026
    -0.01928093    -0.01932184     0.00004091
    -0.01826058    -0.01828640     0.00002582
    -0.02647268    -0.02647275     0.00000007
    -0.02647268    -0.02647275     0.00000007
    -0.02647268    -0.02647275     0.00000007
    -0.02647268    -0.02647275     0.00000007
    -0.02647268    -0.02647275     0.00000007
    -0.02647268    -0.02647275     0.00000007
    -0.02647295    -0.02647275    -0.00000020
    -0.02647295    -0.02647275    -0.00000020
    -0.02647295    -0.02647275    -0.00000020
    -0.02647295    -0.02647275    -0.00000020
    -0.02647295    -0.02647275    -0.00000020
    -0.02647295    -0.02647275    -0.00000020
    -0.02532545    -0.02530545    -0.00002000
    -0.01728201    -0.01721755    -0.00006445
    -0.00893233    -0.00892842    -0.00000391
    -0.05926243    -0.05929768     0.00003525
    -0.01681299    -0.01678629    -0.00002670
    -0.01984469    -0.01980733    -0.00003736
    -0.03587544    -0.03583777    -0.00003766
    -0.02403258    -0.02400840    -0.00002418
    -0.01849261    -0.01849594     0.00000332
    -0.01863610    -0.01863109    -0.00000501
    -0.03222617    -0.03226414     0.00003797
    -0.02386079    -0.02383987    -0.00002093
    -0.02008306    -0.02009632     0.00001325
    -0.02107397    -0.02108084     0.00000687
    -0.02107397    -0.02108084     0.00000687
    -0.02107397    -0.02108084     0.00000687
    -0.02107397    -0.02108084     0.00000687
    -0.02107397    -0.02108084     0.00000687
    -0.02107397    -0.02108084     0.00000687
    -0.02107397    -0.02108084     0.00000687
    -0.02107397    -0.02108084     0.00000687
    -0.02107397    -0.02108084     0.00000687
    -0.02107397    -0.02108084     0.00000687
    -0.02107397    -0.02108084     0.00000687
    -0.02107397    -0.02108084     0.00000687
    -0.01878448    -0.01876460    -0.00001988
    -0.01901262    -0.01898045    -0.00003217
    -0.01960423    -0.01957437    -0.00002986
    -0.01955642    -0.01952956    -0.00002685
     0.00116165     0.00122003    -0.00005838
    -0.02007542    -0.02006071    -0.00001471
    -0.01188180    -0.01191403     0.00003224
    -0.01028569    -0.01030932     0.00002363
    -0.01297346    -0.01299943     0.00002597
    -0.01956980    -0.01953944    -0.00003037
    -0.01956978    -0.01953943    -0.00003034
    -0.01190939    -0.01193746     0.00002807
    -0.01780202    -0.01778959    -0.00001243
    -0.01230298    -0.01233016     0.00002718
    -0.01910460    -0.01907133    -0.00003326
    -0.00459698    -0.00456678    -0.00003021
    -0.00886612    -0.00887164     0.00000552
    -0.01532257    -0.01546996     0.00014739
    -0.01260301    -0.01262744     0.00002443
    -0.01260301    -0.01262744     0.00002444
    -0.01855942    -0.01853090    -0.00002852
    -0.01855915    -0.01853090    -0.00002825
    -0.01325418    -0.01327549     0.00002131
    -0.01174231    -0.01176993     0.00002762
    -0.02121955    -0.02123806     0.00001851
    -0.01333548    -0.01335374     0.00001825
    -0.01333546    -0.01335374     0.00001828
    -0.01172871    -0.01175699     0.00002829
    -0.01922786    -0.01924299     0.00001512
    -0.01221712    -0.01224737     0.00003025
    -0.01041619    -0.01044300     0.00002681
    -0.01041619    -0.01044300     0.00002681
    -0.01758898    -0.01756545    -0.00002353
    -0.01758871    -0.01756545    -0.00002325
    -0.01410671    -0.01411734     0.00001063
    -0.01579052    -0.01578700    -0.00000352
    -0.01495040    -0.01492340    -0.00002700
    -0.01475861    -0.01471087    -0.00004774
    -0.01665832    -0.01664232    -0.00001600
    -0.01665832    -0.01664232    -0.00001600
    -0.01491764    -0.01491928     0.00000164
    -0.01491764    -0.01491928     0.00000165
    -0.01576807    -0.01576060    -0.00000748
    -0.01576807    -0.01576060    -0.00000748
    -0.01846401    -0.01843199    -0.00003203
    -0.01846401    -0.01843199    -0.00003203
    -0.00995700    -0.01010634     0.00014934
    -0.01571033    -0.01570461    -0.00000572
    -0.01272905    -0.01275410     0.00002504
    -0.01310030    -0.01312413     0.00002383
    -0.01837188    -0.01833822    -0.00003366
    -0.01902623    -0.01898591    -0.00004032
    -0.01583284    -0.01584458     0.00001174
    -0.03913920    -0.03914551     0.00000631
    -0.01545558    -0.01545085    -0.00000473
    -0.01365944    -0.01361966    -0.00003977
    -0.01394869    -0.01395538     0.00000669
    -0.01394869    -0.01395538     0.00000669
    -0.00244478    -0.00252166     0.00007688
    -0.01523854    -0.01521299    -0.00002555
    -0.01590658    -0.01589158    -0.00001500
    -0.00341500    -0.00340662    -0.00000839
    -0.01728674    -0.01728252    -0.00000422
    -0.01260559    -0.01257567    -0.00002992
    -0.02459311    -0.02459068    -0.00000243
    -0.01529666    -0.01527863    -0.00001804
    -0.01529683    -0.01527863    -0.00001820
    -0.01544456    -0.01542173    -0.00002283
    -0.01736130    -0.01735845    -0.00000285
    -0.01159728    -0.01157830    -0.00001897
    -0.00514467    -0.00516396     0.00001929
    -0.01063465    -0.01062675    -0.00000789
    -0.01666085    -0.01665417    -0.00000668
    -0.00971757    -0.00972008     0.00000252
    -0.00884558    -0.00885728     0.00001170
    -0.00801868    -0.00803727     0.00001859
    -0.02890818    -0.02891418     0.00000600
    -0.01604694    -0.01603506    -0.00001187
    -0.01671179    -0.01672995     0.00001816
    -0.01840736    -0.01841644     0.00000908
    -0.01840774    -0.01841644     0.00000870
    -0.01967051    -0.01971007     0.00003956
    -0.02801524    -0.02803668     0.00002144
    -0.02801524    -0.02803668     0.00002144
    -0.01681582    -0.01681105    -0.00000477
    -0.01681626    -0.01681105    -0.00000521
    -0.01649489    -0.01651930     0.00002441
    -0.01760326    -0.01760530     0.00000204
    -0.01718954    -0.01719745     0.00000790
    -0.02121549    -0.02125279     0.00003730
    -0.01772961    -0.01776059     0.00003098
    -0.02176356    -0.02182035     0.00005679
    -0.02176356    -0.02182035     0.00005679
    -0.01776065    -0.01777329     0.00001264
    -0.01859923    -0.01863826     0.00003903
    -0.02200226    -0.02203030     0.00002804
    -0.01899594    -0.01903010     0.00003416
    -0.01910316    -0.01913965     0.00003649
    -0.01956104    -0.01960095     0.00003991
    -0.02617553    -0.02620349     0.00002796
    -0.02406806    -0.02411352     0.00004545
    -0.02118991    -0.02122517     0.00003525
    -0.02078381    -0.02082134     0.00003752
    -0.01995928    -0.02001268     0.00005340
    -0.02156206    -0.02161353     0.00005147
    -0.02230904    -0.02236828     0.00005924
    -0.00134607    -0.00124071    -0.00010535
    -0.00200619    -0.00185056    -0.00015562
    -0.01927744    -0.01909212    -0.00018532
    -0.00206175    -0.00188413    -0.00017762
    -0.00163628    -0.00151125    -0.00012503
    -0.00131660    -0.00120671    -0.00010988
     0.01924335     0.01906247     0.00018088
    -0.00037693    -0.00046672     0.00008979
    -0.00037693    -0.00046672     0.00008979
    -0.00203775    -0.00186625    -0.00017150
    -0.00064118    -0.00052988    -0.00011130
    -0.00064118    -0.00052988    -0.00011130
    -0.00198850    -0.00206150     0.00007300
    -0.01829163    -0.01819943    -0.00009220
    -0.00134307    -0.00120937    -0.00013370
    -0.00053348    -0.00065223     0.00011875
    -0.00119605    -0.00128483     0.00008879
    -0.00116748    -0.00105446    -0.00011301
    -0.00170180    -0.00156233    -0.00013947
    -0.00045340    -0.00054078     0.00008738
    -0.00045340    -0.00054078     0.00008738
    -0.00112974    -0.00098324    -0.00014650
    -0.00112974    -0.00098324    -0.00014650
    -0.02070977    -0.02063350    -0.00007627
    -0.01068436    -0.01056735    -0.00011701
    -0.00127978    -0.00116519    -0.00011459
    -0.00160659    -0.00150743    -0.00009915
    -0.00108035    -0.00118601     0.00010566
    -0.00086603    -0.00097765     0.00011163
    -0.00086595    -0.00097765     0.00011171
    -0.01639826    -0.01628709    -0.00011117
    -0.00122615    -0.00111350    -0.00011264
    -0.00120590    -0.00109443    -0.00011147
    -0.02018405    -0.02002221    -0.00016184
    -0.01234559    -0.01223059    -0.00011500
    -0.00009570    -0.00021889     0.00012319
    -0.00402397    -0.00404085     0.00001689
    -0.00120838    -0.00109399    -0.00011438
    -0.00084584    -0.00094462     0.00009878
    -0.00074614    -0.00087570     0.00012957
     0.02201322     0.02187302     0.00014020
    -0.01201981    -0.01192488    -0.00009494
    -0.00158079    -0.00147483    -0.00010596
    -0.00078750    -0.00066156    -0.00012594
    -0.00078750    -0.00066156    -0.00012594
    -0.00085672    -0.00097091     0.00011419
    -0.00117757    -0.00127258     0.00009500
     0.00520029     0.00516560     0.00003469
    -0.00111126    -0.00123485     0.00012359
    -0.02370593    -0.02375250     0.00004656
    -0.02555296    -0.02552859    -0.00002437
    -0.00084187    -0.00094816     0.00010629
    -0.00095294    -0.00081206    -0.00014088
    -0.00095294    -0.00081206    -0.00014088
    -0.00094938    -0.00104115     0.00009178
    -0.00175127    -0.00160286    -0.00014841
    -0.00096100    -0.00106621     0.00010522
    -0.00084225    -0.00095063     0.00010838
    -0.00100211    -0.00110383     0.00010172
     0.00751750     0.00751124     0.00000626
    -0.00101430    -0.00111569     0.00010138
    -0.00097847    -0.00107697     0.00009850
    -0.01808485    -0.01815375     0.00006890
    -0.00057372    -0.00069867     0.00012494
    -0.00080984    -0.00093350     0.00012366
    -0.00159769    -0.00144674    -0.00015095
    -0.00083569    -0.00095398     0.00011829
    -0.00888133    -0.00878078    -0.00010056
    -0.00111999    -0.00122138     0.00010138
    -0.00146963    -0.00133152    -0.00013811
    -0.00099580    -0.00110601     0.00011021
    -0.00038559    -0.00051430     0.00012871
    -0.00108530    -0.00121122     0.00012592
     0.00718840     0.00726955    -0.00008114
    -0.00014936    -0.00028004     0.00013068
    -0.00059560    -0.00072244     0.00012684
    -0.00060714    -0.00073442     0.00012728
    -0.00081517    -0.00093819     0.00012302
    -0.00084698    -0.00097572     0.00012873
    -0.00108255    -0.00121668     0.00013413
    -0.02752565    -0.02753147     0.00000582
    -0.00020923    -0.00034281     0.00013358
     0.01718399     0.01716171     0.00002228
    -0.02567721    -0.02571638     0.00003917
    -0.00067639    -0.00080671     0.00013032
    -0.00032577    -0.00046355     0.00013777
    -0.00068801    -0.00081866     0.00013064
    -0.00074625    -0.00087657     0.00013032
    -0.00069925    -0.00083051     0.00013126
    -0.00069922    -0.00083051     0.00013129
    -0.00071090    -0.00084226     0.00013136
    -0.00072271    -0.00085387     0.00013116
    -0.00026656    -0.00040500     0.00013844
    -0.00102078    -0.00115650     0.00013572
    -0.01058251    -0.01069599     0.00011348
    -0.00105939    -0.00120371     0.00014431
    -0.00222037    -0.00229486     0.00007449
    -0.00094475    -0.00108028     0.00013553
    -0.00086992    -0.00101470     0.00014477
    -0.00098492    -0.00112509     0.00014017
     0.00008653     0.00008268     0.00011659     0.00011455     0.00055984
