                 -1.45572807222092248658
                  1.27612488805197954456
                  1.06887542816716574201
                  0.84682216956173872457
                  0.61260615349514158101
                 -0.41254187309229251035
                  0.24627872165372455271
                  0.00829893948708562354
                 -0.19878479946908794718
                 -0.41116033671641444291
                  0.63072622245213660896
                  0.86241545353376347638
                 -1.06480564684022693811
                  1.27844981130088930499
                 -1.48031163966394352371
                 -1.67670517345969738443
                  1.44366397037869287345
                 -1.16016930882881874609
                 -0.92802520849062242192
                 -0.71631797635177085759
                  0.47038463022908405531
                 -0.25202316513912609297
                 -0.00367816648404177288
                  0.20710151247685165687
                 -0.51760351854680641814
                 -0.72570220694908782466
                 -0.99382499629253606699
                 -1.21818973934032603879
                 -1.43122448441434957367
                 -1.67825918651175398644
                 -0.86821198217864892221
