                 -1.50720641482261807909
                  1.60149319389124666912
                 -0.93270666126377044236
                  0.75968149642464888327
                 -0.51594301107160867037
                  0.53148065784469555872
                  0.13037702313590204817
                 -0.20493631351402996632
                 -0.14519945673012982224
                  0.47544620781988844449
                 -0.08320956307403976071
                 -0.64446420498069956206
                 -0.78357065335315367882
                 -1.21723753685530544644
                  1.46238357740615310121
                 -1.68891837789475141030
                 -1.43122638505720622959
                  1.12462503957542203636
                  0.97364389327728717571
                  0.62983897925974707821
                  0.23726899222634917352
                  0.16160489660124899292
                 -0.00571499887450181536
                 -0.12501430654643194695
                  0.35723471811963253275
                  0.46388471825736238285
                  0.93345387991299444419
                  1.08797217042844818202
                  1.44763232585795975638
                  1.50253972791867873582
                  0.77688885964467935263
