49	2	1
15	15	
1	1006
  0.0542223932564288	  0.1350892126924690	  0.1066401510587419	  0.0916407696101708	  0.0117280622359771	  0.0090713102024883	  0.0408711780469540	  0.0526456192124833	  0.0401755096201938	  0.0526472929895978	  0.0128772518734194	  0.0349337520861550	  0.0818351236466505	  0.0058853050760038	  0.0201501525478115	  0.0803504079889441	  0.0436176688180212	  0.0007897724339362	  0.0045851620069163	  0.0079607739028485	  0.0045853077319956	  0.0070930878194145	  0.0205829228717591	  0.0029067990406772	  0.0022483232690562	  0.0102173715165808	  0.0139644687889952	  0.0185033837921706	  0.0139767565232344	  0.0010210765268363	  0.0016708903707123	  0.0024439626818440	  0.0044361942559536	  0.0077092279890534	  0.0077092281877158	  0.0159349436335430	  0.0205823192747425	  0.0457098825065539	  0.0205836280435692	  0.0013025100045405	  0.0044984881546965	  0.0369966666687744	  0.0034173979008577	  0.0097471817668055	  0.0358783258297474	  0.0006385113093438	  0.0037430942999043	  0.0457098974005005	  0.0163399183582453	  0.0651476641831463
  0.0542700600485389	  0.1351908448869480	  0.7534752418946337	  0.2379817902204755	  0.0117280694846243	  0.0090713125605901	  0.0409076921153398	  0.0526845825203215	  0.1447731508626051	  0.0526862562971013	  0.0128876771560713	  0.0349560767050221	  0.1819536035338794	  0.0058853073481268	  0.0201501581607107	  0.2895507602407977	  0.0650333631312868	  0.0007897724341112	  0.0045851647848654	  0.0079677665904696	  0.0045853105067088	  0.0070930896274921	  0.0205978604547999	  0.0029068006260407	  0.0022483237870389	  0.0102253575686486	  0.0139730275040927	  0.0349950422663402	  0.0139853152382584	  0.0010210765271818	  0.0016708903711891	  0.0024439626820836	  0.0044361959964621	  0.0077092301409023	  0.0077092303395646	  0.0159489290348321	  0.0205972568579117	  0.1133673072808091	  0.0205985656264817	  0.0013025105014803	  0.0044984893876310	  0.0700002595909889	  0.0034196780316062	  0.0097520856125810	  0.0510723896779669	  0.0006385113094521	  0.0037430943002351	  0.1133706014779736	  0.0194739129211269	 -0.0043465155434602
                  0.31275454255374801615
                 -0.27157576651222720132
                  0.23086598451514733776
                  0.07648212487246332236
                  0.22839492206431880050
                 -0.04957675594846711054
                 -0.28457018465388539408
                  0.23230587465196034236
                 -0.01037227861640190041
                  0.13346616732430993668
                  0.23008635280212363927
                 -0.37470720357753894980
                  0.02011841305094074286
                  0.25394527667565036655
                 -0.06378017958342073468
                 -0.02557678882854256749
                  0.15386500318952026078
                 -0.11608883878155118463
                 -0.16858642988164757037
                 -0.07942874100092105205
                  0.15200344759817296936
                 -0.26370030910903446975
                 -0.40319435059460545512
                 -0.13085906675853781200
                 -0.26596437388226101817
                  0.19131920291491108510
                 -0.18144588479656886815
                  0.18360877267058481332
                 -0.39897981778995089686
                 -0.30750921477162973527
                  0.19109556329685919995
                 -0.36577648047166738676
                  0.25301680601966508588
                  0.30438646537942404269
                  0.00193549952546779279
                 -0.09666539967945227130
                 -0.08971741568413094114
                 -0.21825911369943640228
                 -0.44509592066588316017
                  0.01850003707586114071
                 -0.19118651491388302666
                  0.22522772989208150740
                 -0.08932636089521435452
                  0.31090779111076505270
                 -0.38704382277982624094
                  0.30095835500180917466
                  0.15979789550787343311
                 -0.13371231379968606667
                 -0.03829195978446833792
                 -0.22293081815991244721
                 -0.18989151263200626518
                  0.27078731214095064228
                  0.01345536059977012026
                  0.28365988820986504093
                 -0.18063140619464426728
                 -0.20945741141164220256
                  0.00152333723341891878
                 -0.31633183211937659918
                  0.03300704117892649253
                  0.15057581613064882631
                  0.29601065081191313411
                 -0.17731223880150273620
                  0.34539553050846200088
                  0.36915501757470065014
                 -0.25883284734635692015
                  0.32286374447871130089
                  0.16278565461744451404
                 -0.26067389930661233333
                 -0.13938806007838500101
                 -0.32340079349028222344
                 -0.24427723437609644153
                 -0.23799935868065019706
                 -0.06400476335534202588
                  0.25601096285077429293
                 -0.08742640142597762898
                  0.02638450361002991906
                 -0.20712780643836894989
                 -0.14398034322084315995
                  0.04860534080976110227
                  0.07512985490136712963
                  0.25387870241231880186
                  0.30231435728088107417
                  0.26415386971190951693
                 -0.13114068186085969803
                 -0.24948682376278258355
                 -0.36158231889621517130
                  0.23137195271308161337
                  0.23534059271184895601
                 -0.09138169803576325079
                 -0.15187938140834245093
                  0.27057433557792487377
                  0.12037642246508586941
                 -0.08753970519216540402
                 -0.01254919658541344026
                  0.36159880724889631454
                 -0.26588271491859721829
                  0.01494946866356926252
                 -0.09422533819958328616
                 -0.05042326202305489474
                 -0.10984682564144518380
                 -0.22801408997857125494
                  0.42933731009889697372
                  0.02640271373100997604
                  0.08660122676841955358
                 -0.07749879078145094358
                 -0.09936037452338186693
                 -0.07734358402635073404
                 -0.15264134804653226030
                  0.26613438109835102496
                 -0.41605869200335654501
                  0.29672892599977446215
                  0.36289628533425050128
                  0.09424735941202901091
                  0.10853448462084656911
                 -0.06296389538357335947
                  0.13295096117803958946
                  0.20076483131492550704
                 -0.24161608049191679592
                 -0.06332743856434952523
                  0.19547550075965747229
                  0.15335305997433257286
                  0.00255329062183961512
                  0.01914589153036931266
                 -0.06961074784473586519
                  0.03906361308183646519
                 -0.33550037547385042069
                  0.00336478097186345988
                  0.02218981931067074212
                  0.26557296390523621454
                 -0.03909474475279406391
                 -0.41187077342911460054
                  0.33470669107374273477
                  0.49811076850267166360
                 -0.08819509863725233378
                  0.08306922254004495132
                 -0.01634668074732176929
                 -0.11105858440341495608
                  0.01083323552051920421
                 -0.24138387424968799078
                  0.49617064359283646890
                 -0.32169473314620972149
                 -0.39041527568423833872
                 -0.01136758546644342852
                  0.01348127228165477663
                  0.08030217588153829023
                  0.22789612097813927161
                 -0.05657807206238264081
                 -0.08477117998022017098
                  0.35272329300045263123
                 -0.08493364729238685185
                  0.54160608515833941201
                  0.25162412180119342331
                 -0.04210860713404525335
                 -0.17316085060669242357
                 -0.02945771872680940859
                 -0.32004434869733849878
                  0.37500921344375764965
                 -0.03761896878187145910
                  0.10553566166371702861
                  0.72126990483073327720
                 -0.03053766298882296809
                 -0.26764446214243875488
                 -0.15339264751976994239
                 -0.22316258561551505224
                 -0.23406747853774759194
                  0.34649708840782561525
                 -0.14480850326452590626
                  0.32937986131607160933
                  0.11852094383526955157
                 -0.13570523785976809639
                 -0.24927697102239276816
                 -0.26101200138477587132
                  0.38898381031110307315
                  0.03680855727749030720
                  0.31978414777630498333
                  0.25159567033218749321
                  0.11598752424317911036
                 -0.10443502966206216764
                 -0.37419767451409013947
                 -0.09791076545688355559
                 -0.20013101055428897390
                  0.32761339247294835042
                 -0.19934581546575894095
                  0.46045418148921429813
                 -0.60962433622839728997
                 -0.19768448673975952401
                  0.01657351209433558653
                 -0.11798276419613171195
                  0.28672059718753079016
                  0.16595536099437199762
                  0.12193978865822099888
                  0.29023398525720572882
                 -0.33042979730004096162
                 -0.36356349934533555013
                 -0.47327108207124063410
                 -0.31911802279263029591
                 -0.28992358501361631395
                  0.27044525651730932925
                 -0.29211727710552365389
                 -0.07830132639389611460
                 -0.04201000774583738689
                  0.13302326072646594723
                  0.01387710169592307717
                  0.27160027893493676743
                 -0.46024407476550366347
                  0.11668611243359960916
                  0.27102920669432462031
                  0.21826452272471350002
                 -0.19617277251321160736
                  0.10584391497739699395
                  0.21255215225259446732
                  0.18781842950319210805
                  0.27459508010906236164
                  0.00466525956858637562
                 -0.19315915782683232282
                 -0.31508161409289220378
                  0.20372451417764358972
                 -0.03232687853679718643
                 -0.08917332084682905169
                 -0.17007895261212976901
                  0.12528688546161376172
                  0.26619571806135100545
                  0.05823418191002582150
                  0.10393641387327152981
                 -0.18754645538225594992
                  0.23469183970924856197
                 -0.17836447823545709124
                 -0.37549135412471373874
                  0.30218700891205979575
                 -0.13590090278414268532
                 -0.32467780333957618755
                 -0.22771881398828422438
                 -0.02146797963972181880
                  0.08755863866390459216
                  0.00311493653324033080
                 -0.31388184806041474761
                 -0.03855643251589178921
                 -0.32835489738685114114
                 -0.27197126972353824481
                  0.20275116446701110795
                 -0.11703560125213979815
                  0.02965961290474594322
                  0.01802028222722907441
                  0.42201331958167476177
                 -0.05926442821699421520
                  0.14860819665768848497
                 -0.09392973396439992240
                  0.25062180941067063733
                  0.25944422537763045522
                 -0.05572041841300399284
                  0.31274891997334203220
                 -0.42076285432784737983
                 -0.25092679735386447248
                  0.35359694244763006932
                 -0.07377405308228911218
                  0.26406817234405915995
                 -0.08207234570965157849
                  0.01542662760635341718
                 -0.03254774883098937588
                  0.27891739622126182629
                  0.15231752548833463190
                 -0.09218746772406573309
                 -0.05045471560816473799
                  0.05759372479225864649
                  0.21170351132164277885
                  0.12445234364793679449
                 -0.26027269618370463267
                  0.21985896087088246942
                 -0.08624667250540461738
                  0.26885239676501215822
                 -0.38535356853830443624
                  0.03815485306268869004
                 -0.11896980955925078038
                  0.04209705918529239171
                  0.14444968234467689405
                  0.26092417752307123235
                 -0.08248899375541600409
                 -0.37057239814664993949
                  0.11435363517937671696
                 -0.05781034619951877507
                 -0.37607679562287860131
                  0.01492326521219161477
                  0.07659445838121338446
                  0.08466215341380432802
                 -0.26104803849986013553
                  0.25272842041036835958
                  0.15673898059476995548
                  0.30767624240197261054
                  0.16082069438689663987
                 -0.29915884193440284156
                  0.01221963896675835014
                 -0.18050558413503486888
                 -0.06065140949380253693
                 -0.17239884567424881845
                  0.08884210275070596186
                  0.14572237138802660028
                  0.15930014933109684638
                 -0.24591095167702159419
                  0.25178999115374928186
                 -0.32075424537689090076
                  0.17828694936237324264
                 -0.30656526385441007498
                  0.00101409604507572259
                 -0.38845705209103215116
                  0.27735029621676027256
                  0.01080660502899089860
                 -0.00137847600257692653
                 -0.19244645771949192570
                  0.22764271805001198845
                 -0.12279910658107898169
                  0.10465573383047806211
                  0.15097548637372734670
                 -0.40041130106264810617
                  0.20002127233581568078
                 -0.21391779888531586851
                  0.03191629863518689880
                 -0.40700481648612774066
                 -0.21811999921015334802
                 -0.37717466564839796650
                 -0.23778307542576557210
                  0.17297950995670333119
                 -0.26507136087592025886
                  0.06412230233588551986
                 -0.02932959858221651991
                  0.15431742743408910501
                 -0.42182089330275368555
                  0.24099806675845736326
                  0.49824632246331296281
                  0.01524452633511450689
                  0.02540969553110108969
                  0.08133347334637985870
                  0.22681083433545995431
                  0.10809130691040225170
                  0.20273466019417479833
                  0.05834634000759333916
                  0.34501783738446567540
                 -0.18693540800542135516
                  0.13224510646659870527
                  0.32378436166778823413
                 -0.12806503385500725423
                 -0.01960773532163404345
                 -0.13208125197827214059
                 -0.15464251174905968567
                  0.02651041855819764870
                  0.16424483010650703374
                  0.15800410399907294234
                  0.09261175704391344521
                 -0.32410928353861567786
                 -0.35879391916537284324
                 -0.15677421526394874629
                  0.03345188460811183984
                  0.10018509567787822756
                  0.12663064983767569061
                  0.06438481138284531113
                  0.24271592683099690868
                 -0.29083981542152675948
                  0.13223953089839732278
                  0.24353644249974037983
                 -0.18632401706406803710
                  0.13268170984362617770
                 -0.31992595782388799641
                  0.17988421603518928160
                  0.33018979472810700004
                 -0.29305680490210622713
                 -0.26161189046812571846
                 -0.38153560915817796850
                 -0.10722342281520161333
                  0.18146563955925901213
                  0.13998730066773565350
                  0.08829385330853817271
                 -0.00201048868530251650
                 -0.18301257440586354841
                 -0.13913685712572204656
                  0.14818804500615911923
                  0.19293453424974035815
                  0.26450115631412329797
                  0.27833549051981160138
                  0.11649438030647817077
                  0.38142153529944450296
                  0.22217256043552557898
                 -0.25929525040503426103
                 -0.13712620989926505022
                  0.26856891768453594604
                  0.22024220501440111564
                  0.07449760650183584465
                  0.02455031290468267027
                  0.23371535627361308962
                 -0.06493202040623768934
                  0.19248952889744860850
                 -0.18122692940943657680
                 -0.00835813471550428920
                 -0.15572317183134026797
                  0.23686150873001063366
                  0.17379873508454926623
                 -0.10067816663036499580
                  0.14083398649416681292
                  0.19195217529051813998
                  0.17638846679890940461
                  0.01804019523484690773
                  0.11025433658868399878
                 -0.16907503891910716232
                 -0.06921572444603305008
                 -0.32469498735731117112
                 -0.19534088634859636535
                 -0.14523858617549526007
                 -0.27047751713807099971
                 -0.39609780135786915034
                 -0.35374331650707041552
                  0.13132417467704399217
                  0.40148555699367316496
                 -0.03041552613837267965
                 -0.31560356673572553809
                  0.19184883710062328177
                  0.15876814315141077327
                  0.29007839561439141551
                 -0.31231366458473541758
                 -0.03914220931221205901
                  0.09780397264109766398
                  0.00849247160833403215
                 -0.11926135513479318995
                  0.04257212570160932158
                  0.13053909380440945065
                 -0.11517614097504008663
                 -0.20116609672041979584
                  0.01283605187440787360
                  0.12886737062262090814
                  0.17490615826228755880
                 -0.28725355226923049434
                  0.23115736166175307464
                 -0.00425301097281527082
                  0.25527980337837663516
                  0.30726050800239473881
                  0.20342548948138289289
                  0.07180675037632019975
                 -0.32239211765865460890
                 -0.17410101993665486053
                 -0.04695549679993112763
                 -0.11793871891929876006
                  0.23386821316359426848
                  0.01349502801756834701
                 -0.18153941272452181477
                 -0.00220944723515440616
                 -0.27477193163068258652
                  0.06643050702303818222
                 -0.10470423341918541627
                 -0.23296059387007780894
                 -0.45764188134221922555
                 -0.21381692053218911975
                  0.25892739911500234351
                 -0.24284438174421604795
                  0.21352726958822837444
                 -0.18519435435241354826
                 -0.23374015243645654416
                  0.08742966833459846210
                  0.05525869924008793010
                  0.33833861849176100067
                 -0.04334519684385903376
                 -0.25681011559879313166
                  0.14977838813597851852
                  0.00006922990177657060
                 -0.27498529945573951805
                  0.05795340733916660991
                 -0.09387862249939071813
                  0.23616918437219008853
                  0.03559358857759293421
                  0.13736629949909304194
                 -0.35497097817205636172
                 -0.00545738686696588260
                 -0.35835721600300768364
                  0.14274948583336743990
                 -0.37843707515780905526
                  0.09011314666392505890
                 -0.32288607067547608898
                 -0.03275478502456140306
                  0.22810002316140629008
                  0.22049672703711359345
                  0.15339000283907039401
                  0.28112817556993457968
                  0.20810907136749773327
                 -0.11679514337163075799
                  0.27151484351713661702
                  0.37478723946248138077
                  0.03547162023463301672
                  0.15233115683037154464
                  0.29100364245573745459
                 -0.15133438060058976293
                 -0.20025182825785958762
                  0.09240602031428030161
                  0.15772574828061794450
                 -0.06738292986811060536
                 -0.05251590081759000689
                 -0.07641919120729147308
                  0.05004214025038131175
                 -0.32600917651839439459
                 -0.01996698303396667040
                 -0.09102353051826650443
                  0.02880869951010963867
                 -0.35694469741862544510
                  0.27592588304595033755
                  0.08282118269986638026
                  0.15919094427113655854
                 -0.05119200228344533005
                 -0.25652091308677144044
                 -0.16699868145307611433
                 -0.16534236775969199384
                  0.01594824124737806090
                  0.08992048501691339568
                  0.12513153544676203222
                  0.17472474944223212456
                 -0.35463709709995078212
                 -0.31379239333626957054
                 -0.18556062534771827766
                 -0.25492389100879520036
                  0.10620471326862016004
                  0.18880212744409202719
                  0.18434187823824085828
                 -0.32484171185512783486
                 -0.20558600797322973408
                  0.21358152472667182864
                  0.02350649525531109049
                 -0.25169529449851990588
                  0.08797503340989626386
                  0.14460166605373547810
                 -0.29047017158995591668
                 -0.06972982396668966909
                  0.20986085318238978381
                 -0.29526753700943281222
                 -0.37645678427285733658
                  0.16671950659522830063
                  0.17763113977387964826
                 -0.06760665546293602446
                 -0.23644416484991614968
                  0.17139955997273875754
                  0.34629602380468599288
                  0.47473089236955012815
                 -0.19452452990150995160
                  0.12276467852752472043
                  0.24629804316221778904
                  0.02472210095944239044
                  0.23549768048760624795
                  0.09740347093905027398
                  0.02872342830603378389
                 -0.18425825245446594836
                  0.06991771022674826697
                  0.15453538069121838805
                 -0.02023741910107311123
                  0.11755990068437566221
                 -0.18362570807921146931
                  0.09557597693472935640
                 -0.02671947056158420833
                 -0.33490838773869696654
                  0.46682918952721424999
                  0.13193744320360256683
                 -0.45977426223026718333
                  0.36276150663594786128
                  0.28137211315074567297
                 -0.11095642408706521409
                 -0.19082627518757175333
                  0.27551997023993979319
                  0.11713313076009600200
                 -0.04372673428190478745
                 -0.02003960896979212550
                  0.16346818252185518761
                 -0.41785663545982409950
                  0.14076013247088556279
                  0.17003153060190756563
                 -0.27301169546243153619
                  0.31369452766385774733
                  0.09517161286758714367
                 -0.20261175854137222774
                 -0.23975724286921151762
                 -0.13038582680394106283
                 -0.39633452359575882529
                  0.10618355289836498012
                 -0.05381540911024379481
                  0.17180300623417416039
                  0.01721387491663048386
                  0.29123242719634245823
                 -0.17700131003539512631
                  0.13646978842206416993
                 -0.00440501255598999865
                  0.16318897088777356563
                 -0.06916046205981975226
                  0.09718124045246845366
                 -0.10015768922304697786
                  0.24246637670464107894
                  0.32542242828655765230
                 -0.33642081265927675782
                  0.00959912977531621886
                 -0.20647482876340020330
                 -0.33770158110507347837
                 -0.31081902675346601006
                  0.26170510413068059918
                  0.24007270992386242625
                 -0.32822751632605923211
                 -0.23764455323409031107
                 -0.47694207420162176847
                  0.03058680851461131542
                  0.17459541864069208494
                 -0.26046022875737118163
                 -0.38775402456207586077
                 -0.09980461316266114880
                  0.08560355580014498977
                  0.32716862502116844658
                  0.16394502016623949125
                  0.35637336988115625447
                  0.27277362703750740458
                  0.10512649931795010894
                  0.23458830782599116027
                  0.34293944235623574635
                 -0.05456807276739081281
                 -0.19465160472689574389
                  0.06134846001964824186
                 -0.15271041906130514154
                  0.05367409518237733351
                 -0.05639622179284997650
                  0.21838414722883203734
                 -0.11020715609426270931
                  0.15530882148715641211
                 -0.22989245813741696067
                 -0.07522069243536089189
                  0.10669350641685673708
                 -0.20184771424447195409
                 -0.15157762635045307631
                  0.07349024416514016167
                 -0.43777734696507342171
                  0.06754009960519687106
                 -0.03625842756849994436
                 -0.31809673640742841538
                  0.30547024735884736879
                  0.26021362477113374467
                  0.02312310990838393684
                  0.20444939525900304722
                 -0.08184260431159495752
                 -0.29892771137878287879
                  0.33296427429635383488
                 -0.15528993362885687435
                  0.14152757470405230578
                 -0.03693750825241218227
                 -0.15755034310237464590
                  0.13181994410387040673
                  0.45656761800631556758
                 -0.06308768694807155575
                 -0.12471770771665012523
                 -0.23283183713985117214
                  0.21998450049023207664
                  0.17457140514779909135
                 -0.13745689841545499776
                 -0.37251145138565017190
                  0.42422399407337441080
                  0.02775857526954491131
                 -0.14302007607184238913
                  0.02879477666551459938
                  0.37229648542118848331
                  0.10814792813309291597
                  0.18395728857058102346
                  0.04498196341998852293
                 -0.22258551737667528481
                  0.17648152090529586888
                  0.18853766313252956488
                  0.32753895059357213126
                 -0.17258977101737343895
                  0.02895517347360572480
                 -0.05258993062517944989
                  0.40737738765218672876
                 -0.14531176845099030848
                  0.17843732707568601970
                 -0.06060865503707684593
                  0.02402281056941044796
                 -0.20211864428274714522
                 -0.39313154999474941853
                 -0.13994623591947016883
                  0.37987440787817805532
                  0.19155624811630497795
                 -0.20823393888706695498
                  0.10039949102707841633
                  0.28485152123812684799
                 -0.21318617511128176711
                 -0.05165463696060268450
                 -0.34001871456159760143
                 -0.31022793617699556679
                  0.39350552191465132390
                 -0.17253986816716523900
                 -0.17133199675493654413
                 -0.25625108536156959715
                  0.00157043968200338765
                  0.16566156606836077159
                  0.03734083031440946915
                  0.43293584815914265551
                 -0.11535865907723519275
                  0.39073618719297792401
                  0.09970736308240085721
                  0.21145294092562838539
                  0.00566793953469500213
                  0.54944389188279796343
                 -0.06897588905853870023
                  0.05027157221347651472
                  0.22079871632616776544
                 -0.18054899321779602217
                  0.22090643636022880281
                 -0.32039245583442127474
                  0.07816819444307233911
                 -0.05146982097374131621
                  0.21751867366298308082
                  0.19713430927011607596
                 -0.30995317993142762480
                 -0.37294735885459207037
                 -0.21053821269842593056
                  0.19052889915758297601
                 -0.16061751368823468100
                 -0.37849749863997073085
                  0.15969427180202078187
                  0.33246187625395395848
                 -0.16622466589119844205
                 -0.11162246839749859206
                  0.06233229105475669024
                 -0.20844504644120281922
                 -0.01308787767817106221
                  0.04303017915437412633
                 -0.35358404925228431592
                  0.33013436551192232304
                 -0.13162497239364523427
                  0.05264860574016139161
                  0.25835503495370698568
                 -0.09636514898348733094
                 -0.33754799834761989308
                  0.10936568392659561100
                  0.25903222133176850850
                 -0.10209258234684691347
                  0.05022590012527874265
                 -0.22692909005441438963
                 -0.04774329532557317068
                  0.01010313383897528533
                  0.09832790511753880525
                 -0.14064163806270996160
                 -0.62978044411847766693
                  0.39501742606331285979
                  0.27099802160931846240
                  0.35196381517009822648
                  0.06461781425585103045
                  0.05756693409780878901
                 -0.32589477273590172768
                  0.07241808330320481657
                 -0.50818901073632805065
                  0.67336211439297655179
                 -0.57682613760924839053
                 -0.75495912663860120784
                  0.21651735547144088101
                 -0.27327561881005768551
                  0.06558108758946552819
                 -0.54686630342496633794
                 -0.05894206921254691728
                 -0.35176868632207264342
                  0.19686308070610766818
                 -0.18318302055960075658
                 -0.03666435901025723310
                  0.13736051271974300536
                 -0.53998759996359313451
                  0.75408285462024982060
                  0.53606770773709078171
                  0.42625385627304318570
                  0.64352475479970028260
                  0.56075772077910301938
                  0.37460183305095834383
                  0.17884248002243541276
                  0.03979919769976831417
                 -0.28395938355917021978
                 -0.75917343912944368345
                 -0.04199591201084199033
                  0.68775652617369320563
                 -0.15797570114323472579
                  0.36658334651110741076
                  0.07600930210864052794
                  0.07155083307010634552
                 -0.50793468530169760822
                 -0.69166607152625714239
                  0.12305463046504171165
                  0.12629688028610000505
                  0.61920287912950899845
                  0.64659774696867744481
                 -0.58047997531229544865
                  0.14423067707137088300
                 -0.40759786182359047935
                  0.68273352303594214696
                 -0.43157366942101538232
                 -0.44900081609028891227
                  0.58730251153103685269
                  0.43121734065742645114
                  0.04495991020120112397
                  0.28142074865241883952
                  0.37189208510151205989
                  0.44128644616213885676
                 -0.49189506180070274866
                 -0.43676542370758075773
                  0.31695306718444782312
                  0.70608273389524300878
                 -0.37662625340783290051
                 -0.17546294137673526525
                  0.42015649296747886732
                 -0.08730823957523910217
                  0.61121209880226556876
                  0.04370186858440967131
                 -0.51069974564132669670
                 -0.29271495040462724990
                 -0.24540324384221826048
                  0.67743499465690548700
                 -0.00578760215683192525
                  0.42410758261847231188
                  0.14896255404546285273
                  0.69226242034355711663
                  0.17370372039972303835
                  0.30555671148183655150
                 -0.23737113300120180059
                  0.65145266764305520546
                  0.80217556053731997601
                  0.23052141606925438677
                  0.54642294939980884383
                 -0.05300503406652861543
                  0.50083273353811974538
                 -0.45981578521639626667
                 -0.51758074927256514375
                 -0.43263501259324033121
                 -0.28724732282276377315
                  0.08093234604989327230
                  0.43169624324192029663
                  0.30598817025192126540
                 -0.54276495924056145093
                 -0.54704539912649674527
                 -0.47951173692106602298
                 -0.23785803238399416681
                 -0.44691062444353074623
                 -0.18944623348277259134
                 -0.21106054308221769422
                  0.14996142688514987884
                 -0.53522394358056768482
                  0.70810135611046021165
                 -0.26876298074011029104
                  0.40399261101577976785
                  0.64164594247625572621
                 -0.38735499052272565068
                 -0.60733038974795405807
                 -0.27420799968972764393
                 -0.72569291357870002734
                 -1.02090561980032545897
                  0.53569736286359215249
                  0.48600534900769559732
                  0.04128292997559127042
                  0.25021721384165995783
                  0.08153619329018443884
                  0.44696102848269170238
                 -0.41663326378393572558
                 -0.50413273224643206927
                  0.48604371191771134075
                 -0.72750189601367709624
                  0.28714731990739400525
                 -0.18856396121140373001
                 -0.55988847442505695895
                 -0.31484960463253558460
                 -0.51817708741565615682
                 -0.32529984017576224486
                  0.30457668785217134610
                  0.03999321479693335873
                  0.02450707639091214904
                 -0.52391679425043347074
                  0.31128191706704733122
                 -0.30384656586958896929
                  0.30084567418845747921
                 -0.73791117910690195991
                 -0.72630594478677679149
                 -0.44020075700278499253
                  0.37921413344460147554
                  0.41277487431707743371
                 -0.61887422887278042971
                 -0.27559820127389161870
                  0.66234643085167355103
                 -0.02623776647940390810
                  0.67119035317788444672
                  0.19270822514369992384
                 -0.27425145210516654881
                  0.41936914914150974498
                  0.64405931749704459222
                 -0.50373402305432735115
                 -0.40714845371872665503
                  0.44652458424407548421
                 -0.14602362141383198879
                 -0.58752687253922430966
                 -0.30751770221150642737
                 -0.54578649177229299205
                  0.08730919690408782408
                  0.69922686967377123413
                  0.04805420045340526997
                  0.52536029799297789822
                  0.43793347076588928779
                  0.40385711942941920904
                  0.09661884070980610029
                 -0.04048307898503731433
                 -0.66911264277149118396
                  0.04919895328436266202
                  0.72178674229264094819
                  0.17622728178163166168
                 -0.44593535277145113227
                 -0.45270845202834741894
                 -0.54518321705647521114
                  0.37631839870028704897
                  0.65454347037840443502
                 -0.58994129805409423195
                 -0.18743272757745638168
                 -0.03068223285062856784
                 -0.48443177517827312739
                 -0.18940854983899105268
                  0.58446198308616315042
                  0.35912777961590786058
                  0.39195385376273966793
                 -0.50146832007864405867
                  0.24969571557173270149
                  0.10146201333911958331
                  0.12788200017922821128
                  0.30734721602917952632
                  0.21439201549712630368
                 -0.39784392409209828889
                 -0.88636590144583082829
                  0.24908606673853436742
                  0.57412864852501421797
                 -0.38807524741811977309
                  0.78201033061538194335
                  0.64916112222444888324
                  0.35235335726012073643
                 -0.35752337089386954094
                 -0.04803899372624791803
                 -0.51038372380886554147
                  0.28604317446010379955
                 -0.20516943533732601157
                  0.42053542226679591076
                  0.15894928531931520888
                 -0.31567373334123405293
                  0.41631853344510000303
                 -0.39288311974157097417
                 -0.22655447139879569818
                 -0.13684333173513546500
                 -0.63346506611480080107
                 -0.70247130076004760113
                  0.52262500891245944334
                  0.34660900823346529886
                  0.39277144584377782222
                  0.72490104635073993045
                 -0.45193284382868509352
                  0.69857834125874018749
                  0.37969009385451985006
                 -0.31063499875870942413
                  0.22163749553059619579
                 -0.37071151634583793255
                  0.31929242307253358213
                 -0.57883492567880767687
                 -0.16186642308858109618
                  0.16990091602720922004
                 -0.49290646049748260138
                 -0.48911509231684147103
                  0.78157181381262186282
                 -0.29883065779375100890
                  0.26681033353118949192
                 -0.49946956926905083929
                  1.11310979716132885109
                  0.21965567189979451346
                  0.55852782034622505680
                  0.52296113795270071645
                  0.01645886723574460989
                  0.55553735871337373009
                  1.07738858493721822995
                  0.32343254218659456267
                  0.57369121783340659704
                  0.91514859195332998176
                  0.06467285602506740727
                 -0.74243949672559228503
                  0.39417175173632490459
                  0.91899988462647008713
