                  1.48807042603681849435
                 -1.16841736258116335456
                  0.74058997985520347296
                  0.55349448755486563289
                  0.76571671783447836646
                  0.52630397403030204639
                 -0.31863582890949110338
                 -0.55315967913122210398
                 -0.56748668261199786134
                 -0.31213981145471048073
                  1.30358071673337150287
                  0.06584395731831810261
                  0.25176783001240610194
                 -1.28235105157728668246
                 -1.31845623584253845983
                  1.69114726078268984288
                  0.54104693189199604131
                 -0.60207738295398705031
                  0.95265713161332810088
                  0.94048740347592374444
                  0.14306959265577723350
                 -0.28242902512129319792
                  0.06335363928113639520
                 -0.24564677646472982131
                 -0.27706057857248544973
                 -0.74605391460884684651
                 -0.75833716716301746708
                 -1.20851030127213565635
                  1.46820866350226175712
                 -1.70096553646666714954
                  0.81870281484356333124
