    -0.00103343    -0.00103908     0.00000564
    -0.00747023    -0.00749164     0.00002140
    -0.00563668    -0.00557540    -0.00006128
    -0.00095749    -0.00100949     0.00005201
    -0.00051163    -0.00051911     0.00000749
     0.02273479     0.02279249    -0.00005771
     0.02194552     0.02193951     0.00000601
    -0.02411051    -0.02416241     0.00005189
    -0.01091158    -0.01090423    -0.00000735
    -0.00047024    -0.00049479     0.00002455
     0.01570511     0.01572805    -0.00002295
    -0.02315901    -0.02312395    -0.00003506
    -0.03150341    -0.03153332     0.00002991
    -0.00047141    -0.00047191     0.00000050
    -0.01143482    -0.01145725     0.00002243
    -0.00247240    -0.00273049     0.00025809
    -0.01208986    -0.01224210     0.00015225
    -0.01363641    -0.01370083     0.00006442
     0.02277601     0.02264210     0.00013391
     0.00002977     0.00005151    -0.00002175
     0.01393147     0.01390029     0.00003117
    -0.00030360    -0.00021794    -0.00008566
     0.00007391     0.00010103    -0.00002712
     0.00893285     0.00900353    -0.00007069
     0.02382433     0.02377832     0.00004601
     0.01333850     0.01333344     0.00000506
     0.01761858     0.01759083     0.00002775
    -0.04233945    -0.04230971    -0.00002973
     0.01439341     0.01444199    -0.00004858
     0.02824735     0.02832554    -0.00007819
    -0.00027677    -0.00027310    -0.00000367
     0.00283834     0.00285288    -0.00001454
    -0.00417689    -0.00417801     0.00000111
     0.02639518     0.02635911     0.00003607
    -0.00053179    -0.00056818     0.00003638
    -0.01616269    -0.01615770    -0.00000500
    -0.00479927    -0.00480236     0.00000309
    -0.00048191    -0.00048763     0.00000572
    -0.02854991    -0.02859220     0.00004229
     0.01998067     0.01995014     0.00003053
     0.01113640     0.01115107    -0.00001467
    -0.00666434    -0.00667341     0.00000907
    -0.00051879    -0.00057681     0.00005803
    -0.01757262    -0.01756735    -0.00000527
     0.02201864     0.02198572     0.00003292
    -0.00047721    -0.00049135     0.00001415
    -0.02422047    -0.02426463     0.00004415
     0.01964436     0.01964762    -0.00000326
     0.00225008     0.00218554     0.00006454
     0.03225586     0.03222557     0.00003029
     0.02913561     0.02915080    -0.00001519
    -0.01619056    -0.01613265    -0.00005790
    -0.00200548    -0.00204864     0.00004316
    -0.00045595    -0.00050959     0.00005363
     0.01208009     0.01207796     0.00000213
    -0.00896974    -0.00896580    -0.00000394
     0.02620465     0.02618102     0.00002363
    -0.00098935    -0.00093549    -0.00005386
    -0.00859779    -0.00858396    -0.00001383
     0.03272107     0.03272337    -0.00000230
    -0.03343134    -0.03340586    -0.00002547
     0.02419492     0.02417846     0.00001646
     0.00007391     0.00010103    -0.00002712
    -0.00065571    -0.00057678    -0.00007893
     0.01074531     0.01073686     0.00000845
    -0.00058205    -0.00057004    -0.00001201
    -0.00084671    -0.00072030    -0.00012641
    -0.03750039    -0.03754603     0.00004564
     0.01409792     0.01415536    -0.00005744
    -0.02057867    -0.02059310     0.00001443
     0.02537503     0.02536237     0.00001265
    -0.00045296    -0.00046736     0.00001440
    -0.01578070    -0.01578914     0.00000844
     0.01248524     0.01245951     0.00002573
    -0.00284914    -0.00286859     0.00001945
    -0.00600493    -0.00602425     0.00001932
    -0.00050039    -0.00051327     0.00001288
    -0.00059745    -0.00060333     0.00000588
    -0.00019290    -0.00020833     0.00001543
     0.03147427     0.03147393     0.00000033
     0.00795645     0.00789598     0.00006047
    -0.00189810    -0.00192333     0.00002522
     0.03498712     0.03498638     0.00000075
     0.02151101     0.02141904     0.00009197
     0.01645249     0.01641823     0.00003426
     0.02972218     0.02978005    -0.00005787
    -0.00037407    -0.00029844    -0.00007564
    -0.00654121    -0.00653495    -0.00000625
    -0.00045661    -0.00046117     0.00000457
     0.02942996     0.02941976     0.00001020
    -0.00057990    -0.00055603    -0.00002388
    -0.00422854    -0.00425392     0.00002538
     0.00193402     0.00196301    -0.00002899
     0.00932221     0.00931365     0.00000857
    -0.01980126    -0.01981331     0.00001205
     0.02062277     0.02077939    -0.00015662
    -0.00179149    -0.00176428    -0.00002721
    -0.00602283    -0.00599699    -0.00002584
    -0.00168770    -0.00176254     0.00007484
     0.01996570     0.02000403    -0.00003833
    -0.00504905    -0.00505122     0.00000218
    -0.00656624    -0.00655392    -0.00001233
    -0.00377373    -0.00375498    -0.00001875
    -0.01289695    -0.01292076     0.00002381
    -0.00199840    -0.00201219     0.00001378
    -0.00199840    -0.00201219     0.00001378
    -0.00199840    -0.00201219     0.00001378
    -0.00199840    -0.00201219     0.00001378
    -0.00199813    -0.00201219     0.00001406
    -0.00199813    -0.00201219     0.00001406
    -0.00199813    -0.00201219     0.00001406
    -0.00199813    -0.00201219     0.00001406
    -0.00199813    -0.00201219     0.00001406
    -0.00199813    -0.00201219     0.00001406
    -0.00199813    -0.00201219     0.00001406
    -0.00199813    -0.00201219     0.00001406
     0.02287517     0.02285280     0.00002237
    -0.00401749    -0.00399267    -0.00002482
    -0.00371278    -0.00371577     0.00000299
    -0.00423755    -0.00423950     0.00000195
    -0.00366341    -0.00365843    -0.00000499
    -0.00360031    -0.00359275    -0.00000756
     0.02466241     0.02468780    -0.00002539
    -0.00535474    -0.00535239    -0.00000235
    -0.00600618    -0.00599074    -0.00001543
    -0.00345293    -0.00344075    -0.00001218
    -0.00978497    -0.00975969    -0.00002528
    -0.00331184    -0.00330064    -0.00001120
    -0.00814437    -0.00814110    -0.00000327
    -0.00640229    -0.00639165    -0.00001064
    -0.00378622    -0.00377198    -0.00001424
    -0.01449997    -0.01453603     0.00003607
    -0.00324942    -0.00325339     0.00000397
    -0.00326196    -0.00326909     0.00000713
    -0.00570280    -0.00569899    -0.00000381
    -0.00596259    -0.00596101    -0.00000158
    -0.01144544    -0.01144136    -0.00000407
    -0.00646189    -0.00648604     0.00002415
    -0.00976045    -0.00975557    -0.00000488
    -0.01326027    -0.01331029     0.00005002
    -0.00369776    -0.00369889     0.00000114
    -0.00295189    -0.00296345     0.00001156
    -0.00518410    -0.00517624    -0.00000786
    -0.00361367    -0.00361621     0.00000253
    -0.00386421    -0.00385432    -0.00000989
    -0.00317981    -0.00318923     0.00000942
    -0.00313543    -0.00314560     0.00001016
    -0.00417466    -0.00417557     0.00000091
    -0.01162019    -0.01166669     0.00004650
    -0.00351593    -0.00351984     0.00000391
    -0.00784039    -0.00786149     0.00002110
    -0.00615600    -0.00616230     0.00000629
    -0.01331663    -0.01330753    -0.00000910
    -0.00777925    -0.00778784     0.00000860
    -0.00395591    -0.00395053    -0.00000538
    -0.00475271    -0.00471955    -0.00003317
    -0.00722070    -0.00723572     0.00001502
    -0.00327339    -0.00327894     0.00000555
    -0.00413349    -0.00412082    -0.00001267
    -0.00375493    -0.00376328     0.00000835
    -0.00357786    -0.00360644     0.00002858
    -0.00697896    -0.00695432    -0.00002464
    -0.00404827    -0.00404248    -0.00000579
    -0.00246312    -0.00247013     0.00000701
    -0.00246285    -0.00247013     0.00000728
    -0.00246285    -0.00247013     0.00000728
    -0.00246285    -0.00247013     0.00000728
    -0.00246285    -0.00247013     0.00000728
    -0.00246285    -0.00247013     0.00000728
    -0.00246285    -0.00247013     0.00000728
    -0.00246285    -0.00247013     0.00000728
    -0.00246285    -0.00247013     0.00000728
    -0.00246285    -0.00247013     0.00000728
    -0.00246285    -0.00247013     0.00000728
    -0.00246285    -0.00247013     0.00000728
    -0.00605170    -0.00605443     0.00000272
    -0.00687790    -0.00685309    -0.00002481
    -0.00381071    -0.00384082     0.00003011
    -0.00740713    -0.00741489     0.00000776
    -0.00347228    -0.00345256    -0.00001973
    -0.00728386    -0.00727656    -0.00000730
    -0.00676149    -0.00674092    -0.00002057
    -0.00649710    -0.00648999    -0.00000711
    -0.00663351    -0.00661954    -0.00001397
    -0.00492668    -0.00492455    -0.00000213
    -0.00226807    -0.00226621    -0.00000186
    -0.00226807    -0.00226621    -0.00000186
    -0.00226807    -0.00226621    -0.00000186
    -0.00226780    -0.00226621    -0.00000159
    -0.00226780    -0.00226621    -0.00000159
    -0.00226780    -0.00226621    -0.00000159
    -0.00226780    -0.00226621    -0.00000159
    -0.00226780    -0.00226621    -0.00000159
    -0.00226780    -0.00226621    -0.00000159
    -0.00226780    -0.00226621    -0.00000159
    -0.00226780    -0.00226621    -0.00000159
    -0.00226780    -0.00226621    -0.00000159
    -0.00326392    -0.00325935    -0.00000458
    -0.00454144    -0.00453860    -0.00000285
    -0.00414574    -0.00414467    -0.00000107
    -0.02933287    -0.02936848     0.00003561
    -0.05325783    -0.05327782     0.00001999
     0.06033891     0.06026873     0.00007018
     0.05203029     0.05203777    -0.00000748
     0.02469017     0.02484817    -0.00015800
    -0.03290368    -0.03294001     0.00003633
    -0.03169354    -0.03173189     0.00003835
    -0.03195262    -0.03189703    -0.00005559
    -0.04179487    -0.04172855    -0.00006632
    -0.03662791    -0.03655288    -0.00007503
    -0.05422111    -0.05425027     0.00002916
    -0.02810754    -0.02812227     0.00001473
    -0.04178006    -0.04182594     0.00004588
    -0.02668964    -0.02670932     0.00001969
    -0.04171372    -0.04168136    -0.00003236
     0.04715559     0.04720816    -0.00005257
    -0.03008572    -0.03010473     0.00001901
    -0.02983965    -0.02982158    -0.00001808
    -0.02888276    -0.02886563    -0.00001713
     0.04762423     0.04765712    -0.00003289
    -0.05690100    -0.05685235    -0.00004865
    -0.02532849    -0.02536138     0.00003288
    -0.04292885    -0.04291438    -0.00001447
    -0.03570547    -0.03568948    -0.00001599
     0.02515927     0.02516147    -0.00000221
    -0.02895049    -0.02896870     0.00001821
    -0.05104764    -0.05103284    -0.00001479
    -0.05818524    -0.05816968    -0.00001556
    -0.03156026    -0.03157644     0.00001618
    -0.03942231    -0.03944942     0.00002712
    -0.05054069    -0.05054498     0.00000429
    -0.02949703    -0.02948608    -0.00001095
    -0.04102963    -0.04105294     0.00002331
    -0.03389058    -0.03388212    -0.00000846
    -0.04916967    -0.04914629    -0.00002338
    -0.03107216    -0.03105156    -0.00002060
    -0.04177419    -0.04187365     0.00009947
    -0.03017476    -0.03018744     0.00001268
    -0.03164388    -0.03160413    -0.00003975
    -0.05028784    -0.05025933    -0.00002851
    -0.03255078    -0.03265812     0.00010735
    -0.04352793    -0.04353676     0.00000883
    -0.04456316    -0.04456561     0.00000245
    -0.04455347    -0.04452291    -0.00003056
    -0.03846041    -0.03848148     0.00002107
    -0.04068178    -0.04071049     0.00002870
    -0.03427456    -0.03414655    -0.00012801
    -0.06052406    -0.06052534     0.00000129
    -0.04939397    -0.04940850     0.00001452
     0.01642659     0.01639106     0.00003553
    -0.05031954    -0.04964928    -0.00067026
    -0.03495697    -0.03492690    -0.00003007
    -0.04536685    -0.04538552     0.00001867
    -0.04780807    -0.04777342    -0.00003465
    -0.05232309    -0.05230022    -0.00002286
    -0.04021418    -0.04019670    -0.00001748
    -0.04318812    -0.04320022     0.00001211
    -0.03361874    -0.03365081     0.00003207
    -0.03018575    -0.03014906    -0.00003670
    -0.03876126    -0.03877346     0.00001220
    -0.04694789    -0.04698933     0.00004144
    -0.03809042    -0.03806903    -0.00002139
    -0.03654217    -0.03659651     0.00005434
    -0.03205501    -0.03205422    -0.00000079
    -0.03261200    -0.03287199     0.00025998
    -0.05618381    -0.05618829     0.00000448
     0.05745499     0.05741648     0.00003851
     0.04562843     0.04566917    -0.00004073
     0.04791702     0.04790212     0.00001490
    -0.04559877    -0.04557908    -0.00001969
    -0.03918372    -0.03922027     0.00003656
    -0.05799005    -0.05803413     0.00004408
    -0.04264054    -0.04263499    -0.00000555
    -0.03403181    -0.03403682     0.00000501
    -0.03887693    -0.03888123     0.00000429
    -0.04489071    -0.04490058     0.00000988
    -0.04467176    -0.04463722    -0.00003454
    -0.04204690    -0.04200083    -0.00004607
    -0.04610433    -0.04612895     0.00002462
    -0.03643199    -0.03641128    -0.00002071
    -0.05329598    -0.05336954     0.00007357
    -0.05926243    -0.05926036    -0.00000206
    -0.04013609    -0.04014250     0.00000641
    -0.03807393    -0.03807505     0.00000113
    -0.04255039    -0.04252183    -0.00002856
    -0.04546761    -0.04597740     0.00050979
    -0.04598460    -0.04600420     0.00001960
    -0.04308466    -0.04303952    -0.00004514
    -0.05111599    -0.05114913     0.00003314
    -0.03878335    -0.03878242    -0.00000093
    -0.04133355    -0.04139533     0.00006178
    -0.04490042    -0.04488651    -0.00001391
    -0.05407624    -0.05405573    -0.00002051
    -0.06420916    -0.06428854     0.00007939
    -0.05506420    -0.05505642    -0.00000778
    -0.06777222    -0.06776452    -0.00000770
    -0.06704431    -0.06696888    -0.00007543
    -0.06867857    -0.06869129     0.00001272
    -0.06441868    -0.06444108     0.00002239
    -0.06949418    -0.06951853     0.00002435
    -0.03355613    -0.03356301     0.00000688
     0.04867733     0.04868056    -0.00000322
     0.03045659     0.03044609     0.00001050
     0.05049405     0.05049416    -0.00000011
     0.02730608     0.02739040    -0.00008432
     0.00673204     0.00671393     0.00001812
    -0.00162923    -0.00162043    -0.00000879
     0.04036219     0.04034955     0.00001264
     0.03132730     0.03131286     0.00001444
     0.02635880     0.02631971     0.00003909
     0.04489479     0.04491212    -0.00001733
     0.04146887     0.04142182     0.00004706
     0.04037329     0.04038110    -0.00000781
     0.03651635     0.03652468    -0.00000834
     0.03297130     0.03298387    -0.00001256
     0.03064579     0.03063605     0.00000974
     0.01037712     0.01036195     0.00001517
     0.00122612     0.00118700     0.00003912
     0.00494888     0.00490805     0.00004083
     0.02572850     0.02578017    -0.00005167
     0.04244427     0.04243520     0.00000907
     0.02155068     0.02153577     0.00001492
     0.04116038     0.04116884    -0.00000846
     0.04152409     0.04153165    -0.00000756
    -0.00217457    -0.00217193    -0.00000264
     0.02609801     0.02605063     0.00004738
     0.00373316     0.00374403    -0.00001087
     0.01981735     0.01983259    -0.00001524
     0.00941201     0.00940834     0.00000367
     0.04567706     0.04566726     0.00000980
     0.03151990     0.03154341    -0.00002351
     0.04490611     0.04493167    -0.00002557
     0.04584670     0.04584766    -0.00000097
     0.05068028     0.05066525     0.00001504
     0.02576148     0.02582361    -0.00006212
     0.04287608     0.04295909    -0.00008300
     0.04473628     0.04472897     0.00000731
     0.03453598     0.03452406     0.00001193
     0.02604674     0.02606172    -0.00001498
     0.03749073     0.03748213     0.00000860
     0.05028370     0.05029296    -0.00000926
     0.05919864     0.05919992    -0.00000127
     0.00980619     0.00980595     0.00000024
     0.01925829     0.01926336    -0.00000507
     0.04380396     0.04380028     0.00000369
     0.04677580     0.04675739     0.00001841
     0.02223663     0.02218732     0.00004931
    -0.00188338    -0.00186882    -0.00001456
     0.00153646     0.00154413    -0.00000767
     0.05163086     0.05166295    -0.00003209
     0.02591289     0.02590621     0.00000667
     0.02262610     0.02259516     0.00003094
     0.03210440     0.03218218    -0.00007778
    -0.03468137    -0.03468549     0.00000412
     0.01001278     0.00996042     0.00005236
     0.04768287     0.04764088     0.00004198
    -0.00069756    -0.00072115     0.00002359
     0.02325744     0.02324825     0.00000918
     0.01946833     0.01949563    -0.00002730
     0.04512802     0.04512967    -0.00000165
    -0.00019380    -0.00020026     0.00000646
     0.02209075     0.02209376    -0.00000301
     0.03497964     0.03494797     0.00003167
     0.03626197     0.03625998     0.00000199
     0.02777325     0.02780410    -0.00003085
     0.01011172     0.01012695    -0.00001523
     0.02895757     0.02904392    -0.00008635
     0.01607913     0.01610228    -0.00002315
     0.01554867     0.01553704     0.00001163
     0.04641337     0.04641875    -0.00000537
     0.03424629     0.03422260     0.00002369
     0.02764568     0.02763310     0.00001258
     0.02873648     0.02872347     0.00001300
     0.04610210     0.04604034     0.00006176
     0.03055485     0.03053105     0.00002380
     0.02965636     0.02965503     0.00000132
     0.01531492     0.01534081    -0.00002589
     0.02899809     0.02900113    -0.00000304
     0.02757645     0.02756334     0.00001312
     0.01088390     0.01089108    -0.00000718
     0.04018376     0.04025862    -0.00007486
    -0.03579922    -0.03580233     0.00000311
    -0.03577168    -0.03577212     0.00000044
     0.01771992     0.01773060    -0.00001068
     0.01825979     0.01826611    -0.00000632
     0.01602585     0.01601737     0.00000848
    -0.00110633    -0.00109974    -0.00000660
     0.01104012     0.01104536    -0.00000524
     0.03440205     0.03439898     0.00000307
     0.02508060     0.02507997     0.00000063
     0.04305285     0.04306012    -0.00000727
     0.01801429     0.01801589    -0.00000160
     0.00941917     0.00942794    -0.00000878
     0.03303740     0.03303744    -0.00000005
     0.03381793     0.03380042     0.00001751
     0.02081181     0.02080790     0.00000391
     0.04130144     0.04127745     0.00002399
     0.03236816     0.03235173     0.00001643
     0.03643583     0.03647345    -0.00003762
     0.02929654     0.02928005     0.00001649
    -0.00964976    -0.00963476    -0.00001499
    -0.00459698    -0.00460497     0.00000799
     0.00102818     0.00102640     0.00000178
     0.00622109     0.00621490     0.00000619
     0.01350136     0.01349045     0.00001092
    -0.01726048    -0.01730320     0.00004272
     0.02487306     0.02486311     0.00000995
    -0.02687927    -0.02687809    -0.00000118
    -0.00430702    -0.00429108    -0.00001594
    -0.03038407    -0.03041982     0.00003575
    -0.03815679    -0.03816482     0.00000804
    -0.02253203    -0.02251253    -0.00001951
    -0.00372714    -0.00373714     0.00000999
    -0.02220093    -0.02217843    -0.00002249
     0.00643500     0.00637768     0.00005732
    -0.00592463    -0.00591035    -0.00001428
     0.00396228     0.00394399     0.00001829
    -0.01629516    -0.01632377     0.00002862
    -0.02417669    -0.02415998    -0.00001671
     0.02365214     0.02362944     0.00002269
     0.01911799     0.01916346    -0.00004548
     0.01045353     0.01039524     0.00005828
    -0.00087988    -0.00085919    -0.00002069
    -0.01676371    -0.01676033    -0.00000338
     0.00130111     0.00127324     0.00002787
     0.00024330     0.00035393    -0.00011063
    -0.00748147    -0.00754084     0.00005936
    -0.01153893    -0.01151932    -0.00001961
     0.02065624     0.02064845     0.00000780
    -0.00355119    -0.00359057     0.00003938
     0.00902841     0.00903165    -0.00000324
     0.01158070     0.01159703    -0.00001633
    -0.01187698    -0.01188497     0.00000799
    -0.01220221    -0.01222987     0.00002766
     0.01492833     0.01493054    -0.00000221
     0.00706832     0.00701706     0.00005126
    -0.00651296    -0.00657791     0.00006495
    -0.00645808    -0.00648032     0.00002224
     0.01971783     0.01972691    -0.00000908
    -0.01547917    -0.01550020     0.00002103
     0.02039167     0.02038134     0.00001033
    -0.03156796    -0.03155644    -0.00001151
    -0.01657546    -0.01657290    -0.00000256
     0.00665808     0.00670181    -0.00004373
    -0.02625651    -0.02628658     0.00003006
     0.00221903     0.00224222    -0.00002319
     0.01079119     0.01078184     0.00000935
    -0.01704464    -0.01703484    -0.00000980
     0.00956420     0.00949906     0.00006514
    -0.00197013    -0.00198337     0.00001324
     0.00832649     0.00832433     0.00000216
     0.00171655     0.00171692    -0.00000037
    -0.01055323    -0.01047722    -0.00007601
    -0.02671636    -0.02674383     0.00002747
     0.01623200     0.01625794    -0.00002594
     0.01000418     0.01003908    -0.00003490
     0.01063127     0.01062745     0.00000382
    -0.00044899    -0.00044552    -0.00000347
    -0.02027335    -0.02025919    -0.00001417
    -0.00027421    -0.00025359    -0.00002062
     0.01466832     0.01467351    -0.00000518
    -0.01398649    -0.01399762     0.00001114
    -0.00362069    -0.00360636    -0.00001433
    -0.03537774    -0.03537709    -0.00000065
     0.01407795     0.01410577    -0.00002782
     0.00122647     0.00122511     0.00000136
     0.00712623     0.00715453    -0.00002830
    -0.00394056    -0.00398683     0.00004627
    -0.01097650    -0.01096689    -0.00000961
     0.00805925     0.00806019    -0.00000094
    -0.01865145    -0.01865315     0.00000170
    -0.00558084    -0.00555980    -0.00002104
    -0.00422718    -0.00425039     0.00002321
    -0.02147280    -0.02146066    -0.00001215
    -0.01381756    -0.01378322    -0.00003434
    -0.02999770    -0.03000118     0.00000349
     0.00525123     0.00522723     0.00002400
    -0.00223525    -0.00220855    -0.00002670
    -0.02521208    -0.02518081    -0.00003127
    -0.00946407    -0.00943259    -0.00003148
    -0.02203782    -0.02204444     0.00000661
    -0.00941182    -0.00944230     0.00003048
     0.01564187     0.01561148     0.00003039
    -0.01377089    -0.01373965    -0.00003125
    -0.00138699    -0.00137825    -0.00000874
    -0.02177686    -0.02175614    -0.00002072
    -0.01737580    -0.01741535     0.00003955
    -0.01160234    -0.01161976     0.00001742
    -0.02103761    -0.02104785     0.00001024
    -0.00579676    -0.00574644    -0.00005032
    -0.01584750    -0.01585148     0.00000398
    -0.01752661    -0.01751804    -0.00000857
    -0.03256680    -0.03256477    -0.00000203
    -0.02233549    -0.02241214     0.00007665
    -0.02202819    -0.02200620    -0.00002199
    -0.01482022    -0.01482589     0.00000567
    -0.01577618    -0.01580289     0.00002671
    -0.00439352    -0.00433312    -0.00006041
    -0.01136451    -0.01139751     0.00003301
    -0.01543770    -0.01545772     0.00002002
    -0.03226533    -0.03225175    -0.00001358
    -0.03541747    -0.03537080    -0.00004667
    -0.02817154    -0.02810672    -0.00006482
    -0.03384079    -0.03381194    -0.00002884
    -0.02923284    -0.02915668    -0.00007616
    -0.01120159    -0.01120370     0.00000210
    -0.01141882    -0.01141816    -0.00000067
     0.01612130     0.01607735     0.00004395
     0.00565953     0.00569158    -0.00003205
    -0.01701484    -0.01698166    -0.00003318
    -0.00072418    -0.00077542     0.00005124
    -0.01299118    -0.01298083    -0.00001035
    -0.02854042    -0.02856737     0.00002695
    -0.03032636    -0.03029052    -0.00003584
    -0.03360652    -0.03361933     0.00001280
    -0.01372161    -0.01369921    -0.00002240
    -0.01369236    -0.01370331     0.00001095
    -0.03568515    -0.03563855    -0.00004659
    -0.03794922    -0.03795103     0.00000181
    -0.01193317    -0.01199530     0.00006213
    -0.01707705    -0.01704823    -0.00002882
    -0.00732531    -0.00733641     0.00001110
    -0.02146557    -0.02146073    -0.00000484
    -0.03099401    -0.03103986     0.00004584
    -0.02482250    -0.02485671     0.00003422
    -0.01018503    -0.01019496     0.00000993
    -0.03471422    -0.03475885     0.00004463
    -0.03526106    -0.03523972    -0.00002134
    -0.01916234    -0.01916788     0.00000554
    -0.02291052    -0.02287293    -0.00003759
    -0.01806735    -0.01815365     0.00008629
    -0.02763022    -0.02767602     0.00004580
    -0.02882431    -0.02883392     0.00000961
    -0.01348828    -0.01343756    -0.00005072
    -0.02123857    -0.02115157    -0.00008700
    -0.01210327    -0.01207102    -0.00003225
    -0.02387249    -0.02386004    -0.00001246
    -0.00912621    -0.00912949     0.00000328
    -0.01133047    -0.01127650    -0.00005396
    -0.02871887    -0.02874690     0.00002803
    -0.01885499    -0.01879686    -0.00005813
    -0.01944836    -0.01944048    -0.00000788
    -0.02629227    -0.02632336     0.00003109
    -0.03230854    -0.03228397    -0.00002457
    -0.04100367    -0.04103627     0.00003260
    -0.01170449    -0.01170649     0.00000200
    -0.02222762    -0.02224495     0.00001733
    -0.02308347    -0.02313776     0.00005429
    -0.00905715    -0.00915562     0.00009848
    -0.01691879    -0.01693858     0.00001979
    -0.01356863    -0.01361428     0.00004565
    -0.01913940    -0.01911716    -0.00002224
    -0.03132578    -0.03131811    -0.00000767
     0.00441137     0.00442241    -0.00001104
    -0.03537888    -0.03537274    -0.00000615
    -0.02691750    -0.02692054     0.00000304
    -0.03236590    -0.03238750     0.00002159
    -0.03793958    -0.03796165     0.00002206
    -0.00987028    -0.00986865    -0.00000162
    -0.02147642    -0.02150307     0.00002665
    -0.02044318    -0.02041446    -0.00002872
    -0.01704363    -0.01701510    -0.00002853
    -0.00869967    -0.00867689    -0.00002278
    -0.01902424    -0.01896898    -0.00005526
    -0.01756095    -0.01752697    -0.00003398
    -0.01155308    -0.01157432     0.00002123
    -0.02911863    -0.02909347    -0.00002517
    -0.02132730    -0.02138359     0.00005629
    -0.02227135    -0.02224112    -0.00003023
    -0.03048761    -0.03041625    -0.00007136
    -0.02529004    -0.02529259     0.00000254
    -0.02254278    -0.02252696    -0.00001582
    -0.02681693    -0.02682789     0.00001096
    -0.01522594    -0.01526121     0.00003527
    -0.01848067    -0.01850819     0.00002752
    -0.02565163    -0.02562742    -0.00002421
    -0.01544627    -0.01543579    -0.00001048
    -0.02792076    -0.02790718    -0.00001358
    -0.01989000    -0.01994720     0.00005720
    -0.02038149    -0.02040986     0.00002837
    -0.02778699    -0.02781201     0.00002502
    -0.01371073    -0.01373314     0.00002242
    -0.02383761    -0.02398162     0.00014401
    -0.01665949    -0.01672101     0.00006152
    -0.03215787    -0.03218597     0.00002810
    -0.03285652    -0.03291813     0.00006160
    -0.01478781    -0.01473836    -0.00004945
    -0.02721759    -0.02723592     0.00001833
    -0.02557601    -0.02559542     0.00001941
    -0.01659016    -0.01659178     0.00000162
    -0.03283925    -0.03285375     0.00001450
    -0.02374607    -0.02372687    -0.00001920
    -0.02879699    -0.02881352     0.00001652
    -0.02206865    -0.02204269    -0.00002597
    -0.02594543    -0.02594798     0.00000255
    -0.01957182    -0.01956700    -0.00000482
    -0.01829163    -0.01826388    -0.00002775
    -0.02075037    -0.02073271    -0.00001766
    -0.02116942    -0.02119189     0.00002246
    -0.00316191    -0.00314990    -0.00001201
    -0.00171837    -0.00168218    -0.00003619
    -0.02942359    -0.02941659    -0.00000700
    -0.00164340    -0.00160467    -0.00003874
    -0.01831811    -0.01832345     0.00000535
     0.03689978     0.03682863     0.00007116
     0.02867261     0.02861062     0.00006199
     0.04027941     0.04022916     0.00005025
    -0.02622138    -0.02620419    -0.00001719
     0.03808187     0.03792744     0.00015443
    -0.00132457    -0.00130390    -0.00002067
     0.03749231     0.03750649    -0.00001418
     0.05108943     0.05109038    -0.00000094
     0.03787403     0.03792224    -0.00004821
    -0.02683851    -0.02681460    -0.00002390
    -0.02334906    -0.02334176    -0.00000730
     0.04251801     0.04251712     0.00000088
     0.04518875     0.04517776     0.00001099
     0.04610022     0.04607111     0.00002912
    -0.02399144    -0.02398776    -0.00000368
    -0.02395519    -0.02395134    -0.00000385
    -0.02395519    -0.02395134    -0.00000385
     0.03975605     0.03974062     0.00001544
     0.04622238     0.04624823    -0.00002585
    -0.03730929    -0.03733779     0.00002850
     0.01515484     0.01514959     0.00000524
    -0.01958771    -0.01959686     0.00000915
    -0.02793815    -0.02794411     0.00000596
     0.03809553     0.03812139    -0.00002586
    -0.02208784    -0.02207559    -0.00001224
     0.01667990     0.01673833    -0.00005843
    -0.02518607    -0.02518454    -0.00000153
     0.05688921     0.05692239    -0.00003317
     0.05214053     0.05223165    -0.00009112
     0.01356436     0.01361840    -0.00005404
     0.04167043     0.04165482     0.00001561
    -0.03021460    -0.03018667    -0.00002793
    -0.02147367    -0.02148653     0.00001285
    -0.01991182    -0.01987968    -0.00003215
    -0.01421770    -0.01422424     0.00000654
    -0.02089633    -0.02090889     0.00001256
     0.05296786     0.05296453     0.00000333
    -0.02647360    -0.02648655     0.00001294
    -0.02020007    -0.02021260     0.00001252
    -0.02346743    -0.02345906    -0.00000836
    -0.03990270    -0.03989806    -0.00000464
     0.01417857     0.01418681    -0.00000824
     0.04170629     0.04182676    -0.00012047
     0.04882457     0.04884306    -0.00001848
     0.04438248     0.04438227     0.00000021
    -0.02082558    -0.02080893    -0.00001665
     0.05037628     0.05038779    -0.00001151
    -0.03728978    -0.03726000    -0.00002978
    -0.03571492    -0.03570698    -0.00000794
    -0.02641349    -0.02641396     0.00000047
     0.05312329     0.05312050     0.00000279
    -0.02224215    -0.02225710     0.00001495
    -0.02503382    -0.02504973     0.00001590
     0.00816872     0.00815197     0.00001675
     0.04048801     0.04049083    -0.00000282
    -0.02905362    -0.02906412     0.00001050
    -0.02362239    -0.02363854     0.00001614
    -0.03433133    -0.03433162     0.00000030
    -0.02163088    -0.02161790    -0.00001297
     0.04766229     0.04762880     0.00003349
     0.00977044     0.00977654    -0.00000610
    -0.02767191    -0.02767393     0.00000202
     0.05906621     0.05893229     0.00013391
    -0.03296083    -0.03296443     0.00000361
    -0.02961217    -0.02960620    -0.00000597
    -0.03160651    -0.03161085     0.00000433
    -0.02895898    -0.02896203     0.00000305
    -0.03027158    -0.03027543     0.00000385
    -0.02166456    -0.02163053    -0.00003404
     0.05976654     0.05973532     0.00003122
     0.02680221     0.02678838     0.00001382
     0.04557548     0.04558289    -0.00000741
    -0.03417867    -0.03420046     0.00002179
     0.05636096     0.05631999     0.00004097
     0.04042741     0.04045997    -0.00003256
     0.06032068     0.06034768    -0.00002700
    -0.02059584    -0.02060310     0.00000726
     0.05968823     0.05963243     0.00005580
    -0.02240768    -0.02240617    -0.00000151
     0.04137304     0.04138890    -0.00001587
    -0.02489445    -0.02488696    -0.00000748
     0.04609919     0.04610622    -0.00000703
    -0.03129701    -0.03129508    -0.00000193
     0.03046541     0.03050885    -0.00004344
    -0.03443312    -0.03441502    -0.00001810
    -0.00981833    -0.00981434    -0.00000399
    -0.05612806    -0.05613477     0.00000671
     0.06027646     0.06022001     0.00005645
     0.00274019     0.00274926    -0.00000908
     0.05797171     0.05797580    -0.00000409
    -0.02464103    -0.02465912     0.00001810
    -0.04425257    -0.04423614    -0.00001643
    -0.04753922    -0.04753543    -0.00000379
    -0.00979136    -0.00979366     0.00000230
     0.01749151     0.01749703    -0.00000553
    -0.04098878    -0.04099477     0.00000599
    -0.00111523    -0.00108250    -0.00003273
    -0.00111523    -0.00108250    -0.00003273
    -0.00111523    -0.00108250    -0.00003273
    -0.00111523    -0.00108250    -0.00003273
    -0.00111523    -0.00108250    -0.00003273
    -0.03900845    -0.03900802    -0.00000043
    -0.01374619    -0.01373556    -0.00001063
     0.03284667     0.03282967     0.00001700
    -0.00189266    -0.00184968    -0.00004298
     0.03284403     0.03282672     0.00001731
    -0.00184311    -0.00180329    -0.00003982
     0.01597208     0.01581864     0.00015344
     0.01199181     0.01202758    -0.00003577
    -0.03096509    -0.03099034     0.00002525
     0.00272949     0.00273789    -0.00000839
    -0.00145361    -0.00146439     0.00001078
    -0.03257940    -0.03259785     0.00001844
    -0.03444613    -0.03441629    -0.00002984
    -0.00168526    -0.00167222    -0.00001304
     0.01388521     0.01381998     0.00006523
    -0.00139720    -0.00141711     0.00001992
    -0.00131426    -0.00134319     0.00002894
    -0.00147078    -0.00149373     0.00002295
    -0.00155083    -0.00156068     0.00000985
    -0.00177982    -0.00176626    -0.00001355
    -0.00137605    -0.00139822     0.00002217
    -0.02442214    -0.02446295     0.00004081
    -0.00160446    -0.00160424    -0.00000022
    -0.00175592    -0.00171695    -0.00003898
    -0.00082600    -0.00083569     0.00000969
    -0.00082600    -0.00083569     0.00000969
    -0.00082600    -0.00083569     0.00000969
    -0.00082600    -0.00083569     0.00000969
    -0.00082600    -0.00083569     0.00000969
    -0.00082600    -0.00083569     0.00000969
    -0.00082600    -0.00083569     0.00000969
    -0.00082600    -0.00083569     0.00000969
    -0.00082600    -0.00083569     0.00000969
    -0.00082600    -0.00083569     0.00000969
    -0.00082600    -0.00083569     0.00000969
    -0.00082600    -0.00083569     0.00000969
     0.00290427     0.00293912    -0.00003485
    -0.00137091    -0.00140173     0.00003082
    -0.03938783    -0.03940920     0.00002137
    -0.00186991    -0.00182661    -0.00004330
    -0.01505141    -0.01502536    -0.00002605
     0.04663828     0.04663550     0.00000278
    -0.02179814    -0.02178987    -0.00000827
    -0.00141635    -0.00143965     0.00002329
    -0.03592861    -0.03591120    -0.00001740
    -0.00157491    -0.00157752     0.00000261
    -0.00155429    -0.00156195     0.00000767
     0.01531242     0.01531007     0.00000235
    -0.02966025    -0.02966628     0.00000603
    -0.03510291    -0.03511852     0.00001561
     0.01312726     0.01313877    -0.00001151
    -0.03641681    -0.03639124    -0.00002557
    -0.02210452    -0.02209561    -0.00000891
    -0.03206339    -0.03206389     0.00000049
    -0.03836079    -0.03838522     0.00002443
    -0.00045536    -0.00046802     0.00001266
    -0.00339261    -0.00330147    -0.00009114
    -0.00243839    -0.00244934     0.00001096
     0.00146022     0.00140876     0.00005146
    -0.03850623    -0.03845070    -0.00005553
     0.00982532     0.00989224    -0.00006692
    -0.01095533    -0.01096005     0.00000472
    -0.01935622    -0.01935763     0.00000141
    -0.03566161    -0.03567867     0.00001706
    -0.03394400    -0.03392395    -0.00002005
     0.00176988     0.00179516    -0.00002527
     0.01010669     0.01014289    -0.00003620
    -0.03434744    -0.03434972     0.00000228
    -0.02746456    -0.02744668    -0.00001789
     0.00348464     0.00345030     0.00003434
    -0.02617991    -0.02621508     0.00003517
    -0.00862936    -0.00869593     0.00006658
    -0.03484851    -0.03486397     0.00001546
    -0.02632748    -0.02635640     0.00002893
    -0.04742732    -0.04745637     0.00002905
    -0.01375873    -0.01368521    -0.00007352
    -0.03719318    -0.03720628     0.00001311
    -0.01931641    -0.01924819    -0.00006822
    -0.03915011    -0.03915349     0.00000338
    -0.03719258    -0.03719019    -0.00000238
    -0.03806451    -0.03806513     0.00000062
    -0.02513951    -0.02516933     0.00002982
    -0.01351323    -0.01345839    -0.00005484
    -0.01048746    -0.01057049     0.00008303
    -0.03902586    -0.03906311     0.00003724
    -0.02791417    -0.02791836     0.00000419
    -0.03515907    -0.03515466    -0.00000441
    -0.03320965    -0.03322740     0.00001776
    -0.03469950    -0.03467491    -0.00002458
    -0.03207063    -0.03191008    -0.00016056
    -0.03149013    -0.03150988     0.00001975
    -0.02740361    -0.02745980     0.00005619
    -0.03239371    -0.03241005     0.00001634
    -0.03311087    -0.03311099     0.00000012
    -0.03746532    -0.03746552     0.00000021
    -0.00180025    -0.00185457     0.00005432
    -0.00180025    -0.00185457     0.00005432
    -0.00276389    -0.00278510     0.00002121
    -0.00209811    -0.00198848    -0.00010963
     0.03009152     0.03001126     0.00008026
     0.03742134     0.03741888     0.00000246
    -0.00251754    -0.00248408    -0.00003347
     0.00060042     0.00063336    -0.00003294
     0.02943091     0.02942676     0.00000415
    -0.01807519    -0.01799692    -0.00007827
     0.00362287     0.00365284    -0.00002997
     0.01397792     0.01401066    -0.00003274
    -0.00231436    -0.00223345    -0.00008091
    -0.00543387    -0.00556901     0.00013514
    -0.00142267    -0.00136691    -0.00005576
    -0.00142294    -0.00136691    -0.00005603
    -0.00216453    -0.00218992     0.00002539
    -0.00271847    -0.00275005     0.00003158
     0.01718399     0.01720067    -0.00001668
    -0.00703284    -0.00709417     0.00006134
    -0.00228023    -0.00219521    -0.00008502
    -0.00221049    -0.00211421    -0.00009628
    -0.01262135    -0.01255001    -0.00007134
    -0.00208066    -0.00198739    -0.00009328
    -0.01610688    -0.01610126    -0.00000563
     0.00665838     0.00671841    -0.00006003
    -0.00161230    -0.00160486    -0.00000744
    -0.00161230    -0.00160486    -0.00000744
    -0.00190257    -0.00185241    -0.00005016
    -0.00210162    -0.00201270    -0.00008891
    -0.00250407    -0.00253340     0.00002933
     0.03054171     0.03058920    -0.00004749
    -0.00205304    -0.00204223    -0.00001081
     0.03527096     0.03513396     0.00013700
    -0.00252369    -0.00254173     0.00001803
    -0.01251906    -0.01247937    -0.00003969
    -0.00910637    -0.00925087     0.00014450
     0.02964044     0.02966099    -0.00002055
     0.03543154     0.03541677     0.00001477
    -0.00247822    -0.00247650    -0.00000172
    -0.00198850    -0.00201809     0.00002959
    -0.00747848    -0.00748136     0.00000288
    -0.00237055    -0.00234784    -0.00002271
    -0.00224687    -0.00219079    -0.00005608
    -0.01175053    -0.01189506     0.00014453
    -0.00230883    -0.00226274    -0.00004609
     0.00014985     0.00018751    -0.00003766
     0.02401688     0.02398020     0.00003668
     0.00945688     0.00949125    -0.00003437
     0.01622196     0.01621562     0.00000633
    -0.00385694    -0.00382410    -0.00003284
     0.02818177     0.02815655     0.00002522
     0.00474890     0.00473237     0.00001654
    -0.02610625    -0.02598345    -0.00012280
     0.02285166     0.02286503    -0.00001337
     0.00751750     0.00754424    -0.00002674
     0.03044105     0.03035997     0.00008108
     0.03056900     0.03058510    -0.00001610
     0.01208496     0.01215015    -0.00006519
     0.02030190     0.02029625     0.00000565
    -0.02296943    -0.02295149    -0.00001794
    -0.01140339    -0.01141252     0.00000913
     0.03698800     0.03696272     0.00002528
     0.03256468     0.03254306     0.00002162
     0.02695054     0.02694786     0.00000267
     0.05616743     0.05616421     0.00000322
     0.02790675     0.02788951     0.00001724
     0.03150883     0.03152036    -0.00001153
     0.03063091     0.03060416     0.00002674
     0.02409862     0.02403739     0.00006123
     0.02807203     0.02805024     0.00002179
     0.00561727     0.00557273     0.00004455
     0.01179682     0.01181290    -0.00001609
     0.00018749     0.00018767    -0.00000019
    -0.00067710    -0.00071931     0.00004221
    -0.00894204    -0.00886572    -0.00007633
    -0.04658132    -0.04659673     0.00001540
     0.03232884     0.03235213    -0.00002329
     0.03246016     0.03246671    -0.00000655
     0.03094052     0.03095072    -0.00001020
    -0.02974702    -0.02974464    -0.00000239
     0.02793066     0.02791897     0.00001169
     0.00882860     0.00849797     0.00033063
    -0.00177252    -0.00175641    -0.00001611
     0.03342301     0.03342411    -0.00000109
    -0.00249284    -0.00250324     0.00001040
     0.03439734     0.03439245     0.00000489
     0.00173445     0.00174197    -0.00000751
    -0.01821892    -0.01823899     0.00002007
     0.03538248     0.03537168     0.00001080
     0.03637912     0.03636168     0.00001744
    -0.02433732    -0.02434473     0.00000741
    -0.04656203    -0.04656504     0.00000302
     0.02332380     0.02334590    -0.00002209
    -0.04705929    -0.04706452     0.00000523
     0.02840741     0.02837842     0.00002899
    -0.02415280    -0.02414914    -0.00000366
    -0.02419748    -0.02422697     0.00002949
    -0.02223508    -0.02224011     0.00000503
    -0.02567721    -0.02566289    -0.00001432
    -0.00066401    -0.00071942     0.00005540
    -0.00084913    -0.00089952     0.00005039
    -0.00066374    -0.00071942     0.00005568
    -0.00066374    -0.00071942     0.00005568
    -0.00066374    -0.00071942     0.00005568
    -0.00066374    -0.00071942     0.00005568
    -0.00066374    -0.00071942     0.00005568
    -0.00088037    -0.00093179     0.00005142
     0.02944920     0.02932947     0.00011973
    -0.00147769    -0.00152699     0.00004930
     0.02290880     0.02284562     0.00006318
    -0.00142073    -0.00145705     0.00003632
    -0.00108530    -0.00116157     0.00007627
     0.03548438     0.03549940    -0.00001501
    -0.00150874    -0.00155803     0.00004929
    -0.00143932    -0.00147629     0.00003697
     0.03303590     0.03303871    -0.00000281
    -0.00160800    -0.00165381     0.00004581
     0.02464519     0.02481398    -0.00016879
     0.05745750     0.05748485    -0.00002736
     0.02682273     0.02691817    -0.00009544
    -0.00164901    -0.00169706     0.00004805
    -0.00111126    -0.00116196     0.00005070
    -0.00025527    -0.00029550     0.00004023
    -0.00113471    -0.00118985     0.00005513
    -0.00158286    -0.00163361     0.00005076
    -0.00145004    -0.00149980     0.00004976
     0.03183297     0.03193081    -0.00009784
    -0.00145290    -0.00149181     0.00003891
    -0.00162283    -0.00167493     0.00005210
     0.02674313     0.02658461     0.00015852
     0.03720613     0.03719346     0.00001267
     0.03148200     0.03143053     0.00005146
    -0.00131684    -0.00137216     0.00005532
    -0.00108421    -0.00111590     0.00003169
     0.03498252     0.03496009     0.00002244
    -0.00108255    -0.00117327     0.00009072
     0.02425767     0.02444396    -0.00018629
     0.03192775     0.03203338    -0.00010563
     0.03372242     0.03367438     0.00004804
    -0.00142816    -0.00147776     0.00004960
    -0.00035742    -0.00039786     0.00004044
    -0.00047582    -0.00051781     0.00004199
     0.02886927     0.02875699     0.00011228
     0.02753735     0.02750588     0.00003147
    -0.00093066    -0.00097502     0.00004436
    -0.04074018    -0.04072567    -0.00001451
    -0.00113828    -0.00119482     0.00005654
    -0.00125439    -0.00129258     0.00003819
    -0.00095049    -0.00100107     0.00005058
    -0.00105939    -0.00117022     0.00011083
    -0.00130949    -0.00135020     0.00004070
     0.03165947     0.03162867     0.00003080
     0.02534278     0.02526579     0.00007699
    -0.00136468    -0.00141734     0.00005266
     0.02311161     0.02305540     0.00005621
    -0.00117882    -0.00123453     0.00005570
    -0.00098432    -0.00103412     0.00004980
    -0.01359342    -0.01360699     0.00001357
    -0.00144209    -0.00149435     0.00005225
    -0.00128255    -0.00132557     0.00004301
    -0.00102946    -0.00107254     0.00004308
    -0.00126288    -0.00131695     0.00005407
     0.03468524     0.03464400     0.00004124
    -0.02530814    -0.02528853    -0.00001961
    -0.00104519    -0.00109086     0.00004567
     0.03325925     0.03326725    -0.00000800
    -0.00131396    -0.00136667     0.00005272
    -0.00122666    -0.00127083     0.00004417
    -0.00108029    -0.00113306     0.00005277
    -0.00112642    -0.00117092     0.00004450
     0.02388357     0.02376666     0.00011691
    -0.00131279    -0.00136175     0.00004896
    -0.00114748    -0.00119262     0.00004514
     0.01057658     0.01054576     0.00003082
     0.03626195     0.03628501    -0.00002306
     0.03617871     0.03617026     0.00000845
    -0.01649824    -0.01653074     0.00003251
     0.02860311     0.02860551    -0.00000239
    -0.00124405    -0.00129353     0.00004947
    -0.00119613    -0.00124823     0.00005210
     0.02626838     0.02639228    -0.00012391
     0.03173947     0.03167492     0.00006455
    -0.00507933    -0.00508242     0.00000309
     0.03187653     0.03187362     0.00000291
     0.01105969     0.01103260     0.00002709
     0.04086693     0.04087719    -0.00001026
     0.03629765     0.03629887    -0.00000122
     0.02698287     0.02701715    -0.00003428
     0.03022940     0.03023180    -0.00000240
     0.03648669     0.03653147    -0.00004478
     0.01972975     0.01973193    -0.00000217
     0.04369928     0.04372075    -0.00002147
     0.04855978     0.04856167    -0.00000189
     0.03706155     0.03702613     0.00003543
     0.04360189     0.04363213    -0.00003023
     0.03587903     0.03592907    -0.00005004
    -0.01108154    -0.01109410     0.00001256
     0.03804508     0.03806419    -0.00001911
     0.03135916     0.03135161     0.00000755
    -0.00247890    -0.00244563    -0.00003327
     0.02366060     0.02366460    -0.00000400
     0.01876756     0.01874352     0.00002404
     0.01237441     0.01241594    -0.00004154
     0.01185614     0.01198865    -0.00013252
    -0.00174855    -0.00189776     0.00014921
     0.01147276     0.01150249    -0.00002973
    -0.00321511    -0.00321218    -0.00000293
     0.01391071     0.01394094    -0.00003023
    -0.02699193    -0.02706788     0.00007595
     0.00739706     0.00739295     0.00000411
     0.01117857     0.01111902     0.00005955
     0.01629391     0.01624794     0.00004596
     0.01916860     0.01917468    -0.00000608
     0.01352360     0.01353585    -0.00001225
     0.01453991     0.01451446     0.00002546
     0.00570800     0.00577369    -0.00006570
     0.01463589     0.01462606     0.00000983
     0.02387780     0.02383513     0.00004268
     0.01867466     0.01866075     0.00001391
     0.01070227     0.01077974    -0.00007747
     0.01951957     0.01952509    -0.00000552
    -0.02036024    -0.02035705    -0.00000319
     0.00698119     0.00696647     0.00001472
     0.01789543     0.01787750     0.00001793
    -0.01142788    -0.01142216    -0.00000573
     0.01794107     0.01800748    -0.00006642
     0.00869845     0.00866763     0.00003082
     0.01249495     0.01249542    -0.00000047
     0.00705654     0.00713763    -0.00008109
     0.01619763     0.01618635     0.00001129
    -0.01869961    -0.01866057    -0.00003904
     0.02217287     0.02222203    -0.00004916
     0.01234874     0.01231609     0.00003266
    -0.00887733    -0.00887791     0.00000057
     0.00981041     0.00988317    -0.00007275
     0.01617818     0.01616791     0.00001027
     0.02218237     0.02214194     0.00004043
     0.02053401     0.02055498    -0.00002097
     0.00315638     0.00321948    -0.00006309
    -0.00192469    -0.00191767    -0.00000702
     0.01280252     0.01288374    -0.00008122
    -0.00810238    -0.00805974    -0.00004264
     0.01368466     0.01385199    -0.00016733
     0.03003827     0.03001607     0.00002219
     0.00309274     0.00299884     0.00009390
    -0.01501938    -0.01500252    -0.00001686
     0.01812964     0.01811078     0.00001886
     0.01687288     0.01684929     0.00002360
     0.01208830     0.01212600    -0.00003769
     0.01468999     0.01465006     0.00003993
     0.00516965     0.00519463    -0.00002499
     0.00033239     0.00038070    -0.00004831
     0.00450593     0.00455074    -0.00004481
     0.00407031     0.00406209     0.00000821
     0.00924725     0.00923855     0.00000870
     0.02105767     0.02103665     0.00002102
     0.02124401     0.02120556     0.00003845
     0.00750917     0.00748546     0.00002372
     0.04010009     0.04072878    -0.00062869
    -0.00201838    -0.00195884    -0.00005954
     0.00300898     0.00299079     0.00001819
    -0.02679282    -0.02680850     0.00001568
     0.01843120     0.01843182    -0.00000062
     0.00393877     0.00397958    -0.00004082
     0.01751151     0.01750715     0.00000435
     0.02403500     0.02405624    -0.00002124
     0.01631116     0.01627455     0.00003661
     0.02139248     0.02137215     0.00002032
     0.00948344     0.00943467     0.00004877
    -0.00236932    -0.00248355     0.00011423
     0.01581324     0.01580977     0.00000348
     0.01891779     0.01885555     0.00006224
     0.01946754     0.01948871    -0.00002117
     0.02782176     0.02780071     0.00002106
     0.01617363     0.01621394    -0.00004031
    -0.01970752    -0.01963044    -0.00007708
     0.01998791     0.02003546    -0.00004755
     0.02358977     0.02356954     0.00002023
     0.02259813     0.02262711    -0.00002898
     0.00847425     0.00848394    -0.00000969
    -0.01211982    -0.01206336    -0.00005646
     0.00772074     0.00772483    -0.00000409
     0.00675729     0.00678555    -0.00002826
     0.01436720     0.01444848    -0.00008127
    -0.00963316    -0.00956400    -0.00006916
     0.00642230     0.00643965    -0.00001736
     0.00510951     0.00512031    -0.00001080
     0.01633807     0.01635795    -0.00001988
     0.01338504     0.01344481    -0.00005977
     0.00616338     0.00614264     0.00002074
     0.01601896     0.01599523     0.00002373
     0.02199358     0.02200477    -0.00001120
    -0.00732560    -0.00728410    -0.00004150
     0.01231201     0.01228833     0.00002368
     0.01178522     0.01182624    -0.00004101
    -0.02020739    -0.02031748     0.00011009
     0.01935189     0.01936482    -0.00001293
     0.01514945     0.01512530     0.00002415
     0.01514276     0.01517396    -0.00003121
    -0.02728399    -0.02729214     0.00000816
     0.01874320     0.01874483    -0.00000163
    -0.02552039    -0.02550128    -0.00001911
    -0.03211433    -0.03212040     0.00000606
    -0.01222371    -0.01226919     0.00004548
    -0.03852996    -0.03858328     0.00005332
    -0.02816161    -0.02817324     0.00001163
    -0.02067897    -0.02067420    -0.00000477
    -0.03224843    -0.03221804    -0.00003039
    -0.02551329    -0.02549599    -0.00001729
    -0.01564244    -0.01567315     0.00003071
    -0.02193757    -0.02193777     0.00000019
    -0.02881569    -0.02884841     0.00003273
     0.00047127     0.00048916    -0.00001789
    -0.02459727    -0.02460684     0.00000957
    -0.03455979    -0.03452028    -0.00003952
    -0.01494634    -0.01489701    -0.00004934
    -0.02587000    -0.02582332    -0.00004668
    -0.02748236    -0.02749660     0.00001425
    -0.01853808    -0.01846983    -0.00006825
    -0.02577533    -0.02577308    -0.00000225
    -0.01641279    -0.01644907     0.00003628
    -0.01934545    -0.01933028    -0.00001517
    -0.02488342    -0.02491202     0.00002860
    -0.02126641    -0.02121534    -0.00005107
     0.02714268     0.02717974    -0.00003706
     0.02792781     0.02797939    -0.00005158
    -0.01208485    -0.01208306    -0.00000179
     0.01066447     0.01067842    -0.00001395
    -0.03421225    -0.03420527    -0.00000698
    -0.01890261    -0.01893840     0.00003580
    -0.00715774    -0.00716006     0.00000232
    -0.00795533    -0.00796821     0.00001288
     0.02671913     0.02675251    -0.00003338
     0.03437416     0.03447723    -0.00010307
    -0.02034255    -0.02026533    -0.00007722
    -0.00472735    -0.00474935     0.00002200
    -0.02312791    -0.02316363     0.00003572
    -0.02540545    -0.02535052    -0.00005493
     0.03615898     0.03613705     0.00002193
    -0.02840754    -0.02842271     0.00001516
     0.01025823     0.01023506     0.00002317
    -0.02090779    -0.02091704     0.00000925
    -0.02901226    -0.02902100     0.00000874
    -0.01402820    -0.01407518     0.00004698
    -0.02667619    -0.02668505     0.00000885
     0.01459205     0.01458351     0.00000854
    -0.01992652    -0.01995006     0.00002354
    -0.01986736    -0.01989167     0.00002431
    -0.01652183    -0.01660918     0.00008735
     0.01982537     0.01985062    -0.00002525
    -0.00150471    -0.00153688     0.00003217
     0.03589190     0.03587164     0.00002026
    -0.02634800    -0.02635285     0.00000486
    -0.01013496    -0.01012343    -0.00001154
    -0.02431577    -0.02435070     0.00003493
     0.02512226     0.02510353     0.00001873
    -0.03442273    -0.03446914     0.00004641
    -0.03322859    -0.03324187     0.00001328
    -0.02555100    -0.02556319     0.00001219
    -0.02425318    -0.02427310     0.00001992
     0.01091865     0.01093886    -0.00002021
    -0.03580191    -0.03585775     0.00005583
    -0.01572453    -0.01574408     0.00001955
    -0.00000961     0.00010292    -0.00011253
    -0.00522404    -0.00525691     0.00003287
     0.00692658     0.00697563    -0.00004905
    -0.03286452    -0.03350907     0.00064455
    -0.03587555    -0.03589906     0.00002351
     0.02124662     0.02128791    -0.00004129
     0.00603804     0.00607119    -0.00003315
    -0.03032227    -0.03035690     0.00003463
    -0.01930803    -0.01933792     0.00002989
    -0.02511350    -0.02513128     0.00001778
    -0.01548619    -0.01550776     0.00002157
    -0.04927424    -0.04930682     0.00003258
    -0.04318423    -0.04317219    -0.00001203
    -0.00273790    -0.00280848     0.00007058
    -0.03473261    -0.03474290     0.00001029
     0.00048142     0.00048354    -0.00000212
    -0.00695305    -0.00691952    -0.00003354
    -0.02622435    -0.02622029    -0.00000406
    -0.01634406    -0.01636239     0.00001834
     0.00395537     0.00395945    -0.00000408
    -0.01684554    -0.01686112     0.00001558
    -0.00817686    -0.00817332    -0.00000354
    -0.02605866    -0.02605028    -0.00000838
     0.04141246     0.04140344     0.00000902
     0.00943158     0.00947491    -0.00004334
    -0.01976009    -0.01972668    -0.00003341
    -0.01587814    -0.01596314     0.00008500
    -0.02772108    -0.02771366    -0.00000742
     0.01018996     0.01022971    -0.00003975
    -0.00092132    -0.00086977    -0.00005155
     0.01576840     0.01570419     0.00006421
     0.02275634     0.02275570     0.00000064
    -0.00565591    -0.00563667    -0.00001924
    -0.00315690    -0.00313959    -0.00001732
    -0.01043187    -0.01047510     0.00004323
    -0.00609704    -0.00608669    -0.00001035
    -0.00117156    -0.00113097    -0.00004059
    -0.00116408    -0.00110113    -0.00006295
    -0.00091096    -0.00083904    -0.00007192
    -0.00085672    -0.00091447     0.00005774
     0.02845925     0.02840144     0.00005780
     0.02639415     0.02634215     0.00005199
    -0.03335874    -0.03345044     0.00009170
    -0.00086603    -0.00091376     0.00004773
    -0.00086595    -0.00091376     0.00004781
    -0.00112533    -0.00106069    -0.00006464
    -0.03227583    -0.03229355     0.00001772
    -0.03227583    -0.03229355     0.00001772
    -0.00082524    -0.00084123     0.00001599
    -0.02521061    -0.02518246    -0.00002816
    -0.00335397    -0.00321722    -0.00013675
    -0.00038559    -0.00046850     0.00008292
    -0.00056543    -0.00066171     0.00009628
    -0.02639771    -0.02636151    -0.00003621
    -0.00091974    -0.00087289    -0.00004685
    -0.00099150    -0.00095661    -0.00003489
    -0.00097716    -0.00093063    -0.00004653
     0.01531598     0.01533911    -0.00002313
    -0.00088252    -0.00091053     0.00002801
    -0.02721073    -0.02716019    -0.00005055
     0.00489797     0.00493627    -0.00003831
    -0.00048491    -0.00042322    -0.00006168
    -0.02010609    -0.02011553     0.00000945
     0.02828273     0.02819065     0.00009207
    -0.00089730    -0.00090486     0.00000756
    -0.03185000    -0.03185447     0.00000446
    -0.00091294    -0.00089169    -0.00002125
     0.02506231     0.02511761    -0.00005530
     0.03203858     0.03203558     0.00000300
     0.00171489     0.00177918    -0.00006430
     0.00005508     0.00011745    -0.00006238
    -0.02018405    -0.02000076    -0.00018328
     0.02823255     0.02821436     0.00001819
     0.02475319     0.02477218    -0.00001899
    -0.03209191    -0.03209828     0.00000637
     0.00362994     0.00353003     0.00009991
     0.01118603     0.01112699     0.00005904
     0.01137431     0.01137693    -0.00000262
     0.02140962     0.02152196    -0.00011234
     0.03136052     0.03136142    -0.00000090
     0.03431718     0.03443137    -0.00011419
    -0.03430373    -0.03434235     0.00003861
    -0.00117757    -0.00114799    -0.00002958
    -0.00047103    -0.00045402    -0.00001701
    -0.00043435    -0.00046894     0.00003459
    -0.02948318    -0.02945702    -0.00002617
     0.04809811     0.04811427    -0.00001616
     0.00978015     0.00974684     0.00003331
     0.01493652     0.01494748    -0.00001096
    -0.00090581    -0.00089478    -0.00001104
     0.00006955    -0.00002026     0.00008981
    -0.02398564    -0.02400547     0.00001983
     0.01704578     0.01689045     0.00015533
    -0.03822764    -0.03828658     0.00005893
    -0.00074954    -0.00078485     0.00003531
    -0.02379856    -0.02384219     0.00004363
     0.01479132     0.01475951     0.00003181
    -0.02923393    -0.02930119     0.00006726
    -0.00083090    -0.00084226     0.00001136
     0.00715347     0.00719059    -0.00003712
    -0.03183324    -0.03183450     0.00000126
    -0.00070698    -0.00075714     0.00005016
    -0.00016942    -0.00018094     0.00001152
     0.01749899     0.01743844     0.00006055
     0.01901464     0.01903597    -0.00002134
     0.01502964     0.01494066     0.00008898
    -0.02736682    -0.02741298     0.00004616
     0.02787077     0.02852243    -0.00065166
     0.01820164     0.01830300    -0.00010136
     0.01386534     0.01391737    -0.00005203
     0.04242941     0.04241187     0.00001754
     0.01980632     0.01980671    -0.00000039
    -0.03587544    -0.03588345     0.00000801
     0.01538388     0.01541562    -0.00003175
     0.01084273     0.01079912     0.00004361
    -0.00005293    -0.00010482     0.00005189
    -0.01253093    -0.01244548    -0.00008544
     0.00778186     0.00767674     0.00010512
    -0.02273764    -0.02273455    -0.00000310
     0.02621569     0.02620874     0.00000696
    -0.02538428    -0.02537914    -0.00000514
     0.02076868     0.02079367    -0.00002498
     0.01452095     0.01445956     0.00006139
     0.01023186     0.01015174     0.00008012
     0.00597323     0.00592248     0.00005074
     0.01314141     0.01309692     0.00004450
    -0.03519649    -0.03521079     0.00001431
    -0.03099693    -0.03099015    -0.00000678
    -0.00301742    -0.00315202     0.00013461
     0.04506252     0.04510496    -0.00004244
    -0.00003586    -0.00002125    -0.00001462
    -0.00909856    -0.00910418     0.00000561
     0.02456892     0.02454431     0.00002461
     0.00170098     0.00166688     0.00003410
     0.02875778     0.02874475     0.00001303
    -0.03088201    -0.03090065     0.00001864
     0.02398991     0.02400701    -0.00001710
    -0.01840736    -0.01841207     0.00000471
    -0.01840774    -0.01841207     0.00000433
    -0.01736130    -0.01737773     0.00001643
     0.00726160     0.00722448     0.00003712
    -0.03482562    -0.03486946     0.00004384
    -0.03124020    -0.03124177     0.00000157
     0.01963922     0.01954580     0.00009342
    -0.01047138    -0.01045028    -0.00002110
     0.02923401     0.02911586     0.00011815
    -0.01529666    -0.01528671    -0.00000996
    -0.01529683    -0.01528671    -0.00001012
    -0.00707208    -0.00704592    -0.00002616
    -0.03396332    -0.03399381     0.00003049
    -0.02181360    -0.02167232    -0.00014128
    -0.03276667    -0.03282766     0.00006099
    -0.03190704    -0.03200579     0.00009875
     0.00181543     0.00183510    -0.00001967
    -0.01760326    -0.01760720     0.00000394
    -0.01604694    -0.01604275    -0.00000419
    -0.01010873    -0.01012211     0.00001338
    -0.01681582    -0.01681680     0.00000098
    -0.01681626    -0.01681680     0.00000054
    -0.01175282    -0.01176710     0.00001429
    -0.02349766    -0.02341898    -0.00007868
     0.00527539     0.00524504     0.00003035
     0.03032385     0.03026379     0.00006006
    -0.01666085    -0.01666629     0.00000544
     0.01669650     0.01644740     0.00024910
     0.01274492     0.01274480     0.00000011
     0.00437276     0.00444484    -0.00007208
    -0.01360210    -0.01361973     0.00001763
    -0.03207360    -0.03211103     0.00003743
    -0.00774197    -0.00772234    -0.00001962
     0.01202384     0.01217462    -0.00015078
     0.01303736     0.01302829     0.00000907
    -0.01590658    -0.01591284     0.00000626
     0.00404171     0.00408833    -0.00004662
    -0.00789794    -0.00788472    -0.00001322
    -0.02822509    -0.02822833     0.00000324
     0.00711866     0.00710519     0.00001347
    -0.01214180    -0.01212023    -0.00002157
    -0.01544456    -0.01544079    -0.00000377
    -0.01523854    -0.01523496    -0.00000358
     0.01962629     0.01952641     0.00009988
     0.00488341     0.00470750     0.00017591
    -0.01135183    -0.01136129     0.00000946
    -0.01394281    -0.01395096     0.00000815
    -0.01495040    -0.01495300     0.00000260
    -0.01121003    -0.01119645    -0.00001358
    -0.02176533    -0.02173911    -0.00002621
    -0.02126047    -0.02124332    -0.00001716
    -0.00932434    -0.00932166    -0.00000267
     0.02914209     0.02924089    -0.00009881
    -0.01295281    -0.01295956     0.00000675
    -0.01056643    -0.01055571    -0.00001071
    -0.01149746    -0.01150380     0.00000634
     0.01600557     0.01599240     0.00001318
    -0.01323627    -0.01323991     0.00000364
    -0.00405031    -0.00408298     0.00003267
    -0.03047259    -0.03047236    -0.00000023
    -0.01117612    -0.01116632    -0.00000980
     0.01147589     0.01147233     0.00000356
    -0.01187943    -0.01188427     0.00000484
     0.02843057     0.02841539     0.00001518
     0.01312013     0.01314361    -0.00002347
     0.00867907     0.00866374     0.00001533
    -0.03547870    -0.03547942     0.00000072
     0.00297788     0.00301559    -0.00003771
    -0.00225531    -0.00217963    -0.00007567
     0.02806041     0.02801775     0.00004266
     0.01991454     0.01976251     0.00015204
     0.02835584     0.02832013     0.00003572
     0.01194313     0.01193689     0.00000624
    -0.00721192    -0.00726626     0.00005434
    -0.03831706    -0.03834729     0.00003023
    -0.04286245    -0.04284496    -0.00001749
    -0.04102146    -0.04098414    -0.00003732
     0.00234451     0.00228446     0.00006004
     0.01330242     0.01330714    -0.00000472
    -0.04163965    -0.04163741    -0.00000224
    -0.03473397    -0.03473911     0.00000514
    -0.04435298    -0.04427826    -0.00007472
    -0.04563515    -0.04566753     0.00003238
     0.02835758     0.02836771    -0.00001013
    -0.01727858    -0.01727305    -0.00000553
    -0.03097995    -0.03100263     0.00002268
    -0.00066578    -0.00065651    -0.00000927
    -0.03891650    -0.03895568     0.00003918
    -0.02322897    -0.02333079     0.00010182
    -0.03441231    -0.03435251    -0.00005980
    -0.01894114    -0.01896495     0.00002382
    -0.00123281    -0.00122072    -0.00001209
    -0.00530666    -0.00533396     0.00002731
    -0.01638887    -0.01651115     0.00012227
    -0.00280702    -0.00275754    -0.00004947
     0.02867939     0.02867264     0.00000674
     0.02815483     0.02808648     0.00006836
     0.02846314     0.02838890     0.00007424
    -0.01628035    -0.01627843    -0.00000193
     0.00005827     0.00003933     0.00008253     0.00018236     0.00067026
