28291
27227
8831
27560
32015
23761
29776
16887
21334
15245
22747
15689
3048
18475
31649
9829
12967
15604
22826
23957
16922
2276
17502
24990
27382
23831
26295
16528
3147
6135
10675
21063
8451
19268
10234
284
17330
7271
13831
19626
15558
19859
858
28019
1461
17523
24100
2686
29975
18797
12687
9764
18437
21706
1447
4906
26911
1677
25397
24913
23908
16595
19816
23382
32186
29796
31255
15564
27334
8368
5267
32076
20047
10445
6351
5853
7314
3006
19967
77
22054
14469
29226
18259
24750
27739
28527
9878
248
12546
24019
19353
13646
16844
21514
15498
5562
8612
28822
12009
7313
10083
32136
32134
14854
24280
7099
7355
7663
7661
9556
21688
22148
13018
23615
8272
7324
8053
8544
7694
8082
7177
14212
7756
7492
7307
6862
7413
24023
14643
12813
12146
7073
7333
18078
9060
24940
22417
7025
13568
7602
7871
23447
13564
7146
22522
32135
19308
8256
32261
13374
8993
6904
7093
6964
6805
7188
11511
12441
18108
6568
6728
6709
6733
13398
22755
10951
7619
8190
8627
26251
7054
24556
11001
10674
32057
8240
10273
11200
6829
25964
7518
7538
10738
20093
8461
22291
22525
14064
11759
11410
7544
7509
7837
7083
16638
10500
13043
15789
12103
