                 -1.35782916962130184579
                  0.86571244849205342131
                  1.00736419698449464200
                 -0.69150828059823432614
                 -0.69143636313846890129
                 -0.28966440317774877489
                  0.34237632935685108349
                 -0.08287329761953080021
                  0.09061251377005183349
                  0.53131860771512029462
                  0.78384697174494599725
                  1.54544443141759058058
                 -0.75211503326302431294
                  1.25916671803879309799
                  1.12581381873205210731
                  1.56330888764268460811
                 -1.36914270369400914440
                  1.25020632637306938761
                  0.99773095184297522220
                  1.04201430151432172799
                  0.36870678101067738686
                 -0.08439640983683609210
                 -0.19905761036069780090
                  0.38688881860855522943
                  0.35371621696234872845
                  0.77931844869542765686
                  0.90971868978977443732
                 -1.10881658008485795008
                 -1.51632026903110772587
                 -1.67664021606946489484
                  0.68425809106227353240
