49	2	1
15	15	
1	1006
  0.0542223932564288	  0.1350892126924690	  0.1066401510587419	  0.0916407696101708	  0.0117280622359771	  0.0090713102024883	  0.0408711780469540	  0.0526456192124833	  0.0401755096201938	  0.0526472929895978	  0.0128772518734194	  0.0349337520861550	  0.0818351236466505	  0.0058853050760038	  0.0215461409624084	  0.0803504079889441	  0.0436176688180212	  0.0007897724339362	  0.0045851620069163	  0.0079607739028485	  0.0045853077319956	  0.0070930878194145	  0.0205829228717591	  0.0029067990406772	  0.0022483232690562	  0.0102173715165808	  0.0139644687889952	  0.0185033837921706	  0.0139767565232344	  0.0010210765268363	  0.0017686151805532	  0.0024439626818440	  0.0044361942559536	  0.0082370964167910	  0.0082371244179259	  0.0159349436335430	  0.0205823192747425	  0.0457098825065539	  0.0205836280435692	  0.0013025100045405	  0.0047254979643712	  0.0369966666687744	  0.0034173979008577	  0.0097471817668055	  0.0358783258297474	  0.0006385113093438	  0.0042037414895148	  0.0457098974005005	  0.0163399183582453	  0.0651476641831463
  0.0542700600485389	  0.1351908448869480	  0.7534752418946337	  0.2379817902204755	  0.0117280694846243	  0.0090713125605901	  0.0409076921153398	  0.0526845825203215	  0.1447731508626051	  0.0526862562971013	  0.0128876771560713	  0.0349560767050221	  0.1819536035338794	  0.0058853073481268	  0.0215461465753077	  0.2895507602407977	  0.0650333631312868	  0.0007897724341112	  0.0045851647848654	  0.0079677665904696	  0.0045853105067088	  0.0070930896274921	  0.0205978604547999	  0.0029068006260407	  0.0022483237870389	  0.0102253575686486	  0.0139730275040927	  0.0349950422663402	  0.0139853152382584	  0.0010210765271818	  0.0017686151810300	  0.0024439626820836	  0.0044361959964621	  0.0082370985686399	  0.0082371265697747	  0.0159489290348321	  0.0205972568579117	  0.1133673072808091	  0.0205985656264817	  0.0013025105014803	  0.0047254991973057	  0.0700002595909889	  0.0034196780316062	  0.0097520856125810	  0.0510723896779669	  0.0006385113094521	  0.0042037414898456	  0.1133706014779736	  0.0194739129211269	 -0.0043465155434602
                  0.20083622772830503345
                  0.04203225702222469079
                 -0.00237830262260542132
                 -0.39328666752521007632
                 -0.19131613297594904366
                  0.03527141749612214966
                 -0.04299471743833704201
                 -0.00639154710926152433
                 -0.24348555653244510766
                 -0.12853020440469201113
                 -0.00878052973207326358
                  0.04015519548998507798
                  0.20003019588037096455
                  0.05875706868179325637
                  0.36009976764170831265
                  0.12977340221436545198
                  0.11428104246188858228
                 -0.13474230530967398756
                 -0.22556862340737848793
                  0.43806569670833689356
                 -0.37600725685839353485
                  0.13199005644698832973
                  0.13322342142694237888
                  0.08401105127757114988
                 -0.49391808698998096450
                 -0.11942503229701446898
                 -0.35461611396189707257
                 -0.09737925129713528860
                 -0.32029795344127265366
                  0.17151635862627839790
                  0.00638387130808832411
                  0.21384368340568696287
                  0.33138823982584592054
                 -0.29396938651794168873
                  0.26461361449736137130
                  0.41316636735910311495
                 -0.02961993460675035189
                 -0.17600533171912727259
                 -0.08790584924262891120
                 -0.29247798042772932270
                  0.19976057533775623543
                  0.33179207669007926285
                  0.07211239872745878188
                 -0.12365130579596103622
                  0.24240544564430901997
                 -0.42482770002905695383
                  0.29466176419451084456
                 -0.02179009587672735629
                 -0.13378970976691562100
                 -0.05348121358776272705
                  0.26449501739274045020
                  0.11923322663608229566
                  0.02563573492962235856
                  0.21359999678430435788
                 -0.44829743192870885604
                 -0.19844551044825545216
                 -0.00376785441777169805
                 -0.03775817362399698507
                 -0.06082593676719903059
                  0.16519594318755512208
                 -0.21459033499182628146
                 -0.35995732516923911737
                 -0.14238640595392212940
                  0.09178752462163214387
                  0.09754134027043474819
                  0.14968713386540605237
                 -0.17323406322463252849
                 -0.37731798200723382086
                  0.23297768369773824704
                 -0.46830726643328679515
                 -0.52973343743301459785
                  0.06366449482606412191
                  0.04153140987399756012
                  0.10810301853033045527
                  0.24575750409196889246
                  0.30672610559741247949
                  0.16364861796246746306
                  0.25433794294991129981
                  0.07153766274932589486
                  0.39567854680437131165
                 -0.13993415968352959644
                 -0.45806690929960203196
                  0.13082018249330271131
                  0.04093755562328689479
                  0.21172375245591132376
                  0.25816772784142921759
                 -0.21266139392660315943
                  0.00383884320774731868
                 -0.07984303639453813051
                 -0.14139288512876216353
                 -0.26479032591264539676
                  0.17815640524560968916
                  0.08832332004327823893
                  0.14462233054855552772
                 -0.02174170152457744962
                  0.07299336898914776661
                  0.06582985934078960932
                  0.17494710553043218981
                 -0.19294117165376675760
                  0.23469213130754745800
                  0.18939399991930594425
                 -0.15162790838013609496
                  0.02112362112535427078
                  0.28166402959903025227
                 -0.17411858978638347639
                 -0.22987384791490886315
                 -0.15332265430841313103
                  0.07174943805510099193
                 -0.26267453697773884835
                 -0.22046294606583932696
                  0.34049020687069497804
                 -0.21221325896000772793
                 -0.10581279764153725398
                 -0.09331948774426308824
                 -0.16554592224704406389
                 -0.13281612067674297695
                  0.29262152458306739389
                 -0.11924118225506877278
                 -0.26152149190462337103
                 -0.38986655033914668911
                 -0.09667004334146551969
                  0.08942730664674208851
                 -0.25537838566766091208
                 -0.28733007982432884342
                  0.07540975414437027513
                  0.14906750661893636289
                  0.21574054603968798038
                 -0.06096227883999005143
                 -0.08571673628121073696
                 -0.01643852459204745917
                  0.10812867108900071911
                  0.28699056956274987540
                 -0.17071570663697432924
                  0.13896045033532786195
                  0.12902192569151482715
                  0.04126069975956517949
                  0.09137216779873290340
                  0.25151705154235820538
                  0.01286192651742858704
                 -0.06678711308542982505
                 -0.19530099083171162389
                  0.06104754471223999834
                 -0.29841726079987895837
                 -0.12659914169628316838
                  0.15352397472322459882
                 -0.13950269989447136587
                  0.09610140253661347831
                  0.06908424391056540437
                 -0.16674764953273785162
                 -0.00630328665269597709
                 -0.21971095971164916749
                  0.03645250462647729034
                  0.01160398779201946527
                 -0.03529458663188454054
                 -0.04574972464871770311
                  0.23095854685751174284
                 -0.11641761841785895626
                  0.14334724714915081378
                 -0.11090849424825993674
                  0.06262202679602063560
                  0.14858788526644800543
                 -0.09478392388253678580
                 -0.15051693785237219014
                  0.40138309118155518496
                 -0.29207575757642284531
                  0.05910713511874553239
                  0.26878563965791141266
                 -0.00888698651492471868
                 -0.31012800139284185663
                 -0.09669962167912585227
                 -0.16132019047313042592
                 -0.27610886984039995085
                 -0.19611085145655682282
                  0.29599293396186443506
                 -0.03533672492762634371
                 -0.11443158897053133660
                 -0.18754718657151142613
                  0.08531493331930146973
                  0.17429300125017074818
                  0.08094235853688037940
                  0.13231963094824492067
                 -0.21905045430610878276
                  0.34704546821815779323
                  0.16634573410736408494
                  0.02577123465913843531
                 -0.20991580956030905791
                  0.22397326183637358832
                  0.38711279288426370115
                 -0.50553671590742388364
                 -0.06501159553701726934
                  0.20712925908470766756
                 -0.13774440690870901061
                 -0.26529722889977452871
                  0.01755985697726415370
                  0.03282500185964352946
                  0.13122567209085356232
                  0.06665711211965646976
                  0.29546586436774913143
                  0.27600305935611135766
                  0.21599642264386617607
                  0.06321330416800487184
                  0.11885458967755192783
                  0.10962371999699289937
                  0.01463159953058923782
                 -0.30752891257990339069
                 -0.27245591531266738494
                  0.24337394602745987537
                  0.14828544399425136469
                  0.29063056298308576064
                 -0.15340382713998299002
                  0.12284057906361807444
                  0.02310237993249178098
                 -0.08533781722760677702
                  0.27568007906587799205
                 -0.08220100479474896915
                  0.30281914873894155704
                  0.04307741144896782420
                 -0.27229180366677951941
                  0.17359612951589908914
                  0.02304301459253106296
                 -0.37387041402462056761
                 -0.16485421869814018137
                 -0.00713828989758478766
                 -0.03204105354276891998
                  0.22264510290138278537
                 -0.40052851703607045275
                  0.06601713588111876585
                  0.17832458564905934173
                  0.37631833523719304679
                  0.24336187429200123455
                 -0.24447965828598192117
                 -0.10334666791133720332
                  0.05020277394184120834
                 -0.43577540921189339418
                 -0.15042843449711953974
                 -0.19831664896174566737
                 -0.03736335512518638297
                  0.40280268922465495285
                 -0.12809606604183809697
                  0.10276846313888160500
                  0.06899272070997257422
                  0.28232863765856075489
                 -0.19806102538838904481
                 -0.06891144218063673110
                 -0.16412939687669589328
                 -0.10337875915823881157
                 -0.18560536154134291142
                 -0.10314225258831752341
                  0.35125592177161357732
                  0.24201817597901947865
                  0.39788699243854575016
                  0.01614276294177174886
                 -0.23575887335122552857
                 -0.11278618574605978053
                  0.16150139906606567064
                  0.01782184037482997113
                 -0.03813632695709823217
                 -0.04187342704959431255
                 -0.20777578071932406578
                 -0.03592144624014678711
                 -0.05188673984460109856
                 -0.29146753826977911395
                  0.38647940049884405012
                 -0.20854588131706769394
                 -0.21401383889770334013
                  0.47968651747482565773
                  0.09019773475233371085
                 -0.21814902467500690841
                 -0.13261822607618084513
                 -0.13160343702386392839
                  0.38480614488811215601
                 -0.29626763579641485213
                 -0.24235117008607956479
                 -0.03247176274239516741
                  0.10853443617768146479
                 -0.51273655297074838266
                 -0.26780226561596431889
                 -0.34301532471933865454
                  0.22684816664548765330
                  0.39109183675023728721
                  0.30142922769769275870
                 -0.03251564953459830376
                 -0.57846562169816306831
                 -0.17768758059021480533
                 -0.22851446844321690599
                 -0.16252620798815589631
                  0.30324157944451995972
                 -0.09510127551957291148
                  0.32396720951418789269
                 -0.05230321333037325077
                  0.29051848325348211821
                  0.00587090270460478587
                  0.55178729583224028765
                 -0.01994333334322280493
                 -0.23682459771440853014
                  0.39477525370272520400
                  0.32834485509760530375
                 -0.46312764581441129286
                  0.38918254923617245922
                  0.18934724959117604781
                 -0.06796431283377485366
                  0.00591473926604480209
                  0.85830826300407236928
                  0.52409787000265817269
                 -0.13337628438624485328
                  0.38168566584866314706
                 -0.32788299963853079211
                  0.04704870792433114152
                 -0.14164797994627353894
                 -0.25814428525633764666
                  0.21273234848691377485
                  0.67347801136125318155
                  0.20088754582707613050
                  0.05834328075203423086
                  0.02632118831181653670
                 -0.03009020523128051391
                 -0.21625822034625535872
                 -0.36592288927170990576
                 -0.55042268766077029341
                  0.01459288107528884312
                  0.25774521917065473797
                 -0.06839648527879940709
                 -0.06390687902002156751
                 -0.29022791842620737635
                 -0.19122453530077676565
                 -0.05978992506171419002
                  0.18383794036062720001
                 -0.43613066620258755801
                 -0.07775056534410676456
                 -0.11686459417627620416
                  0.28384701958912156305
                 -0.16454787382804136886
                  0.00754670197908983639
                 -0.06048011593165994459
                  0.03744292181460376345
                 -0.36372830396190281022
                  0.18015526964312117419
                 -0.22321831510479880900
                  0.33097709962849530818
                  0.19038270496504369755
                 -0.11536217131560830285
                 -0.43502666154729913162
                  0.29634246806114372674
                  0.37682377812210604562
                  0.28240085660089270236
                 -0.19441539392670351138
                 -0.24961532423904239653
                  0.22656846852758663613
                  0.15814103552660568885
                 -0.17584254568008442221
                  0.20962635237104373931
                 -0.13420429895808935750
                 -0.10984918907997782977
                  0.03504798027371079649
                  0.31065862356708712211
                 -0.00360536532209448490
                 -0.09640628315550917038
                  0.08850759953412716541
                  0.21531054903684634927
                  0.31464744280508843977
                  0.33592980334739680481
                  0.36592946436253698250
                 -0.31742501026827363297
                 -0.38110994016110033566
                 -0.10951896324341095501
                  0.31156264077367940013
                  0.00087814046150908650
                 -0.30055874432162399401
                  0.00370095563132813877
                  0.34884868970574872682
                 -0.00077785390426714826
                  0.29201475438903190529
                 -0.34224860165602766227
                  0.11046297999223830821
                 -0.14673349012958586401
                 -0.05089675024690597238
                 -0.23512521960504717544
                 -0.14910921935912554992
                  0.31403987871950378441
                  0.56915806735081952983
                  0.32936736827901164082
                  0.13304035682669626550
                  0.15622856616250593853
                 -0.21979230057849086233
                 -0.28241304798828853473
                  0.28868797418293262735
                 -0.08046738790343301029
                 -0.04105099585683907870
                 -0.26647996163211573606
                 -0.34174470309545468272
                  0.04247455899005413149
                 -0.21243628791148511104
                  0.30586185348763444969
                 -0.20970704464936434919
                  0.18401347664518691305
                  0.16467279081619481951
                 -0.33223681884896943961
                  0.11712795098268820315
                 -0.19886697608210998633
                 -0.44623142131510951103
                 -0.41412113233501651743
                 -0.22600044012053219222
                  0.09976395797632783835
                 -0.22580860039281816509
                 -0.13894759384725458018
                  0.21646375684424151720
                  0.05827902665143067096
                  0.02966205756670498711
                  0.28858825736381377158
                 -0.08587536844273678527
                 -0.05338888355230986954
                 -0.25576448768696208314
                 -0.03281371676783764041
                 -0.19269393124317471533
                 -0.01839322963335269720
                 -0.20260856947997510358
                 -0.06270671487487632090
                 -0.07827806337586665220
                 -0.12396626612622503594
                 -0.31978601238626958025
                  0.39587325144359830631
                 -0.02575852018667656312
                  0.45134320331298266593
                  0.30447421925391188191
                  0.37672338354168249941
                 -0.23346875003090275524
                  0.37365283580574959466
                  0.14948289860162616849
                 -0.43862231965727815908
                  0.02261444589436216110
                  0.16309800486370062966
                  0.03348273440147698371
                 -0.07069595295031046167
                  0.11151491594536552809
                  0.08660809843806771546
                  0.30616910047337431156
                  0.11521725749698319419
                  0.11606705332596396751
                 -0.40542761835962259909
                  0.41787948039461081384
                 -0.12146676109845136460
                  0.05655026475076018605
                 -0.47583899262989531875
                  0.11949145744028766281
                 -0.14241419567724111772
                  0.24636325067723979787
                 -0.01879579592675482622
                 -0.02414373274481606060
                 -0.04683571033896324204
                  0.34420263597415862167
                  0.30153432537231145139
                  0.22427081036823087734
                 -0.14694296505531512231
                 -0.36001702654597123043
                 -0.23656586613213670400
                 -0.21416225225871887705
                  0.06623723494775209109
                  0.15816314163726261088
                  0.11136798535190627069
                  0.08477275662780055232
                  0.15662164906907277695
                  0.29575753682341643369
                  0.01556455741758722838
                 -0.26458454971622430429
                 -0.14675667732634953278
                  0.41336669781424600911
                 -0.10909516240761982231
                 -0.25218234254201432609
                  0.16520166680410952598
                  0.15082771332285671573
                 -0.23907286965379673238
                  0.23439472122570106927
                 -0.28715116523326128517
                  0.09976420990983680959
                 -0.17605985419422554017
                  0.24352083766448834323
                  0.07768008473294207850
                 -0.25217522489921301299
                  0.55680002206350287519
                 -0.32182713875225055222
                  0.03229972088372658201
                 -0.13813746679218222302
                  0.12801035231672899806
                 -0.09184054796236042206
                  0.06284265509095224300
                 -0.28303297401143778789
                 -0.10693867432390466443
                  0.10385547530670906358
                 -0.53036617720898127093
                  0.20783782686209165136
                 -0.13751415591014268247
                  0.14697906219719900078
                  0.62472973527211783651
                  0.30870550481940800536
                 -0.35217411000421511291
                 -0.31556212181952325579
                 -0.17581557890350474338
                 -0.22387582924997773137
                 -0.12838965198425722480
                  0.21464731060802089146
                 -0.26086792178223139338
                  0.20914031478935726782
                 -0.08359884129967101729
                  0.06051976497853818471
                  0.59782282151827581540
                 -0.16705159788379037034
                 -0.30712234383051556508
                  0.21402227097602008477
                  0.53010290693686834551
                  0.01886506576105502833
                 -0.61913283624190995624
                 -0.29362316359548423783
                  0.02933536809767348444
                 -0.30914252480697806957
                 -0.50998489210058106647
                 -0.20645350526540034997
                  0.29720300585168590857
                  0.00599905434475850666
                 -0.18299844636267165177
                  0.44418054473588752806
                 -0.19708445905725369141
                 -0.26828211861678941119
                 -0.16620043555725197426
                  0.71540598316824710601
                  0.40879536418222728322
                 -0.25984885909779031898
                  0.43164011946563329847
                 -0.14304604728905764843
                  0.25553659792609800805
                 -0.07558052103191470472
                  0.35604544851153530072
                  0.10010482665989223205
                  0.20558721972791360599
                 -0.23430048364999186972
                  0.25715198566748531661
                  0.25372939938138855398
                 -0.28588320574028752707
                 -0.26965421013040447029
                 -0.13383775203127337705
                  0.13360857968322056855
                  0.45113109429849984622
                 -0.05978199778435654838
                  1.08829644814016979204
                 -0.09403109344549076543
                 -0.12352522900315783538
                 -0.25949135933865380421
                  0.16166078583327578300
                 -0.66878120528741769046
                  0.05237081885684882754
                  0.08704247247714545777
                  0.29274694860503203131
                  0.63946548754524812352
                  0.15192069913060568531
                  0.04699947656492912962
                 -0.27888757220394627678
                  0.19572218626378296014
                 -0.37131728025164284501
                  0.15910392144683727089
                 -0.08155788188739494793
                  0.14942205332971833509
                  0.11847615237622328987
                  0.18569264507154542576
                 -0.32596376468633692092
                 -0.39469263406181553933
                 -0.27703332777256323149
                 -0.03181258378012492144
                  0.34778602701425787025
                  0.14411346300644778395
                  0.15022515924907067775
                  0.16123874387984726830
                  0.42374324792424045150
                 -0.18436886804515129068
                 -0.13421861163855275390
                 -0.28049081864358355043
                 -0.01070364548759927467
                  0.19477263167530886601
                 -0.34896850728405875985
                 -0.11233362636676452739
                  0.13763497360336787723
                 -0.07091999885667482628
                  0.05908327732596924120
                 -0.00857841420355387116
                 -0.24837984257775702623
                  0.09549420927427057504
                 -0.03651968712195886868
                 -0.08840775350530591381
                 -0.03187291417844700936
                 -0.42872069772046583758
                 -0.30477086610561204827
                 -0.32702154433683666701
                 -0.19719572741773166991
                 -0.01945569084787681854
                  0.20451175895899839641
                 -0.07417861815320202223
                 -0.34690662452628884260
                  0.05525063098148644963
                  0.25244371329814307980
                  0.32202337421502907899
                 -0.17599019878660321359
                 -0.02811424993024190175
                  0.31002971687551333924
                  0.16953381843186698941
                  0.04356104037196905504
                  0.25184050501497851071
                 -0.20723881434949004143
                 -0.07090088650879426690
                 -0.32687516581542530592
                 -0.37006287661386683130
                  0.40236100788596945721
                 -0.21797164908785965354
                 -0.09300372650003276009
                 -0.12542283686628777351
                 -0.06104679237436426431
                  0.23210479835408948102
                 -0.25706510892539058410
                 -0.02206965716753047160
                  0.13024425567156833194
                  0.42533931946875125352
                  0.18521495360463549607
                  0.04949164935695197359
                 -0.01744444100289460273
                 -0.09052700965103220587
                 -0.31224082240892458984
                 -0.19443898319475549918
                 -0.12734321698359993280
                 -0.02748711443174967073
                 -0.21733353932615079307
                 -0.36779440689863929226
                  0.27255612607335161224
                 -0.08232670583761127203
                 -0.11242035809716503791
                  0.20116743039637077772
                 -0.02186980364070484004
                 -0.26419083903714546402
                  0.07748517597867581042
                 -0.22687953784109557431
                 -0.01103544122097662589
                  0.04441551567243532533
                  0.19522650174467343076
                  0.21741055090266853123
                  0.00206141601731569049
                  0.01131508108313699669
                  0.07370704340728762016
                 -0.06999214460726752018
                  0.06821985596805736629
                 -0.17947140992166493723
                 -0.21846316885025138244
                 -0.16501021430253734468
                  0.10566950895037600933
                 -0.30299769548973859434
                  0.07501257562520709243
                  0.33801958769287199225
                  0.42451682639854426693
                  0.49782553716314137393
                 -0.40297077395993763371
                 -0.11073989118160343370
                 -0.38957399734435615990
                 -0.07682339957714441614
                 -0.19944541837024551412
                 -0.07317950394420955074
                  0.10512777113354430936
                 -0.06350632827758706522
                  0.27837248405213327329
                  0.44578916716851446633
                 -0.24901464547384671855
                 -0.26574462698587314469
                 -0.00688542178562027984
                  0.09465957780290490398
                  0.08241047416518096358
                  0.14543990733832801165
                 -0.17805257505356894554
                 -0.13526713726542549665
                 -0.13179237241107660816
                  0.09641250422035103906
                  0.22206049934404270552
                  0.31657373906091562654
                  0.16667292276979006616
                  0.02513710432502510098
                 -0.00890543064241845414
                  0.09965734023358396865
                 -0.11126628253831966076
                  0.04756165835801692832
                 -0.11195116658042582325
                 -0.32406290538564025416
                  0.10988721636587442387
                  0.17849847534424134743
                  0.45022617782558915778
                 -0.24692503514129759967
                 -0.51366587605316527121
                 -0.21385718170768971969
                 -0.23233084543351867346
                  0.22562942686811493509
                  0.13182857911283030194
                  0.09106824761916235134
                  0.32044497301306612558
                 -0.05287374991494901699
                  0.00219043533897210225
                 -0.40516760293077197508
                 -0.19418622827199072400
                  0.30936869104892306126
                 -0.19782285083632397682
                  0.01788739454722107491
                  0.30940636189542475298
                  0.24850389442405976248
                 -0.16875855023484781503
                 -0.17743440960506301485
                 -0.22133639496329629570
                 -0.28508056193225123076
                  0.22314236596456082928
                 -0.19578133290645394204
                  0.00085666419665981607
                  0.17144026377225296542
                  0.20421044509889690888
                 -0.04104512658238861078
                  0.02849062761948564088
                 -0.37576295841752904714
                  0.04546579443106724822
                  0.12436702122773377055
                  0.19834790852973552266
                 -0.16704309690124147236
                  0.26117296652963345460
                  0.25881406089232827927
                 -0.06260196462433202658
                 -0.06405134202557809242
                  0.13302027112108058549
                  0.06329572582507828060
                 -0.01380991531907409080
                 -0.10156361875635409875
                  0.05649162039435388916
                  0.29648893771433149080
                  0.20448496312810282571
                  0.16761313749512080085
                  0.16992511474080246314
                  0.22460347606932523634
                  0.04697490802607325044
                 -0.23572322273170329132
                  0.38173913028812250792
                  0.17869207774893111629
                 -0.23914147032405180804
                  0.74807585606707227566
                 -0.07570861638331656540
                 -0.92713763249958969226
                 -0.33940441054773567986
                 -0.41912220909269159996
                 -0.37823429898877214406
                 -0.74821170093121669442
                 -0.38241194374497261554
                  0.24966896458075776843
                  0.52051808106976316104
                 -0.53267731247242866566
                  0.13548778335573288811
                  0.74387915078217348164
                  0.41686181494096224975
                  0.51682188302288556425
                 -0.63082593333663972146
                  0.47259264677553886047
                 -0.46962877308793349318
                  0.22458199972733780547
                  0.21366238435069126456
                  0.29137157990386552964
                  0.58804621368009390991
                 -0.14596203856501296925
                 -0.50966753978797463276
                 -0.55922557661136285123
                 -0.07338255760763294500
                 -0.20836726505458602610
                 -0.78333959071269054775
                 -0.40567519552932612692
                  0.51854789548591784243
                 -0.79939965626026399104
                  0.53406299252380551312
                  0.58649861817156423438
                  0.31764194464568878962
                  0.27769377003242995405
                  0.49068304391906847339
                  0.17436976316256075359
                 -0.58004904392682410386
                  0.00528964437970310276
                 -0.27427001752517315980
                 -0.68809854768387890278
                 -0.30248870082933576597
                  0.54960351103702242970
                 -0.13130813907637159388
                  0.40485159373934359595
                  0.27316009984827022139
                  0.31480717510589811825
                 -0.67749392628216964507
                  0.28931953791762060613
                 -0.79659933774704039244
                  0.47302673853294319173
                  0.10170298688534944176
                  0.36589430048197552070
                  0.14468435087731426614
                  0.13771376322082770627
                  0.09766666373398362466
                 -0.39905229476345116524
                 -0.34755712178647435451
                 -0.04829577818218648566
                  0.94217395616448151863
                  0.44501807340505511457
                  0.39557849576897730071
                 -0.12338823681557582745
                  0.45089544698419431468
                  0.73760740737734731276
                  0.60598168877450597769
                 -0.30385232176247772840
                  0.30665577521239090197
                 -0.23670119591843813422
                  0.00330831471478438763
                 -0.05322348794976582143
                 -0.01939944172914137913
                  0.49156439719397265753
                  0.34085894533544675022
                 -0.10795381832441007519
                  0.79319559125082439444
                  0.09317792412445910499
                 -0.30402470498634298623
                 -0.06816204998082656119
                 -0.48926830015837519117
                  0.30726004923797045620
                 -0.85025456056818604633
                 -0.11595414033003356713
                  0.74528868901541112102
                  0.14549364294877187298
                 -0.71344599614554271572
                  0.15786659168979480516
                 -0.52353461875320794761
                 -0.29777068539848228212
                 -0.74942091032966062780
                 -0.65447274878701400258
                  0.95206038018101823983
                 -0.76435108601942547413
                 -0.42190625597086001131
                 -0.23839166017194504676
                 -0.81568613741156803520
                 -0.11338005218292727949
                 -0.22045573068589957577
                 -0.24441592339512405174
                 -0.58066820811264296953
                  0.19464582226821611211
                  0.64912616904107012239
                 -0.80096657991931741183
                  0.26705662244797162552
                 -0.09926241551515148365
                  0.37363797509626250903
                 -0.08795739546192775371
                  0.55529447734431214290
                  0.06717475920142376711
                 -0.12917184506142659339
                 -0.01775379223773473555
                  1.09637589129464285698
                 -0.14875832028335458923
                 -0.78894403106120758462
                  0.40752566735844047985
                 -0.36901212256091614483
                  0.15419249963359826783
                 -0.53293843818893227304
                  0.58593537029204612043
                 -0.14569199816451328111
                 -0.58344625198890931461
                 -0.59025833908083125134
                 -0.44795875760744791050
                  0.20267315728120685603
                  0.38498388708139696934
                  0.84330046301739480796
                 -0.83190173167928727072
                  0.71411694104329859201
                 -0.31957796014764033865
                  0.26967005278730954432
                  0.75320276369765370994
                  0.01180610064821320700
                  0.62274552955375350738
                  0.47881514947767256363
                 -0.76713648833277758854
                  0.05578691103163727072
                  0.96190959960241384508
                  0.53209279867629022398
                  0.21014943911446160030
                  0.20312721768219013652
                 -0.26374853278959337066
                 -0.16757139012652361165
                  0.11728538515087966188
                 -0.41471906481284875889
                 -0.63358100407194917203
                 -0.26318780850221085155
                  0.60944880387689681633
                 -0.16221599477811063372
                  0.50516111970034571765
                 -0.53292436543655030690
                  0.51352877280420095030
                 -0.67072106671824061053
                 -0.61615074633471256238
                  0.53996616912179995484
                  0.41218489630535115609
                 -0.56156482586222444819
                  0.15723242473247880935
                 -0.43299343041244303665
                  0.45733312019970462359
                  0.55667654494532714526
                  0.39649115932069750601
                  0.47154849696178691154
                 -0.54972659704635984390
                  0.33512904158856804404
                  0.65154038766326227705
                  0.46292398233060522150
                  0.24011439182331606457
                  1.04234727474230970401
                 -0.40937471992875601456
                 -0.71814497731297166627
                 -0.97488468570405240055
                  0.21343828574756720795
                 -1.67909306061624752360
                  0.06585433682831627611
                 -0.28743853546540992783
                 -0.18537970248210386415
                 -0.48960445283413311923
                 -0.11969552655600654290
                 -0.16065291261572808845
                 -0.74796848863637488414
                  0.28742306850202020696
                  0.26368527749400055837
                  0.46833899082060936880
                 -0.15369611377553099585
                 -1.10623736563330332672
                  0.32845256506308040390
                 -0.89621991085235197527
                  0.27308075369461359827
                  0.68866193465931946349
                  0.65767570160019439562
                 -0.04857128938381517769
                 -0.56621604864896046827
                 -0.48367222535646181569
                  0.40903527402120276601
                  0.13050824282933837228
                  0.52842146277990575953
                 -0.07958988649102734236
                  0.73397955923936597511
                  0.07288627160829552754
                  0.61815480070177031280
                  0.44684742162128376908
                  0.38107038203054544034
                 -0.59007900476095587194
                  0.47864600463361456351
                 -0.06514806884938023623
                  0.37707056974331953914
                 -0.51535749716782208729
                 -0.60949788792042447483
                 -0.54890927747132245429
                  0.34141301046122790597
                  0.18494337740772559542
                  0.66950498257841206673
                 -0.24440816037409637818
                  0.38555675429494296047
                  0.40532223038097775492
                 -0.10425640653256661172
                  0.68310107275759757162
                 -0.53935614243244756061
                  0.07768472891010165526
                 -0.34934559401133397083
                  0.07713051336171147798
                  1.14496215683748459035
                  0.34222501776493807757
                  0.63833542577272239793
                  0.52821608107174422564
                 -0.38067641059233753298
                  1.08836398416745039341
                 -1.05103368775120142864
                  0.44801122345141219938
                 -0.74135030205366758693
                  1.45790378669268849698
                 -1.33709581895998064205
                  1.37294610348192591687
                 -1.06994331770464445874
                  0.69688615715999513434
                  0.02173332662351450117
