    -0.00103343     0.00007799    -0.00111142
    -0.00747023    -0.01888272     0.01141248
    -0.00563668    -0.00455153    -0.00108515
    -0.00095749    -0.00050390    -0.00045359
    -0.00051163    -0.00083451     0.00032288
     0.02273479     0.02293733    -0.00020255
     0.02194552     0.02420649    -0.00226097
    -0.02411051    -0.02658330     0.00247279
    -0.01091158    -0.01259288     0.00168131
    -0.00047024    -0.00092009     0.00044985
     0.01570511     0.01725400    -0.00154889
    -0.02315901    -0.00345559    -0.01970343
    -0.03150341    -0.02350803    -0.00799538
    -0.00047141    -0.00105318     0.00058176
    -0.01143482    -0.01410036     0.00266553
    -0.00247240    -0.00053298    -0.00193942
    -0.01208986    -0.01558036     0.00349050
    -0.01363641    -0.01105252    -0.00258390
     0.02277601     0.01925846     0.00351755
     0.00002977     0.00069442    -0.00066465
     0.01393147     0.01653782    -0.00260635
    -0.00030360     0.00135361    -0.00165721
     0.00007391     0.00141430    -0.00134039
     0.00893285     0.01083500    -0.00190215
     0.02382433     0.01847875     0.00534558
     0.01333850     0.01214468     0.00119382
     0.01761858     0.01690067     0.00071792
    -0.04233945    -0.02673034    -0.01560911
     0.01439341     0.01406678     0.00032663
     0.02824735     0.02876285    -0.00051550
    -0.00027677    -0.00076951     0.00049274
     0.00283834    -0.00003572     0.00287406
    -0.00417689    -0.00487461     0.00069772
     0.02639518     0.02688929    -0.00049411
    -0.00053179    -0.00067923     0.00014744
    -0.01616269    -0.01410870    -0.00205399
    -0.00479927    -0.00250153    -0.00229775
    -0.00048191    -0.00109608     0.00061416
    -0.02854991    -0.02903477     0.00048486
     0.01998067     0.02130892    -0.00132825
     0.01113640     0.00410615     0.00703025
    -0.00666434    -0.00624522    -0.00041912
    -0.00051879     0.00022081    -0.00073960
    -0.01757262    -0.02120501     0.00363239
     0.02201864     0.02085733     0.00116131
    -0.00047721    -0.00077025     0.00029304
    -0.02422047    -0.02672243     0.00250196
     0.01964436     0.02331687    -0.00367251
     0.00225008     0.00566278    -0.00341270
     0.03225586     0.02490992     0.00734594
     0.02913561     0.02879615     0.00033946
    -0.01619056    -0.01654968     0.00035912
    -0.00200548    -0.00298014     0.00097466
    -0.00045595    -0.00080288     0.00034693
     0.01208009     0.01580872    -0.00372864
    -0.00896974    -0.01550186     0.00653212
     0.02620465     0.02508309     0.00112156
    -0.00098935    -0.00004577    -0.00094358
    -0.00859779     0.00205848    -0.01065627
     0.03272107     0.03061066     0.00211040
    -0.03343134    -0.03105177    -0.00237956
     0.02419492     0.02213440     0.00206053
     0.00007391     0.00141430    -0.00134039
    -0.00065571     0.00237581    -0.00303152
     0.01074531     0.00915526     0.00159006
    -0.00058205    -0.00008859    -0.00049346
    -0.00084671     0.00027491    -0.00112162
    -0.03750039    -0.03455351    -0.00294688
     0.01409792     0.01453685    -0.00043893
    -0.02057867    -0.00693765    -0.01364101
     0.02537503     0.02042343     0.00495159
    -0.00045296    -0.00107008     0.00061712
    -0.01578070    -0.02164475     0.00586405
     0.01248524     0.01630984    -0.00382461
    -0.00284914    -0.00377061     0.00092147
    -0.00600493    -0.00414871    -0.00185622
    -0.00050039    -0.00039476    -0.00010563
    -0.00059745     0.00006276    -0.00066021
    -0.00019290     0.00156279    -0.00175569
     0.03147427     0.02999378     0.00148049
     0.00795645     0.00915931    -0.00120287
    -0.00189810    -0.00627818     0.00438008
     0.03498712     0.02863808     0.00634905
     0.02151101     0.02368408    -0.00217307
     0.01645249     0.01571808     0.00073441
     0.02972218     0.02204532     0.00767686
    -0.00037407     0.00055216    -0.00092624
    -0.00654121    -0.01839433     0.01185312
    -0.00045661    -0.00113230     0.00067569
     0.02942996     0.02965110    -0.00022114
    -0.00057990    -0.00071189     0.00013199
    -0.00422854    -0.00330163    -0.00092691
     0.00193402     0.00070207     0.00123196
     0.00932221     0.00770409     0.00161812
    -0.01980126    -0.02177859     0.00197733
     0.02062277     0.02366559    -0.00304281
    -0.00179149     0.00117664    -0.00296813
    -0.00602283    -0.01565321     0.00963037
    -0.00168770     0.00107242    -0.00276012
     0.01996570     0.01995925     0.00000646
     0.00445157     0.00461693     0.00176462     0.00308656     0.01970343
