49	2	1
15	15	
1	1006
  0.0509849176755110	  0.1347083427327912	  0.0990346470846311	  0.0884894995957294	  0.0117280658603007	  0.0090713113815392	  0.0402164343074136	  0.0526651000903969	  0.0372143147152041	  0.0526667738673440	  0.0127765962603333	  0.0349449139509635	  0.0768519245525230	  0.0051989238707248	  0.0215461437688581	  0.0744512562921099	  0.0426754876723493	  0.0007897724340237	  0.0045851633958909	  0.0079642700953389	  0.0045853091193522	  0.0070930887234533	  0.0205903913657787	  0.0029067998333590	  0.0022483235280475	  0.0101251196010524	  0.0139687479760860	  0.0177688492114597	  0.0139810357102885	  0.0010210765270091	  0.0017686151807916	  0.0024439626819638	  0.0040818040002138	  0.0082370974927155	  0.0082371254938503	  0.0159419360315471	  0.0205897877688264	  0.0422028000713560	  0.0205910965375247	  0.0012967723897481	  0.0047254985808384	  0.0355373440919335	  0.0034185379165549	  0.0097496335920266	  0.0348741187248468	  0.0005301334218055	  0.0042037414896802	  0.0422225081144981	  0.0161286138380750	  0.0630667822639864
  0.0509849197346254	  0.1347083467810807	  0.7516555574499668	  0.2411330602349169	  0.0117280658603007	  0.0090713113815392	  0.0402164358862376	  0.0526651016424080	  0.1436916676930239	  0.0526667754193551	  0.0127765967126398	  0.0349449148402136	  0.1869368026280068	  0.0051989238707248	  0.0215461437688581	  0.2874106029825498	  0.0659755442769587	  0.0007897724340237	  0.0045851633958909	  0.0079642703979793	  0.0045853091193522	  0.0070930887234533	  0.0205903919607803	  0.0029067998333590	  0.0022483235280475	  0.0101251199478579	  0.0139687483170019	  0.0357295768470512	  0.0139810360512043	  0.0010210765270091	  0.0017686151807916	  0.0024439626819638	  0.0040818040002138	  0.0082370974927155	  0.0082371254938503	  0.0159419366368280	  0.0205897883638279	  0.1116921471050319	  0.0205910971325262	  0.0012967723897481	  0.0047254985808384	  0.0714595821678298	  0.0034185380159089	  0.0097496337873599	  0.0520765967828675	  0.0005301334218055	  0.0042037414896802	  0.1117148837887441	  0.0196852174412972	 -0.0056117905800538
                  0.20673070343947377858
                 -0.13714104111801045383
                 -0.27686438159197968023
                  0.10597830506423017161
                  0.02927797359274621897
                 -0.15020223734433899021
                  0.04093883852174034360
                 -0.29785567126079126599
                 -0.56699744894625336844
                 -0.04405119696682636282
                 -0.12404411749404237186
                 -0.38650187250056888821
                 -0.30008250971436434273
                 -0.23009263755920411620
                 -0.08696037896096341091
                  0.20363697747345799183
                  0.20543886038183184484
                 -0.21475171940827977868
                 -0.13220350920234466563
                 -0.08994627958911143029
                  0.14244067995879883259
                  0.32317880416973249202
                 -0.22442154209812742449
                 -0.21607058505288531669
                 -0.17143790638591990816
                  0.28058280256733947322
                  0.23419550811709125004
                 -0.00151858067172596940
                 -0.43735384971600232973
                 -0.30851182379767172481
                 -0.00873792394037567824
                  0.23371038289809456523
                  0.21969236276738812741
                  0.15855777400677523170
                  0.15664965327253294047
                  0.11382494087438302377
                  0.10938816943909830670
                 -0.21038705304402088858
                  0.16015300372888341407
                  0.26812471857187825108
                 -0.03781234424827876334
                  0.12590453050983851924
                 -0.05119426616412660336
                  0.20505008816643130465
                  0.17763259410969978180
                  0.25000089285101922965
                 -0.04301284506392373530
                  0.17812024737149148579
                 -0.07121156733684665119
                  0.34106389856204594180
                 -0.15362504974496216104
                  0.05428309417329512526
                  0.16519142643170400819
                  0.25599869610483366733
                 -0.04960239070696101371
                  0.22024630623048513378
                 -0.39757336609451959797
                 -0.17485646912182847834
                  0.24386979938034872295
                 -0.03857253139952541293
                 -0.26532672782103816633
                 -0.08231010690179384193
                  0.47065989198653707115
                 -0.19323833820157274022
                 -0.05012857245475142720
                 -0.11277123174508257852
                 -0.08447906598663515454
                  0.30549646648043760067
                 -0.01759381379562388950
                  0.30506864603918876222
                 -0.10564672694907510653
                  0.15399125049288883704
                  0.07008638363162596197
                  0.05878200698403406033
                 -0.37254354697152236575
                 -0.13197476492640455858
                  0.16218750312406099434
                  0.20790117114197317894
                 -0.06609137874609895269
                 -0.02424973918109493351
                 -0.03186974597196201575
                 -0.19592995153207076742
                  0.17928398099340484007
                 -0.16652191090361875836
                  0.33176165058381718032
                 -0.18603600533800793149
                  0.18591263959900239389
                  0.19215724571787765051
                  0.13785861001690838390
                 -0.19249950049594258261
                 -0.34420013725208853383
                  0.07013002651620887928
                  0.29693610695503458441
                  0.09191138031769499617
                 -0.06172646921021680833
                  0.14382091964919380134
                 -0.14430833369043266634
                  0.30685078311672542295
                 -0.03709368919843969437
                 -0.33850936300360467968
                  0.22896913790901696206
                 -0.06567758413018211228
                 -0.45226397699487502768
                 -0.13297542365953876620
                  0.00924620247525798251
                  0.44958840329971766492
                  0.14788636539990518415
                 -0.08588961618065284187
                  0.10007467953789804527
                 -0.13283289708053763745
                  0.19100316346226514641
                  0.31901486490663100160
                  0.11087749185618578363
                 -0.01489687618170084348
                  0.05369541944628102720
                 -0.11453486992734526750
                  0.30865729268535802010
                  0.03796754082663893193
                 -0.02058598876304860298
                 -0.42059064163113074608
                 -0.30252697874641493181
                 -0.35813138189283949542
                 -0.00224881134536060370
                 -0.13005562626085639955
                 -0.29500045836850552483
                 -0.02243073167586036656
                 -0.15061983792422692363
                 -0.40047119452885648894
                  0.20204004220398938396
                 -0.32733614056524307223
                  0.06359905559512905870
                  0.44161336115534965963
                  0.45969502448883398094
                  0.28388270760487344102
                  0.02580980962227196265
                 -0.21191301759370920199
                 -0.39125059299100117816
                 -0.10331972362310067048
                  0.08070235282816085043
                  0.31823142291376338431
                  0.24934655649701170654
                 -0.00472279984039325647
                 -0.05591426171132977962
                  0.09707082329837357637
                  0.56045779916370375151
                 -0.31139375288671972131
                  0.00085407039144985361
                 -0.05073330417606902731
                  0.10534667725571555952
                  0.17705054790588969915
                  0.34112567848196068132
                  0.23461877062881569822
                 -0.10059726750142243545
                 -0.31864922729481670594
                  0.14347153674864615569
                 -0.23462239244914936953
                 -0.23051295088317247384
                 -0.20187706003399563670
                 -0.15226537336116674481
                  0.25233333606098001800
                  0.35829579965226326932
                 -0.08582528431692588999
                  0.11331699363970368366
                  0.34468330014556020080
                  0.06931998906112286918
                  0.34386316957353119106
                 -0.27909432934672562254
                 -0.34955818613943201445
                 -0.32287312377991755907
                 -0.13471745509239085870
                  0.03334067963448751615
                 -0.20232689956868429859
                  0.13954396838324761854
                 -0.15889140802315279699
                 -0.16278080625199556342
                 -0.31712457962706830372
                 -0.16534746039444417343
                  0.28008505002833228303
                 -0.09725291789906399809
                 -0.10890870305416176789
                 -0.21610280272315199324
                 -0.07697580225105087048
                  0.28416007129211695581
                  0.11766198021319412836
                 -0.28152870215939840293
                  0.01965236088671249923
                  0.32524171920117184165
                 -0.19442599830878509737
                  0.07172943160365172210
                 -0.16659314793647014841
                  0.03474640843125231804
                 -0.02541917197536353729
                  0.23649425820157055078
                  0.00051118140859449795
                  0.31504089615535818547
                 -0.22781225975595237321
                  0.33512647683027108059
                  0.27758119777807638284
                 -0.18316591082515287781
                  0.10121773946273088240
                 -0.53765948030814136871
                  0.06945842809531219131
                  0.34164810997134892334
                 -0.02466362173541591235
                  0.10312205823855645492
                 -0.00238801995346516957
                  0.46781662808598617476
                 -0.20614866948707658012
                  0.26017068153228711802
                  0.04846623193517503314
                 -0.56369372507202819556
                 -0.18473771810315550712
                  0.05846684544717317689
                  0.07518955472835858744
                 -0.27442961633627066531
                  0.24639902876111474672
                 -0.37363444336059264961
                  0.13416519033497642521
                 -0.04923527095293406264
                 -0.43803152908028092360
                 -0.13216789802537309839
                 -0.21494980253264120429
                 -0.01056206297299835256
                  0.28433508823232855889
                  0.24597695933466420803
                  0.27343717169826048385
                  0.04615317192328412255
                  0.26399680038031569929
                 -0.33837727866099243101
                 -0.05090728465394293162
                 -0.22455800217818802644
                  0.18682483020208481839
                 -0.12749915141709275423
                 -0.11787937700699475940
                  0.10888931509318695856
                 -0.10704907131766458472
                 -0.31519254243873234822
                 -0.07420318513457599408
                  0.06076158441020441947
                 -0.20417501020826669955
                 -0.14952708336764625185
                  0.11298035240381866517
                  0.50023827046302971056
                  0.11782857069975979925
                 -0.18640307707432982043
                  0.14205072338423860301
                  0.11424124727859374939
                 -0.21707089725556472093
                 -0.55596477962236734438
                 -0.19461153487594401446
                  0.08099168508182671977
                  0.26442822577823255070
                 -0.31968999220455451837
                  0.61218679609384973883
                  0.12430070332048478998
                  0.17824550739762037854
                  0.26060921530140879199
                 -0.58000001936836187433
                 -0.00903770644607522315
                 -0.31651493650205619890
                  0.11349762293794329882
                  0.09296507636929128571
                 -0.01613323475725787770
                 -0.02667841493600685288
                 -0.19471104999753383047
                  0.03114850480517068060
                  0.31732079280415986799
                  0.01942325657890500365
                  0.07289472007942046639
                  0.49622833265465837727
                  0.46820907328243993595
                 -0.33112800428197547431
                 -0.48237193452703747143
                  0.06381070282999409815
                 -0.29562003343832715663
                 -0.35503674512603639046
                  0.03705504750588709678
                  0.02249139212802134941
                  0.20232853923380353378
                  0.07956300577597395784
                 -0.35385484750312851121
                  0.06126104713076505059
                  0.68110739044429224887
                 -0.24940842945294636190
                  0.05276200127351786395
                 -0.11810364937810968744
                 -0.18633686787802092311
                  0.34977107180321076463
                  0.06059892354136865028
                 -0.02049824941808422660
                 -0.12202173159074738984
                  0.37237992620315135683
                 -0.33160391265992411602
                  0.19475380649467871619
                 -0.00309128997385339560
                 -0.24849767966449981538
                 -0.10604486820570110939
                  0.05342241076794582849
                  0.15453782427447720904
                 -0.21632443780346416462
                  0.05952386542389231233
                 -0.26840066691556119238
                 -0.22135341158042004528
                  0.34101148656471275133
                  0.34819427710675732168
                  0.12054905285734843212
                  0.09438316726945358837
                 -0.27988330789691978628
                 -0.05438337056529596314
                  0.14314467301926148135
                  0.14042975350078917840
                 -0.05821069700460754920
                 -0.04897635721961932781
                  0.14466028635852393180
                  0.11190119663286603180
                 -0.17147364673752427122
                 -0.44780733434317182562
                  0.14988539365033279327
                  0.12818182866264302144
                  0.03476469552983654787
                  0.33700352995507726339
                  0.19097691232054880839
                 -0.27505910922727472290
                 -0.23907208942069663182
                 -0.21209417484907422402
                  0.04442431960887696651
                 -0.32914449272656925993
                  0.43450761996241971108
                  0.16052939193352286362
                  0.36105615516099814899
                  0.06834082751075651330
                  0.12058027443560941083
                 -0.21552813433539610988
                  0.24095272257927977111
                  0.37695664230653780358
                 -0.08174665523623703134
                 -0.35734668778586253790
                  0.02558741377766779110
                  0.00371989969828307203
                  0.08393303995207326840
                  0.14932851356681400845
                  0.16348887534825923273
                 -0.19199651732172656748
                  0.41210463564640437140
                 -0.03730336839921617742
                 -0.02415753047986957808
                 -0.05185701922781502105
                  0.01551951467677155708
                 -0.31357096505607656711
                 -0.12656252038250509484
                  0.01968364390830006083
                  0.30859832982532214851
                 -0.26505396051492363663
                 -0.18992926887813879611
                  0.03360394417090056124
                  0.06819577562085335498
                  0.18844014466843364564
                  0.38579275989039379935
                 -0.07083124948784207120
                  0.01838890979662060818
                 -0.37094062271152966614
                  0.08841752322629639615
                  0.20096048287163437163
                 -0.46643484142409874504
                 -0.33123841504049755802
                 -0.01624426939686634055
                 -0.20698193627404914974
                 -0.31229676261963085215
                  0.00600793874910746442
                 -0.27211362203653821634
                  0.24367758918520190936
                 -0.04877527592703810588
                 -0.16317189574408347275
                  0.37176057748660196189
                  0.49189787375428489780
                  0.35072565249796017195
                 -0.19989575220408445366
                  0.18342783888305408402
                  0.20122294534814458289
                  0.30912627429709749194
                  0.12941337361995475241
                 -0.09179944926694340313
                  0.14701145351981706466
                  0.62306842154247588095
                  0.01422457746291902990
                 -0.30800377367814485430
                  0.22952806066494152448
                  0.19895301538411497289
                 -0.20348656581180213365
                 -0.12672847196505626632
                 -0.30390216747620141247
                 -0.14744745013402954514
                 -0.21963835299394326994
                  0.30914345949330446217
                  0.16620325201342997512
                  0.33345091814220823023
                  0.13222265605044261627
                 -0.36779531079612948208
                  0.00967363036066911687
                  0.03512836341769944720
                 -0.07776209703400330242
                 -0.17792153673054983409
                 -0.15423503687665929274
                  0.31552654869690821560
                 -0.20224629579127806345
                 -0.12595951336235985951
                 -0.29219166220897591080
                 -0.29703099074898497989
                  0.13152028920253369670
                  0.26082529135159271405
                 -0.16241691739862296195
                  0.01738215029997315642
                  0.02538279434986897426
                 -0.15753425368290244202
                  0.36430946184482687622
                  0.10308102117730824632
                 -0.15871765853122107859
                 -0.22302761272207810572
                 -0.21785328168616702182
                 -0.00885669284268314830
                  0.03982869564370249138
                  0.16432124950339319081
                  0.29315791081388287154
                  0.18841199870198799271
                  0.10881734641296476884
                 -0.26139725203979685686
                 -0.11898531712262902515
                  0.04074658130684350593
                  0.25381175311782544490
                  0.21519889298594882532
                 -0.12671484660087803387
                  0.11031687214907555383
                  0.03499009468176381144
                  0.26726834829538143046
                  0.31158019894072580547
                  0.15433106839417878864
                 -0.45417010064674978587
                 -0.04569722526309665661
                  0.02917501533272245928
                 -0.24632938244710231301
                 -0.08525537456519907686
                 -0.05171226555493682597
                 -0.39568095509074791005
                 -0.20468077499505982209
                  0.13529882119997085899
                 -0.22647627141696219377
                 -0.21934637503686862936
                 -0.01661479036450200925
                  0.19594297213568259708
                 -0.01206864731523003484
                 -0.19216588226807851392
                 -0.40838812670876967204
                  0.13766661291259715827
                  0.18601709545514755195
                  0.29030602438858826853
                  0.32288585645303352623
                 -0.03323104168220358118
                 -0.17240973250254837401
                  0.03062182931057805604
                  0.19100239586199529995
                 -0.02114751032881100404
                 -0.10131159737362112339
                 -0.38835120994553873341
                 -0.04809808150748581812
                  0.30606134612299340514
                 -0.24731587794076939635
                 -0.15526027277632070689
                 -0.22848321331036061665
                  0.23545749957269471175
                 -0.06630336581693480058
                  0.00928874763241022659
                  0.37058555638957085820
                  0.57868572454542877015
                  0.35159598865544283708
                  0.07570951263505473761
                  0.04627627389440434891
                 -0.32820315178134579215
                 -0.16328035065334683962
                 -0.14306511634716168047
                 -0.07889672782261658579
                 -0.05735242544019797384
                  0.42259900094205565813
                  0.03433988630759619853
                  0.28969993390221987495
                 -0.00608057863402844054
                 -0.00343168308451351862
                 -0.38589598784557949118
                 -0.00890925396294817151
                 -0.03001865353807827222
                  0.06330487336083073791
                 -0.39791701562400294545
                 -0.34765212004656009803
                  0.11769936976664734096
                  0.22632216688126241544
                  0.32441512449336828983
                  0.29001582639957484977
                 -0.13230939392844295877
                 -0.26008372872502877327
                 -0.04861352608804597741
                 -0.26531170764062372847
                 -0.30507708881476230944
                  0.11199848559654822233
                  0.27181411126239929388
                  0.31020748858124752578
                 -0.44931674362725659844
                  0.28172353436491581746
                  0.11056114519099728699
                  0.31141142252728443163
                  0.30992622133200142809
                  0.14615835170259169895
                  0.26365010937831168114
                 -0.04452768952612341791
                 -0.14350806650550451682
                  0.30267324154350916388
                  0.22672904962213405455
                  0.22327476007927080093
                 -0.11741706062975248992
                 -0.09325915778200614958
                 -0.25448223000761416301
                  0.06104379701326436564
                  0.06580515389104819868
                 -0.17290157642919201653
                  0.27766205034843632893
                 -0.52330349370080897486
                 -0.08985300220804855187
                 -0.26190768549766513251
                 -0.01535347358341969046
                 -0.02700446662029032038
                 -0.06891266548757221666
                 -0.26308580993862840103
                 -0.01115132638858279054
                 -0.03152217553236354164
                  0.19547380552785426078
                  0.20928179490567344612
                 -0.11313613577046084668
                 -0.17228894653447113239
                  0.38781906978282870702
                 -0.13243079465250878757
                 -0.14422151797004623131
                 -0.14613515452679159967
                 -0.11444800774342712979
                  0.16844757926589878916
                  0.20921507621022492063
                 -0.05243272243347333467
                  0.19647953770190265677
                 -0.04334525186635929117
                 -0.07741558030906127430
                  0.11903382695423314619
                  0.25432507950151583831
                  0.23829965596995211774
                 -0.30429555377940714633
                  0.09627169169177267338
                  0.19371159142500615769
                  0.37002787395225156253
                  0.14956288094487496521
                  0.21632888215562293133
                 -0.46807622308334190242
                  0.03102077529706124409
                 -0.14619090001637310983
                 -0.15732987182313687424
                  0.12305676560935487063
                  0.07676454936747047209
                  0.09869038791398355992
                  0.14591012994874474895
                  0.21798048153650681491
                  0.25464858899879361243
                  0.19131503979287695083
                 -0.13431270418557619828
                 -0.02882731535957433824
                  0.01506595849656450735
                 -0.20953543548637590388
                 -0.36266522782236076949
                  0.19955215279179888688
                  0.42972024830520033634
                 -0.33529640237203622855
                  0.21934364899367975177
                 -0.30488010441090823699
                  0.15702782276882146228
                  0.04366709413259978190
                  0.26117297237378084285
                 -0.25365055159316468592
                 -0.07334800349930406527
                  0.25953032648097812407
                 -0.27070569444930275838
                  0.13462064747853161317
                  0.05390655808508768021
                 -0.23644344571396624932
                 -0.31088280336603812959
                 -0.05633116229566868804
                 -0.01149929355039916792
                  0.01083959770995139051
                 -0.04613596261781741786
                 -0.10886881721037819371
                 -0.11923343926624786759
                 -0.07839109071307374943
                  0.07118042072635070994
                 -0.22756332493156697372
                  0.40620678188420666910
                  0.23663763378409011229
                  0.07095333900356150247
                 -0.02206710476132164520
                  0.17985944460663322308
                  0.13398705911703029381
                  0.41985629805454721675
                 -0.20022425774053201342
                 -0.01360146422628859091
                  0.14710751269362631888
                 -0.50404903121972544078
                  0.06058388724563937289
                 -0.01300697717412553633
                 -0.04574817971598754002
                 -0.23314445735176350660
                  0.34918631986520692889
                  0.12496044484175156120
                  0.14406171627383196343
                 -0.26126142093299153935
                 -0.08253196093402612177
                 -0.35061941498230797531
                  0.23855951296900115843
                  0.02091691248771376105
                  0.02369351200949368352
                 -0.60295870445162857987
                  0.09780276310640032000
                  0.04860416910519795713
                 -0.10863677260290029170
                  0.12794603893030789821
                 -0.22472004042527776724
                  0.29139409451577691357
                  0.14418402492886039923
                 -0.13417001941214753979
                 -0.09561671877012282994
                 -0.13856032698121786839
                  0.07288843892421441317
                 -0.03283951623151858124
                 -0.16808199328573930620
                  0.49582656701890809314
                  0.39786409375330261673
                  0.12475890369041665873
                 -0.12275875283069637156
                 -0.25935657673802470224
                  1.10975932493943330037
                 -0.23216910434600815383
                 -0.08916307132594659957
                  0.31521324275639422963
                  0.01490641423088987297
                 -0.30496935259920582295
                  0.17800693870815437192
                  0.07218747296185192008
                 -0.29465254599164319993
                  0.21847983660082448409
                 -0.23595282016720642293
                 -0.29823930141294874296
                  0.33563364842285292600
                 -0.12859582245233730502
                  0.01329333716010457425
                  0.12179998566840931351
                 -0.06458043741883630340
                  0.32978097264170908032
                  0.24709060531338769562
                 -0.20660764267294523533
                  0.31401232421853952914
                 -0.06681102828164557639
                  0.00301106474304003394
                  0.03149172405629544619
                  0.17224890441748372250
                  0.02258117480674429883
                 -0.07329572785848759153
                 -0.24727743972044957665
                 -0.23447222253702196260
                 -0.21728797615043274338
                  0.02538149907043660281
                  0.26215649951161951181
                  0.09470187358032731983
                  0.11195927365787464169
                 -0.26145140601706351458
                 -0.37673083537758172978
                 -0.21096461848952288709
                  0.03907575065637935996
                  0.27874776058112232802
                  0.21007610310013344335
                 -0.25231792297808075531
                  0.08722065464656207634
                  0.08301025418433030656
                  0.29053327724135646903
                 -0.23827572647990397092
                 -0.11045848180651275661
                 -0.21869516432185526211
                  0.13520839821297170324
                  0.29728656027058053546
                  0.14228675725112055472
                  0.15727743946047939572
                  0.28095651628793760768
                  0.24916382250158169986
                  0.20653128932320405364
                 -0.15778315615241975123
                 -0.24544820680578743888
                  0.17952646859565632442
                 -0.09818966967980652383
                 -0.08042147846492027352
                 -0.23170915927447446880
                  0.16956449743012985687
                  0.07122360088826890090
                 -0.25861147016785751562
                 -0.25759081429075014746
                 -0.10213730957796339494
                 -0.07622497818473866760
                  0.24274845133189795754
                  0.22874630039089693945
                  0.10283676744534032965
                 -0.10923575336929720880
                 -0.15393705617899974825
                  0.31059528500843469612
                  0.12999395966054608231
                 -0.27819000242082075891
                 -0.28109777058241203207
                  0.22487571401851830233
                 -0.30158033887403884465
                  0.08757626177736174689
                 -0.18057524206683461809
                 -0.00669557111597917677
                 -0.13726612353904879549
                  0.26083057671967435631
                  0.37720145028004797849
                  0.03095993805974480914
                  0.03377340761885336967
                 -0.22067889638554324949
                  0.21428247798782051881
                 -0.03407910342712224677
                  0.23649540358843670895
                  0.05771233483470155495
                 -0.00568684412530006452
                 -0.18621607186948949120
                 -0.16310815386063587384
                 -0.28557082978754727565
                  0.17901769456566096750
                 -0.70340760624050790994
                 -0.02483474767678995124
                  0.49837211366150513392
                  0.16660170962190176680
                  0.27664061163180375669
                 -0.65030181900222072677
                  0.43467550986091363363
                 -0.31957673583520374017
                 -0.59913224390920616358
                 -0.27109503833220249813
                 -0.31570537871863690871
                  0.67462053208414374250
                 -0.23887693454624986389
                 -0.10259185744577971333
                  0.31283058335474533962
                  0.21662792133772895697
                 -0.04446686178553973384
                  0.45407367426189626514
                  0.89026643827954710098
                 -0.45810553640924706054
                 -0.56774896859602685950
                  0.37178023903570817099
                  0.86653302474139926037
                  0.69866660057255958183
                 -0.10757095885398618162
                  0.17687382296801887338
                 -0.33845417008231515332
                 -0.02680271236350919434
                 -0.20639447612114042441
                  0.42395853081038586962
                 -0.06039669753837831334
                 -0.52601340936116813829
                 -0.65502044946020709926
                  0.30320874389909108215
                  0.69164424534491586449
                 -0.12896197054536348570
                 -0.03193743507024430356
                 -0.43136794368609193695
                 -0.02687539828727865399
                  0.16578717585990046524
                 -0.71593753217129030286
                  0.57667133388150171314
                  0.23385489398198117117
                 -0.82002607751140976777
                  0.33098921058043234700
                  0.30377053571870510362
                 -0.70308200692881772653
                  0.32194620310883703684
                 -0.43684001458671645191
                  0.73366177539959231968
                  0.57806308133127604076
                 -0.59991720191979380772
                 -0.72902035646489216081
                  0.23086331071615018296
                 -0.70136457468402846338
                 -0.19962426578444508740
                  0.35148541812012806806
                 -0.22905368932484163058
                 -0.30053569486099623864
                 -0.64528330263179722870
                  0.16406379659758751899
                 -0.64973230372014090239
                  0.50051513843619599431
                  0.31135236130669713406
                 -0.48189598448282244814
                 -0.29625150868795718795
                  0.64484746143891114034
                  0.54303340713756387270
                  0.37511874050452720386
                  0.46309686364835978001
                  0.58104517111209907920
                 -0.19229180634673781469
                  0.27039537967452348388
                 -0.26367658649203512544
                 -0.45132992196674631691
                 -0.26328297935918759665
                  0.62987869187083200817
                  0.44119701563083374429
                 -0.06969468415538035422
                 -0.50992631058696424873
                 -0.27992397951518233068
                  0.31495928955710372765
                 -0.81852355411170218957
                 -0.46343675463795813707
                  0.00880620760502687575
                  0.48452221157463198908
                  0.43146195194306485865
                  0.31137847932016632369
                 -0.27954020703764448363
                 -0.50966112496529814013
                  0.13857018026509551611
                  0.44482935257724703915
                 -0.46929627569080845095
                  0.44368898402302126005
                 -0.49374269418053029490
                 -0.32906293183230345134
                 -0.58302901237998439044
                  0.40789098463490003343
                  0.32820170632349010553
                 -0.51180390933805108844
                  0.52564997118098200080
                  0.31158869475869438448
                 -0.04455911785212842563
                 -0.52268326731469127999
                 -0.58488982069433870237
                  0.63177397327178175246
                  0.29187759473044383451
                  0.04576644764243848612
                 -0.20019892259535479462
                  0.20862777294618845003
                 -0.83175587887284996302
                 -0.01073724317270815382
                 -0.29137558852845490964
                  0.31295768106577742662
                  0.38489938844754462144
                 -0.53903301329703312561
                 -0.50028471711716582249
                 -0.50263699610718370892
                  0.99785237420275230136
                  0.68857229805785247212
                 -0.05033539841521507407
                  0.01938050890150730746
                  0.60490958524668736462
                 -0.11248088600299430140
                 -0.08275640581996356049
                  0.65944030641495121614
                 -0.05057409594452245971
                  0.46319160942664860947
                 -0.58087288920209367848
                  0.78005637071184164011
                 -0.51412730853902588457
                 -0.18504844063121900222
                  0.35585343200691094134
                  0.01055192167186474322
                 -0.67811407792923128479
                  0.15905371187099831554
                  0.57869052329661718748
                  0.78410870643304575456
                 -0.17050285724537889154
                 -0.38754491441761429460
                  0.73035137008877260012
                 -0.25287557797449500274
                 -0.55507578117121214589
                 -0.15392330002944362710
                 -0.48932808093473378896
                  0.11261883508120255903
                  0.64509345425980424427
                  0.20726846184951230878
                 -0.04008742861286117287
                  0.20357555094809109963
                  0.62599058548795405432
                 -0.32394139441254449219
                 -0.19482689394391128346
                 -0.79688337703150946556
                  0.65809139176239828117
                 -0.56506885011285756804
                  0.03633656656531022294
                  0.03508578818057473542
                  0.30191885107015070666
                  0.19318417339535343125
                  0.57670179084633255151
                 -0.52760149878431072956
                  0.51994803314576543141
                 -0.16391736747455171175
                 -0.35798200133307311877
                  0.12655634294820636288
                  0.22554162382406520160
                 -0.91717855865894792888
                 -0.46854634148904950042
                  0.21739513919242164919
                 -0.49525845254047640154
                 -0.76735764336889422665
                 -0.12007373546718941304
                 -0.31033838280794784348
                  0.38471372143988757930
                 -0.39762272838184542501
                  0.49016165041396425606
                  0.63502281165164220500
                  0.60912153803731994284
                  0.42212406309354882916
                 -0.55579506749120011211
                 -0.35833860774276066197
                 -0.28517378356917061355
                  0.41169081331061663231
                 -0.83004223912039887256
                  0.05811476252062269809
                  0.00964654222729484367
                 -0.00224373360105968415
                 -0.75357403017096702413
                  0.77921373270723259807
                 -0.12235878658311746814
                 -0.48659766941376592086
                 -0.36158033196075783922
                 -0.58972582817830798696
                  0.84201137575578455241
                 -0.63399547965950753259
                  0.21181490454497467479
                  0.74157680846459395063
                 -0.30403174524376341825
                 -0.08997178960180306218
                 -0.66231903802633074196
                  0.29684669208302733034
                 -0.57426647727036950197
                 -0.61264950063015377602
                  0.05043491753588223020
                 -0.33473330192058470267
                  0.03695884438256250015
                 -0.57251508186827193558
                 -0.22809512532070369550
                  0.43259841971487766887
                  0.24347675033868276806
                 -0.31491662038617046493
                  0.58737254008436534658
                  0.53108409719740468091
                  0.28103275491726725788
                 -0.56418311057111436568
                  0.58884434931349816100
                 -0.06508978778951626798
                 -0.09430087830794188497
                  0.48733147054963393829
                 -0.46755507661812056863
                 -0.66473849228378667497
                  0.48368594891737881625
                 -0.20516817163772294030
                 -0.31708783660488676359
                  0.96006985401213718045
                 -1.06158039106997881262
                  0.62025891579153447086
                  1.04359663413932635123
                 -0.53663310910213446459
                  0.60575838551688765410
                  0.18324730510932538130
                  0.86502052567719645015
                  0.52404301771822803246
                 -0.08144879175398800353
                 -1.22935225848331719511
                 -1.26982328639504804535
                  1.07932361259784337371
                  0.77152041605604582131
                  0.39960669123842390560
