    -0.00103343    -0.00135990     0.00032647
    -0.00747023    -0.00774867     0.00027844
    -0.00563668    -0.00572791     0.00009124
    -0.00095749    -0.00128100     0.00032351
    -0.00051163    -0.00034443    -0.00016720
     0.02273479     0.02282864    -0.00009385
     0.02194552     0.02214494    -0.00019942
    -0.02411051    -0.02434371     0.00023320
    -0.01091158    -0.01081391    -0.00009766
    -0.00047024    -0.00025600    -0.00021424
     0.01570511     0.01602340    -0.00031830
    -0.02315901    -0.02333984     0.00018082
    -0.03150341    -0.03167755     0.00017414
    -0.00047141    -0.00019171    -0.00027970
    -0.01143482    -0.01158572     0.00015089
    -0.00247240    -0.00241082    -0.00006158
    -0.01208986    -0.01162112    -0.00046874
    -0.01363641    -0.01369685     0.00006044
     0.02277601     0.02276645     0.00000956
     0.00002977     0.00000374     0.00002603
     0.01393147     0.01426809    -0.00033662
    -0.00030360    -0.00037585     0.00007225
     0.00007391     0.00018410    -0.00011020
     0.00893285     0.00920490    -0.00027206
     0.02382433     0.02403168    -0.00020735
     0.01333850     0.01350877    -0.00017027
     0.01761858     0.01789502    -0.00027643
    -0.04233945    -0.04237405     0.00003460
     0.01439341     0.01452275    -0.00012935
     0.02824735     0.02841814    -0.00017079
    -0.00027677    -0.00006068    -0.00021609
     0.00283834     0.00298755    -0.00014921
    -0.00417689    -0.00398283    -0.00019406
     0.02639518     0.02659189    -0.00019671
    -0.00053179    -0.00061626     0.00008447
    -0.01616269    -0.01635697     0.00019428
    -0.00479927    -0.00449293    -0.00030634
    -0.00048191    -0.00022632    -0.00025559
    -0.02854991    -0.02871733     0.00016742
     0.01998067     0.02037466    -0.00039400
     0.01113640     0.01147462    -0.00033822
    -0.00666434    -0.00658576    -0.00007858
    -0.00051879    -0.00082054     0.00030176
    -0.01757262    -0.01779580     0.00022318
     0.02201864     0.02204460    -0.00002596
    -0.00047721    -0.00029358    -0.00018363
    -0.02422047    -0.02440123     0.00018076
     0.01964436     0.01967249    -0.00002813
     0.00225008     0.00236062    -0.00011054
     0.03225586     0.03218489     0.00007097
     0.02913561     0.02962121    -0.00048560
    -0.01619056    -0.01638267     0.00019211
    -0.00200548    -0.00199699    -0.00000849
    -0.00045595    -0.00027758    -0.00017837
     0.01208009     0.01201604     0.00006405
    -0.00896974    -0.00902427     0.00005453
     0.02620465     0.02657760    -0.00037296
    -0.00098935    -0.00100828     0.00001893
    -0.00859779    -0.00841982    -0.00017798
     0.03272107     0.03304276    -0.00032170
    -0.03343134    -0.03368155     0.00025022
     0.02419492     0.02386942     0.00032551
     0.00007391     0.00018410    -0.00011020
    -0.00065571    -0.00051171    -0.00014400
     0.01074531     0.01074903    -0.00000371
    -0.00058205    -0.00075772     0.00017567
    -0.00084671    -0.00081720    -0.00002951
    -0.03750039    -0.03761215     0.00011175
     0.01409792     0.01422069    -0.00012277
    -0.02057867    -0.02085987     0.00028120
     0.02537503     0.02533205     0.00004298
    -0.00045296    -0.00016452    -0.00028844
    -0.01578070    -0.01580149     0.00002079
     0.01248524     0.01291981    -0.00043457
    -0.00284914    -0.00289966     0.00005052
    -0.00600493    -0.00629147     0.00028655
    -0.00050039    -0.00048156    -0.00001883
    -0.00059745    -0.00063004     0.00003259
    -0.00019290    -0.00014763    -0.00004527
     0.03147427     0.03144321     0.00003105
     0.00795645     0.00825047    -0.00029403
    -0.00189810    -0.00202604     0.00012793
     0.03498712     0.03527285    -0.00028573
     0.02151101     0.02161973    -0.00010872
     0.01645249     0.01675036    -0.00029786
     0.02972218     0.02988466    -0.00016248
    -0.00037407    -0.00047887     0.00010479
    -0.00654121    -0.00642290    -0.00011830
    -0.00045661    -0.00013999    -0.00031662
     0.02942996     0.02989104    -0.00046108
    -0.00057990    -0.00050250    -0.00007740
    -0.00422854    -0.00428861     0.00006007
     0.00193402     0.00207189    -0.00013787
     0.00932221     0.00928192     0.00004029
    -0.01980126    -0.01983073     0.00002946
     0.02062277     0.02072967    -0.00010689
    -0.00179149    -0.00152760    -0.00026388
    -0.00602283    -0.00585486    -0.00016797
    -0.00168770    -0.00155757    -0.00013014
     0.01996570     0.01985169     0.00011401
    -0.00504905    -0.00499240    -0.00005665
    -0.00656624    -0.00651000    -0.00005624
    -0.00377373    -0.00372365    -0.00005008
    -0.01289695    -0.01286297    -0.00003398
    -0.00199840    -0.00200268     0.00000427
    -0.00199840    -0.00200268     0.00000427
    -0.00199840    -0.00200268     0.00000427
    -0.00199840    -0.00200268     0.00000427
    -0.00199813    -0.00200268     0.00000455
    -0.00199813    -0.00200268     0.00000455
    -0.00199813    -0.00200268     0.00000455
    -0.00199813    -0.00200268     0.00000455
    -0.00199813    -0.00200268     0.00000455
    -0.00199813    -0.00200268     0.00000455
    -0.00199813    -0.00200268     0.00000455
    -0.00199813    -0.00200268     0.00000455
     0.02287517     0.02294084    -0.00006567
    -0.00401749    -0.00405171     0.00003422
    -0.00371278    -0.00374748     0.00003471
    -0.00423755    -0.00423965     0.00000210
    -0.00366341    -0.00362464    -0.00003877
    -0.00360031    -0.00357184    -0.00002847
     0.02466241     0.02498369    -0.00032128
    -0.00535474    -0.00518878    -0.00016596
    -0.00600618    -0.00591186    -0.00009432
    -0.00345293    -0.00345028    -0.00000266
    -0.00978497    -0.00983815     0.00005318
    -0.00331184    -0.00333942     0.00002758
    -0.00814437    -0.00805056    -0.00009381
    -0.00640229    -0.00623481    -0.00016748
    -0.00378622    -0.00375031    -0.00003591
    -0.01449997    -0.01459745     0.00009748
    -0.00324942    -0.00330458     0.00005516
    -0.00326196    -0.00331752     0.00005556
    -0.00570280    -0.00567885    -0.00002395
    -0.00596259    -0.00594538    -0.00001721
    -0.01144544    -0.01151174     0.00006631
    -0.00646189    -0.00645742    -0.00000447
    -0.00976045    -0.00973066    -0.00002979
    -0.01326027    -0.01338620     0.00012593
    -0.00369776    -0.00367503    -0.00002272
    -0.00295189    -0.00299342     0.00004153
    -0.00518410    -0.00509804    -0.00008605
    -0.00361367    -0.00359630    -0.00001737
    -0.00386421    -0.00384047    -0.00002374
    -0.00317981    -0.00323743     0.00005761
    -0.00313543    -0.00319388     0.00005845
    -0.00417466    -0.00414589    -0.00002877
    -0.01162019    -0.01173852     0.00011834
    -0.00351593    -0.00355507     0.00003914
    -0.00784039    -0.00787504     0.00003466
    -0.00615600    -0.00614440    -0.00001160
    -0.01331663    -0.01332211     0.00000548
    -0.00777925    -0.00776105    -0.00001820
    -0.00395591    -0.00394773    -0.00000818
    -0.00475271    -0.00472247    -0.00003024
    -0.00722070    -0.00723857     0.00001787
    -0.00327339    -0.00331723     0.00004384
    -0.00413349    -0.00418229     0.00004880
    -0.00375493    -0.00374882    -0.00000610
    -0.00357786    -0.00367754     0.00009968
    -0.00697896    -0.00692821    -0.00005075
    -0.00404827    -0.00404413    -0.00000413
    -0.00246312    -0.00242533    -0.00003779
    -0.00246285    -0.00242533    -0.00003752
    -0.00246285    -0.00242533    -0.00003752
    -0.00246285    -0.00242533    -0.00003752
    -0.00246285    -0.00242533    -0.00003752
    -0.00246285    -0.00242533    -0.00003752
    -0.00246285    -0.00242533    -0.00003752
    -0.00246285    -0.00242533    -0.00003752
    -0.00246285    -0.00242533    -0.00003752
    -0.00246285    -0.00242533    -0.00003752
    -0.00246285    -0.00242533    -0.00003752
    -0.00246285    -0.00242533    -0.00003752
    -0.00605170    -0.00599497    -0.00005673
    -0.00687790    -0.00682420    -0.00005370
    -0.00381071    -0.00377371    -0.00003700
    -0.00740713    -0.00739440    -0.00001273
    -0.00347228    -0.00344765    -0.00002463
    -0.00728386    -0.00723647    -0.00004740
    -0.00676149    -0.00671678    -0.00004470
    -0.00649710    -0.00648366    -0.00001344
    -0.00663351    -0.00660410    -0.00002941
    -0.00492668    -0.00483952    -0.00008715
    -0.00226807    -0.00224648    -0.00002158
    -0.00226807    -0.00224648    -0.00002158
    -0.00226807    -0.00224648    -0.00002158
    -0.00226780    -0.00224648    -0.00002131
    -0.00226780    -0.00224648    -0.00002131
    -0.00226780    -0.00224648    -0.00002131
    -0.00226780    -0.00224648    -0.00002131
    -0.00226780    -0.00224648    -0.00002131
    -0.00226780    -0.00224648    -0.00002131
    -0.00226780    -0.00224648    -0.00002131
    -0.00226780    -0.00224648    -0.00002131
    -0.00226780    -0.00224648    -0.00002131
    -0.00326392    -0.00324816    -0.00001576
    -0.00454144    -0.00444526    -0.00009618
    -0.00414574    -0.00409785    -0.00004789
    -0.02933287    -0.02901090    -0.00032196
    -0.05325783    -0.05354911     0.00029129
     0.06033891     0.06014358     0.00019533
     0.05203029     0.05244541    -0.00041512
     0.02469017     0.02489119    -0.00020102
    -0.03290368    -0.03270065    -0.00020303
    -0.03169354    -0.03204579     0.00035225
    -0.03195262    -0.03201645     0.00006383
    -0.04179487    -0.04216647     0.00037160
    -0.03662791    -0.03662264    -0.00000528
    -0.05422111    -0.05411475    -0.00010636
    -0.02810754    -0.02827308     0.00016554
    -0.04178006    -0.04180026     0.00002019
    -0.02668964    -0.02672103     0.00003140
    -0.04171372    -0.04184948     0.00013575
     0.04715559     0.04758910    -0.00043351
    -0.03008572    -0.03018145     0.00009573
    -0.02983965    -0.02985909     0.00001943
    -0.02888276    -0.02886058    -0.00002219
     0.04762423     0.04778261    -0.00015839
    -0.05690100    -0.05725213     0.00035114
    -0.02532849    -0.02506263    -0.00026586
    -0.04292885    -0.04302323     0.00009438
    -0.03570547    -0.03572644     0.00002096
     0.02515927     0.02517919    -0.00001992
    -0.02895049    -0.02893592    -0.00001457
    -0.05104764    -0.05121187     0.00016423
    -0.05818524    -0.05860372     0.00041849
    -0.03156026    -0.03161257     0.00005231
    -0.03942231    -0.03975882     0.00033652
    -0.05054069    -0.05048617    -0.00005451
    -0.02949703    -0.02955720     0.00006017
    -0.04102963    -0.04117052     0.00014089
    -0.03389058    -0.03418527     0.00029468
    -0.04916967    -0.04965995     0.00049028
    -0.03107216    -0.03120802     0.00013585
    -0.04177419    -0.04193878     0.00016460
    -0.03017476    -0.03019089     0.00001613
    -0.03164388    -0.03153322    -0.00011065
    -0.05028784    -0.05008924    -0.00019860
    -0.03255078    -0.03255706     0.00000628
    -0.04352793    -0.04366666     0.00013873
    -0.04456316    -0.04477916     0.00021600
    -0.04455347    -0.04458887     0.00003539
    -0.03846041    -0.03860584     0.00014543
    -0.04068178    -0.04088512     0.00020334
    -0.03427456    -0.03427279    -0.00000177
    -0.06052406    -0.06066424     0.00014019
    -0.04939397    -0.04923564    -0.00015833
     0.01642659     0.01639390     0.00003269
    -0.05031954    -0.05041162     0.00009208
    -0.03495697    -0.03469884    -0.00025813
    -0.04536685    -0.04543431     0.00006746
    -0.04780807    -0.04793263     0.00012457
    -0.05232309    -0.05251198     0.00018889
    -0.04021418    -0.04017058    -0.00004360
    -0.04318812    -0.04334017     0.00015205
    -0.03361874    -0.03357767    -0.00004107
    -0.03018575    -0.03023772     0.00005197
    -0.03876126    -0.03858676    -0.00017450
    -0.04694789    -0.04700306     0.00005518
    -0.03809042    -0.03799852    -0.00009189
    -0.03654217    -0.03661705     0.00007488
    -0.03205501    -0.03212330     0.00006829
    -0.03261200    -0.03255043    -0.00006157
    -0.05618381    -0.05611886    -0.00006495
     0.05745499     0.05674449     0.00071050
     0.04562843     0.04524657     0.00038186
     0.04791702     0.04796419    -0.00004717
    -0.04559877    -0.04576891     0.00017014
    -0.03918372    -0.03930015     0.00011643
    -0.05799005    -0.05838438     0.00039433
    -0.04264054    -0.04261257    -0.00002797
    -0.03403181    -0.03405662     0.00002481
    -0.03887693    -0.03879944    -0.00007749
    -0.04489071    -0.04504860     0.00015789
    -0.04467176    -0.04476248     0.00009072
    -0.04204690    -0.04183988    -0.00020702
    -0.04610433    -0.04615361     0.00004928
    -0.03643199    -0.03629270    -0.00013929
    -0.05329598    -0.05327364    -0.00002234
    -0.05926243    -0.05929601     0.00003358
    -0.04013609    -0.03939953    -0.00073656
    -0.03807393    -0.03816337     0.00008944
    -0.04255039    -0.04258822     0.00003783
    -0.04546761    -0.04538644    -0.00008117
    -0.04598460    -0.04616305     0.00017844
    -0.04308466    -0.04300728    -0.00007738
    -0.05111599    -0.05130553     0.00018954
    -0.03878335    -0.03856686    -0.00021649
    -0.04133355    -0.04142169     0.00008813
    -0.04490042    -0.04509967     0.00019925
    -0.05407624    -0.05418023     0.00010399
    -0.06420916    -0.06443286     0.00022370
    -0.05506420    -0.05514556     0.00008136
    -0.06777222    -0.06803460     0.00026239
    -0.06704431    -0.06730267     0.00025836
    -0.06867857    -0.06911721     0.00043864
    -0.06441868    -0.06473124     0.00031256
    -0.06949418    -0.06976318     0.00026900
    -0.03355613    -0.03374076     0.00018463
     0.04867733     0.04915476    -0.00047743
     0.03045659     0.03062976    -0.00017317
     0.05049405     0.05080134    -0.00030729
     0.02730608     0.02751623    -0.00021015
     0.00673204     0.00662037     0.00011167
    -0.00162923    -0.00173936     0.00011013
     0.04036219     0.04092451    -0.00056232
     0.03132730     0.03130381     0.00002349
     0.02635880     0.02656282    -0.00020402
     0.04489479     0.04507825    -0.00018346
     0.04146887     0.04173965    -0.00027078
     0.04037329     0.04029182     0.00008147
     0.03651635     0.03666949    -0.00015314
     0.03297130     0.03288144     0.00008986
     0.03064579     0.03017357     0.00047222
     0.01037712     0.01030644     0.00007067
     0.00122612     0.00131268    -0.00008656
     0.00494888     0.00471397     0.00023491
     0.02572850     0.02576478    -0.00003628
     0.04244427     0.04264237    -0.00019810
     0.02155068     0.02158194    -0.00003126
     0.04116038     0.04115048     0.00000990
     0.04152409     0.04156661    -0.00004253
    -0.00217457    -0.00219504     0.00002047
     0.02609801     0.02610931    -0.00001130
     0.00373316     0.00348913     0.00024403
     0.01981735     0.02008460    -0.00026725
     0.00941201     0.00948632    -0.00007431
     0.04567706     0.04565813     0.00001893
     0.03151990     0.03169460    -0.00017469
     0.04490611     0.04508744    -0.00018133
     0.04584670     0.04600594    -0.00015924
     0.05068028     0.05024190     0.00043838
     0.02576148     0.02582372    -0.00006224
     0.04287608     0.04307198    -0.00019590
     0.04473628     0.04468937     0.00004691
     0.03453598     0.03465188    -0.00011590
     0.02604674     0.02591538     0.00013136
     0.03749073     0.03776833    -0.00027760
     0.05028370     0.05045239    -0.00016868
     0.05919864     0.05917120     0.00002744
     0.00980619     0.00967130     0.00013490
     0.01925829     0.01917068     0.00008760
     0.04380396     0.04399117    -0.00018721
     0.04677580     0.04691319    -0.00013739
     0.02223663     0.02269814    -0.00046151
    -0.00188338    -0.00186103    -0.00002235
     0.00153646     0.00173052    -0.00019405
     0.05163086     0.05185734    -0.00022648
     0.02591289     0.02604059    -0.00012770
     0.02262610     0.02257479     0.00005132
     0.03210440     0.03270506    -0.00060065
    -0.03468137    -0.03482951     0.00014813
     0.01001278     0.01080383    -0.00079104
     0.04768287     0.04780018    -0.00011731
    -0.00069756    -0.00075428     0.00005672
     0.02325744     0.02354506    -0.00028762
     0.01946833     0.01956205    -0.00009372
     0.04512802     0.04531285    -0.00018483
    -0.00019380    -0.00006303    -0.00013077
     0.02209075     0.02241727    -0.00032652
     0.03497964     0.03514852    -0.00016889
     0.03626197     0.03632816    -0.00006619
     0.02777325     0.02803015    -0.00025690
     0.01011172     0.01012264    -0.00001092
     0.02895757     0.02889279     0.00006478
     0.01607913     0.01627996    -0.00020083
     0.01554867     0.01561317    -0.00006450
     0.04641337     0.04660486    -0.00019149
     0.03424629     0.03468481    -0.00043852
     0.02764568     0.02748071     0.00016497
     0.02873648     0.02869572     0.00004075
     0.04610210     0.04620241    -0.00010031
     0.03055485     0.03049677     0.00005808
     0.02965636     0.02973665    -0.00008029
     0.01531492     0.01541272    -0.00009780
     0.02899809     0.02950255    -0.00050446
     0.02757645     0.02766168    -0.00008522
     0.01088390     0.01057019     0.00031371
     0.04018376     0.04033116    -0.00014740
    -0.03579922    -0.03587390     0.00007468
    -0.03577168    -0.03583900     0.00006732
     0.01771992     0.01800314    -0.00028323
     0.01825979     0.01839189    -0.00013209
     0.01602585     0.01626395    -0.00023810
    -0.00110633    -0.00086292    -0.00024341
     0.01104012     0.01119073    -0.00015061
     0.03440205     0.03449595    -0.00009390
     0.02508060     0.02522071    -0.00014011
     0.04305285     0.04299065     0.00006220
     0.01801429     0.01813020    -0.00011591
     0.00941917     0.00957553    -0.00015637
     0.03303740     0.03308433    -0.00004694
     0.03381793     0.03390467    -0.00008674
     0.02081181     0.02094084    -0.00012903
     0.04130144     0.04115602     0.00014542
     0.03236816     0.03230452     0.00006364
     0.03643583     0.03686234    -0.00042651
     0.02929654     0.02926503     0.00003151
    -0.00964976    -0.00954537    -0.00010439
    -0.00459698    -0.00457792    -0.00001906
     0.00102818     0.00079819     0.00023000
     0.00622109     0.00619861     0.00002248
     0.01350136     0.01360397    -0.00010261
    -0.01726048    -0.01744970     0.00018921
     0.02487306     0.02482241     0.00005065
    -0.02687927    -0.02693625     0.00005698
    -0.00430702    -0.00446816     0.00016114
    -0.03038407    -0.03029114    -0.00009293
    -0.03815679    -0.03826622     0.00010943
    -0.02253203    -0.02248642    -0.00004561
    -0.00372714    -0.00363762    -0.00008953
    -0.02220093    -0.02240202     0.00020110
     0.00643500     0.00658462    -0.00014961
    -0.00592463    -0.00598708     0.00006245
     0.00396228     0.00405253    -0.00009025
    -0.01629516    -0.01658022     0.00028506
    -0.02417669    -0.02414883    -0.00002786
     0.02365214     0.02356050     0.00009163
     0.01911799     0.01909803     0.00001996
     0.01045353     0.01058676    -0.00013324
    -0.00087988    -0.00096115     0.00008127
    -0.01676371    -0.01704150     0.00027779
     0.00130111     0.00125292     0.00004819
     0.00024330     0.00035858    -0.00011529
    -0.00748147    -0.00750509     0.00002362
    -0.01153893    -0.01109122    -0.00044772
     0.02065624     0.02065259     0.00000366
    -0.00355119    -0.00351914    -0.00003205
     0.00902841     0.00912801    -0.00009959
     0.01158070     0.01159320    -0.00001250
    -0.01187698    -0.01202275     0.00014576
    -0.01220221    -0.01205833    -0.00014388
     0.01492833     0.01510010    -0.00017177
     0.00706832     0.00710116    -0.00003284
    -0.00651296    -0.00671272     0.00019975
    -0.00645808    -0.00636959    -0.00008849
     0.01971783     0.01968769     0.00003014
    -0.01547917    -0.01563630     0.00015713
     0.02039167     0.02044835    -0.00005668
    -0.03156796    -0.03146154    -0.00010641
    -0.01657546    -0.01667463     0.00009917
     0.00665808     0.00654307     0.00011501
    -0.02625651    -0.02637675     0.00012024
     0.00221903     0.00231327    -0.00009424
     0.01079119     0.01077694     0.00001425
    -0.01704464    -0.01715284     0.00010820
     0.00956420     0.00983746    -0.00027326
    -0.00197013    -0.00213567     0.00016554
     0.00832649     0.00841643    -0.00008994
     0.00171655     0.00140179     0.00031476
    -0.01055323    -0.01035605    -0.00019718
    -0.02671636    -0.02692098     0.00020462
     0.01623200     0.01634095    -0.00010895
     0.01000418     0.01016146    -0.00015728
     0.01063127     0.01069224    -0.00006096
    -0.00044899    -0.00034147    -0.00010752
    -0.02027335    -0.02032359     0.00005023
    -0.00027421    -0.00017500    -0.00009921
     0.01466832     0.01465819     0.00001013
    -0.01398649    -0.01396390    -0.00002259
    -0.00362069    -0.00354349    -0.00007720
    -0.03537774    -0.03538788     0.00001014
     0.01407795     0.01398141     0.00009653
     0.00122647     0.00137733    -0.00015086
     0.00712623     0.00733437    -0.00020814
    -0.00394056    -0.00386799    -0.00007257
    -0.01097650    -0.01110241     0.00012591
     0.00805925     0.00828196    -0.00022271
    -0.01865145    -0.01878273     0.00013129
    -0.00558084    -0.00549594    -0.00008489
    -0.00422718    -0.00425000     0.00002282
    -0.02147280    -0.02168968     0.00021688
    -0.01381756    -0.01384840     0.00003084
    -0.02999770    -0.03006682     0.00006913
     0.00525123     0.00541676    -0.00016553
    -0.00223525    -0.00219322    -0.00004203
    -0.02521208    -0.02536064     0.00014856
    -0.00946407    -0.00945781    -0.00000625
    -0.02203782    -0.02221629     0.00017847
    -0.00941182    -0.00949128     0.00007946
     0.01564187     0.01612646    -0.00048460
    -0.01377089    -0.01368930    -0.00008160
    -0.00138699    -0.00143086     0.00004387
    -0.02177686    -0.02203846     0.00026160
    -0.01737580    -0.01714176    -0.00023405
    -0.01160234    -0.01176769     0.00016536
    -0.02103761    -0.02121143     0.00017381
    -0.00579676    -0.00566599    -0.00013077
    -0.01584750    -0.01569470    -0.00015280
    -0.01752661    -0.01738797    -0.00013864
    -0.03256680    -0.03273092     0.00016411
    -0.02233549    -0.02232440    -0.00001109
    -0.02202819    -0.02199640    -0.00003179
    -0.01482022    -0.01478005    -0.00004017
    -0.01577618    -0.01600169     0.00022551
    -0.00439352    -0.00450957     0.00011604
    -0.01136451    -0.01147635     0.00011184
    -0.01543770    -0.01550918     0.00007148
    -0.03226533    -0.03230498     0.00003965
    -0.03541747    -0.03544300     0.00002553
    -0.02817154    -0.02805182    -0.00011972
    -0.03384079    -0.03387280     0.00003202
    -0.02923284    -0.02912416    -0.00010868
    -0.01120159    -0.01130673     0.00010513
    -0.01141882    -0.01149730     0.00007848
     0.01612130     0.01623288    -0.00011157
     0.00565953     0.00568034    -0.00002081
    -0.01701484    -0.01727386     0.00025901
    -0.00072418    -0.00065173    -0.00007244
    -0.01299118    -0.01307782     0.00008664
    -0.02854042    -0.02841227    -0.00012814
    -0.03032636    -0.03021630    -0.00011006
    -0.03360652    -0.03369088     0.00008436
    -0.01372161    -0.01380045     0.00007884
    -0.01369236    -0.01373824     0.00004588
    -0.03568515    -0.03606301     0.00037786
    -0.03794922    -0.03803688     0.00008766
    -0.01193317    -0.01212913     0.00019596
    -0.01707705    -0.01697458    -0.00010247
    -0.00732531    -0.00749489     0.00016959
    -0.02146557    -0.02158162     0.00011606
    -0.03099401    -0.03114264     0.00014862
    -0.02482250    -0.02477411    -0.00004839
    -0.01018503    -0.01051577     0.00033074
    -0.03471422    -0.03467953    -0.00003469
    -0.03526106    -0.03533073     0.00006967
    -0.01916234    -0.01933477     0.00017243
    -0.02291052    -0.02273793    -0.00017259
    -0.01806735    -0.01829523     0.00022788
    -0.02763022    -0.02787324     0.00024302
    -0.02882431    -0.02899140     0.00016709
    -0.01348828    -0.01341635    -0.00007192
    -0.02123857    -0.02142516     0.00018659
    -0.01210327    -0.01213455     0.00003128
    -0.02387249    -0.02401581     0.00014332
    -0.00912621    -0.00933412     0.00020791
    -0.01133047    -0.01113572    -0.00019475
    -0.02871887    -0.02869098    -0.00002789
    -0.01885499    -0.01894909     0.00009410
    -0.01944836    -0.01952717     0.00007881
    -0.02629227    -0.02636742     0.00007515
    -0.03230854    -0.03231913     0.00001059
    -0.04100367    -0.04121404     0.00021038
    -0.01170449    -0.01172140     0.00001691
    -0.02222762    -0.02220713    -0.00002049
    -0.02308347    -0.02340701     0.00032354
    -0.00905715    -0.00958026     0.00052311
    -0.01691879    -0.01712199     0.00020321
    -0.01356863    -0.01384200     0.00027337
    -0.01913940    -0.01917230     0.00003290
    -0.03132578    -0.03138204     0.00005626
     0.00441137     0.00413266     0.00027872
    -0.03537888    -0.03565979     0.00028090
    -0.02691750    -0.02705338     0.00013588
    -0.03236590    -0.03249684     0.00013094
    -0.03793958    -0.03808279     0.00014321
    -0.00987028    -0.01016154     0.00029126
    -0.02147642    -0.02173469     0.00025827
    -0.02044318    -0.02045524     0.00001206
    -0.01704363    -0.01730111     0.00025747
    -0.00869967    -0.00893012     0.00023045
    -0.01902424    -0.01924834     0.00022409
    -0.01756095    -0.01765234     0.00009139
    -0.01155308    -0.01157110     0.00001802
    -0.02911863    -0.02903762    -0.00008101
    -0.02132730    -0.02161008     0.00028278
    -0.02227135    -0.02239389     0.00012255
    -0.03048761    -0.03062113     0.00013352
    -0.02529004    -0.02520266    -0.00008738
    -0.02254278    -0.02254723     0.00000445
    -0.02681693    -0.02692755     0.00011062
    -0.01522594    -0.01558024     0.00035430
    -0.01848067    -0.01862230     0.00014164
    -0.02565163    -0.02586091     0.00020928
    -0.01544627    -0.01565225     0.00020598
    -0.02792076    -0.02770315    -0.00021761
    -0.01989000    -0.02001341     0.00012341
    -0.02038149    -0.02050078     0.00011929
    -0.02778699    -0.02798985     0.00020286
    -0.01371073    -0.01375834     0.00004761
    -0.02383761    -0.02414585     0.00030824
    -0.01665949    -0.01672565     0.00006616
    -0.03215787    -0.03227497     0.00011710
    -0.03285652    -0.03302313     0.00016661
    -0.01478781    -0.01516099     0.00037318
    -0.02721759    -0.02746915     0.00025156
    -0.02557601    -0.02575173     0.00017572
    -0.01659016    -0.01678095     0.00019080
    -0.03283925    -0.03302474     0.00018549
    -0.02374607    -0.02378681     0.00004074
    -0.02879699    -0.02905161     0.00025462
    -0.02206865    -0.02215655     0.00008790
    -0.02594543    -0.02619684     0.00025141
    -0.01957182    -0.01966459     0.00009277
    -0.01829163    -0.01844389     0.00015226
    -0.02075037    -0.02089948     0.00014911
    -0.02116942    -0.02144320     0.00027378
    -0.00316191    -0.00336570     0.00020380
    -0.00171837    -0.00190390     0.00018553
    -0.02942359    -0.02937909    -0.00004450
    -0.00164340    -0.00184105     0.00019765
    -0.01831811    -0.01831047    -0.00000764
     0.03689978     0.03712597    -0.00022618
     0.02867261     0.02910138    -0.00042877
     0.04027941     0.04039653    -0.00011712
    -0.02622138    -0.02645728     0.00023590
     0.03808187     0.03839361    -0.00031174
    -0.00132457    -0.00156994     0.00024537
     0.03749231     0.03777347    -0.00028116
     0.05108943     0.05158622    -0.00049678
     0.03787403     0.03819918    -0.00032515
    -0.02683851    -0.02681623    -0.00002228
    -0.02334906    -0.02336090     0.00001185
     0.04251801     0.04301664    -0.00049863
     0.04518875     0.04526841    -0.00007966
     0.04610022     0.04602644     0.00007378
    -0.02399144    -0.02405455     0.00006311
    -0.02395519    -0.02401783     0.00006264
    -0.02395519    -0.02401783     0.00006264
     0.03975605     0.03997140    -0.00021535
     0.04622238     0.04626487    -0.00004250
    -0.03730929    -0.03752490     0.00021561
     0.01515484     0.01519674    -0.00004190
    -0.01958771    -0.01958792     0.00000021
    -0.02793815    -0.02790050    -0.00003764
     0.03809553     0.03837054    -0.00027501
    -0.02208784    -0.02233983     0.00025200
     0.01667990     0.01686928    -0.00018938
    -0.02518607    -0.02526762     0.00008155
     0.05688921     0.05697801    -0.00008879
     0.05214053     0.05238343    -0.00024290
     0.01356436     0.01358353    -0.00001917
     0.04167043     0.04203561    -0.00036518
    -0.03021460    -0.03021068    -0.00000392
    -0.02147367    -0.02134207    -0.00013160
    -0.01991182    -0.01993481     0.00002298
    -0.01421770    -0.01387955    -0.00033815
    -0.02089633    -0.02089986     0.00000353
     0.05296786     0.05284103     0.00012683
    -0.02647360    -0.02644711    -0.00002649
    -0.02020007    -0.02036055     0.00016047
    -0.02346743    -0.02353552     0.00006810
    -0.03990270    -0.04000350     0.00010081
     0.01417857     0.01426473    -0.00008615
     0.04170629     0.04209911    -0.00039282
     0.04882457     0.04898909    -0.00016451
     0.04438248     0.04460861    -0.00022613
    -0.02082558    -0.02091985     0.00009427
     0.05037628     0.05039747    -0.00002120
    -0.03728978    -0.03750798     0.00021820
    -0.03571492    -0.03593996     0.00022504
    -0.02641349    -0.02651122     0.00009773
     0.05312329     0.05331101    -0.00018772
    -0.02224215    -0.02224384     0.00000169
    -0.02503382    -0.02501917    -0.00001466
     0.00816872     0.00824281    -0.00007409
     0.04048801     0.04072113    -0.00023312
    -0.02905362    -0.02904153    -0.00001209
    -0.02362239    -0.02361759    -0.00000481
    -0.03433133    -0.03452071     0.00018938
    -0.02163088    -0.02182102     0.00019014
     0.04766229     0.04768776    -0.00002547
     0.00977044     0.00993161    -0.00016117
    -0.02767191    -0.02778332     0.00011141
     0.05906621     0.05894848     0.00011772
    -0.03296083    -0.03312562     0.00016479
    -0.02961217    -0.02988883     0.00027666
    -0.03160651    -0.03175406     0.00014755
    -0.02895898    -0.02908209     0.00012311
    -0.03027158    -0.03040603     0.00013445
    -0.02166456    -0.02165272    -0.00001184
     0.05976654     0.06016664    -0.00040009
     0.02680221     0.02731025    -0.00050804
     0.04557548     0.04578280    -0.00020732
    -0.03417867    -0.03437681     0.00019814
     0.05636096     0.05665186    -0.00029090
     0.04042741     0.04087570    -0.00044828
     0.06032068     0.06065799    -0.00033732
    -0.02059584    -0.02059119    -0.00000465
     0.05968823     0.05982239    -0.00013416
    -0.02240768    -0.02271146     0.00030378
     0.04137304     0.04159615    -0.00022312
    -0.02489445    -0.02504401     0.00014956
     0.04609919     0.04624611    -0.00014692
    -0.03129701    -0.03146766     0.00017064
     0.03046541     0.03071432    -0.00024891
    -0.03443312    -0.03432238    -0.00011075
    -0.00981833    -0.00983851     0.00002018
    -0.05612806    -0.05641993     0.00029187
     0.06027646     0.06011136     0.00016510
     0.00274019     0.00339841    -0.00065822
     0.05797171     0.05813929    -0.00016758
    -0.02464103    -0.02472883     0.00008780
    -0.04425257    -0.04420361    -0.00004896
    -0.04753922    -0.04771458     0.00017536
    -0.00979136    -0.00957533    -0.00021603
     0.01749151     0.01742999     0.00006152
    -0.04098878    -0.04100824     0.00001945
    -0.00111523    -0.00097885    -0.00013638
    -0.00111523    -0.00097885    -0.00013638
    -0.00111523    -0.00097885    -0.00013638
    -0.00111523    -0.00097885    -0.00013638
    -0.00111523    -0.00097885    -0.00013638
    -0.03900845    -0.03897876    -0.00002969
    -0.01374619    -0.01372931    -0.00001688
     0.03284667     0.03284718    -0.00000051
    -0.00189266    -0.00175087    -0.00014179
     0.03284403     0.03284421    -0.00000017
    -0.00184311    -0.00172341    -0.00011970
     0.01597208     0.01582351     0.00014856
     0.01199181     0.01187383     0.00011798
    -0.03096509    -0.03107604     0.00011095
     0.00272949     0.00288397    -0.00015448
    -0.00145361    -0.00153748     0.00008387
    -0.03257940    -0.03274751     0.00016811
    -0.03444613    -0.03459289     0.00014676
    -0.00168526    -0.00173686     0.00005160
     0.01388521     0.01356508     0.00032013
    -0.00139720    -0.00141238     0.00001519
    -0.00131426    -0.00135220     0.00003794
    -0.00147078    -0.00153701     0.00006624
    -0.00155083    -0.00158871     0.00003788
    -0.00177982    -0.00173726    -0.00004256
    -0.00137605    -0.00139675     0.00002070
    -0.02442214    -0.02453391     0.00011177
    -0.00160446    -0.00161295     0.00000848
    -0.00175592    -0.00177383     0.00001791
    -0.00082600    -0.00080004    -0.00002596
    -0.00082600    -0.00080004    -0.00002596
    -0.00082600    -0.00080004    -0.00002596
    -0.00082600    -0.00080004    -0.00002596
    -0.00082600    -0.00080004    -0.00002596
    -0.00082600    -0.00080004    -0.00002596
    -0.00082600    -0.00080004    -0.00002596
    -0.00082600    -0.00080004    -0.00002596
    -0.00082600    -0.00080004    -0.00002596
    -0.00082600    -0.00080004    -0.00002596
    -0.00082600    -0.00080004    -0.00002596
    -0.00082600    -0.00080004    -0.00002596
     0.00290427     0.00307665    -0.00017238
    -0.00137091    -0.00142285     0.00005194
    -0.03938783    -0.03965580     0.00026797
    -0.00186991    -0.00184879    -0.00002112
    -0.01505141    -0.01505472     0.00000331
     0.04663828     0.04661429     0.00002398
    -0.02179814    -0.02181843     0.00002028
    -0.00141635    -0.00144413     0.00002778
    -0.03592861    -0.03600132     0.00007271
    -0.00157491    -0.00159320     0.00001828
    -0.00155429    -0.00155858     0.00000429
     0.01531242     0.01500553     0.00030688
    -0.02966025    -0.02972350     0.00006325
    -0.03510291    -0.03507619    -0.00002671
     0.01312726     0.01299925     0.00012801
    -0.03641681    -0.03642997     0.00001316
    -0.02210452    -0.02221532     0.00011081
    -0.03206339    -0.03205478    -0.00000862
    -0.03836079    -0.03856634     0.00020555
    -0.00045536    -0.00051116     0.00005581
    -0.00339261    -0.00344625     0.00005364
    -0.00243839    -0.00234109    -0.00009729
     0.00146022     0.00147896    -0.00001874
    -0.03850623    -0.03896567     0.00045943
     0.00982532     0.00992382    -0.00009849
    -0.01095533    -0.01116333     0.00020799
    -0.01935622    -0.01948900     0.00013278
    -0.03566161    -0.03561976    -0.00004185
    -0.03394400    -0.03401928     0.00007528
     0.00176988     0.00162961     0.00014027
     0.01010669     0.00793829     0.00216840
    -0.03434744    -0.03438002     0.00003258
    -0.02746456    -0.02796866     0.00050410
     0.00348464     0.00334848     0.00013615
    -0.02617991    -0.02627510     0.00009519
    -0.00862936    -0.00863865     0.00000930
    -0.03484851    -0.03486156     0.00001305
    -0.02632748    -0.02629482    -0.00003266
    -0.04742732    -0.04768161     0.00025428
    -0.01375873    -0.01381691     0.00005818
    -0.03719318    -0.03722242     0.00002924
    -0.01931641    -0.01920341    -0.00011300
    -0.03915011    -0.03955463     0.00040452
    -0.03719258    -0.03721247     0.00001990
    -0.03806451    -0.03809945     0.00003493
    -0.02513951    -0.02514986     0.00001035
    -0.01351323    -0.01350854    -0.00000469
    -0.01048746    -0.01052395     0.00003649
    -0.03902586    -0.03893214    -0.00009372
    -0.02791417    -0.02801457     0.00010040
    -0.03515907    -0.03515553    -0.00000354
    -0.03320965    -0.03317314    -0.00003651
    -0.03469950    -0.03481430     0.00011480
    -0.03207063    -0.03224438     0.00017375
    -0.03149013    -0.03167161     0.00018148
    -0.02740361    -0.02731067    -0.00009294
    -0.03239371    -0.03229293    -0.00010078
    -0.03311087    -0.03331685     0.00020598
    -0.03746532    -0.03763289     0.00016757
    -0.00180025    -0.00144520    -0.00035505
    -0.00180025    -0.00144520    -0.00035505
    -0.00276389    -0.00239838    -0.00036551
    -0.00209811    -0.00187056    -0.00022755
     0.03009152     0.02966611     0.00042541
     0.03742134     0.03728694     0.00013440
    -0.00251754    -0.00220767    -0.00030987
     0.00060042     0.00093867    -0.00033825
     0.02943091     0.02916343     0.00026748
    -0.01807519    -0.01795106    -0.00012413
     0.00362287     0.00395444    -0.00033157
     0.01397792     0.01404937    -0.00007145
    -0.00231436    -0.00204664    -0.00026771
    -0.00543387    -0.00518449    -0.00024938
    -0.00142267    -0.00115264    -0.00027002
    -0.00142294    -0.00115264    -0.00027029
    -0.00216453    -0.00183184    -0.00033269
    -0.00271847    -0.00234783    -0.00037064
     0.01718399     0.01766167    -0.00047768
    -0.00703284    -0.00690267    -0.00013017
    -0.00228023    -0.00201477    -0.00026547
    -0.00221049    -0.00195749    -0.00025300
    -0.01262135    -0.01229442    -0.00032693
    -0.00208066    -0.00183875    -0.00024191
    -0.01610688    -0.01574123    -0.00036566
     0.00665838     0.00685574    -0.00019736
    -0.00161230    -0.00129585    -0.00031645
    -0.00161230    -0.00129585    -0.00031645
    -0.00190257    -0.00163005    -0.00027252
    -0.00210162    -0.00185322    -0.00024840
    -0.00250407    -0.00215567    -0.00034840
     0.03054171     0.03026271     0.00027899
    -0.00205304    -0.00174387    -0.00030917
     0.03527096     0.03504538     0.00022558
    -0.00252369    -0.00217592    -0.00034777
    -0.01251906    -0.01233311    -0.00018595
    -0.00910637    -0.00884664    -0.00025973
     0.02964044     0.02970714    -0.00006670
     0.03543154     0.03534090     0.00009064
    -0.00247822    -0.00214186    -0.00033637
    -0.00198850    -0.00212605     0.00013755
    -0.00747848    -0.00783100     0.00035252
    -0.00237055    -0.00205338    -0.00031717
    -0.00224687    -0.00195840    -0.00028847
    -0.01175053    -0.01150413    -0.00024640
    -0.00230883    -0.00200768    -0.00030115
     0.00014985     0.00016266    -0.00001281
     0.02401688     0.02355742     0.00045946
     0.00945688     0.00987677    -0.00041989
     0.01622196     0.01582263     0.00039933
    -0.00385694    -0.00374656    -0.00011038
     0.02818177     0.02814962     0.00003215
     0.00474890     0.00461237     0.00013653
    -0.02610625    -0.02595797    -0.00014828
     0.02285166     0.02249476     0.00035690
     0.00751750     0.00752231    -0.00000481
     0.03044105     0.03005875     0.00038230
     0.03056900     0.03064691    -0.00007791
     0.01208496     0.01222119    -0.00013624
     0.02030190     0.02007622     0.00022568
    -0.02296943    -0.02300513     0.00003570
    -0.01140339    -0.01133858    -0.00006481
     0.03698800     0.03684318     0.00014482
     0.03256468     0.03279380    -0.00022911
     0.02695054     0.02658599     0.00036455
     0.05616743     0.05595369     0.00021374
     0.02790675     0.02783140     0.00007534
     0.03150883     0.03159720    -0.00008837
     0.03063091     0.03021653     0.00041438
     0.02409862     0.02366287     0.00043575
     0.02807203     0.02761846     0.00045357
     0.00561727     0.00585008    -0.00023280
     0.01179682     0.01161685     0.00017997
     0.00018749     0.00034278    -0.00015530
    -0.00067710    -0.00070912     0.00003202
    -0.00894204    -0.00885457    -0.00008747
    -0.04658132    -0.04674221     0.00016089
     0.03232884     0.03199671     0.00033213
     0.03246016     0.03255770    -0.00009754
     0.03094052     0.03051617     0.00042434
    -0.02974702    -0.02993943     0.00019240
     0.02793066     0.02750251     0.00042815
     0.00882860     0.00890889    -0.00008029
    -0.00177252    -0.00182165     0.00004913
     0.03342301     0.03352812    -0.00010511
    -0.00249284    -0.00243996    -0.00005288
     0.03439734     0.03450811    -0.00011076
     0.00173445     0.00190845    -0.00017399
    -0.01821892    -0.01811760    -0.00010132
     0.03538248     0.03549731    -0.00011484
     0.03637912     0.03649537    -0.00011625
    -0.02433732    -0.02429564    -0.00004168
    -0.04656203    -0.04582971    -0.00073232
     0.02332380     0.02347596    -0.00015215
    -0.04705929    -0.04736977     0.00031048
     0.02840741     0.02865818    -0.00025077
    -0.02415280    -0.02399710    -0.00015570
    -0.02419748    -0.02415365    -0.00004383
    -0.02223508    -0.02215145    -0.00008362
    -0.02567721    -0.02559472    -0.00008249
    -0.00066401    -0.00095259     0.00028857
    -0.00084913    -0.00118315     0.00033402
    -0.00066374    -0.00095259     0.00028885
    -0.00066374    -0.00095259     0.00028885
    -0.00066374    -0.00095259     0.00028885
    -0.00066374    -0.00095259     0.00028885
    -0.00066374    -0.00095259     0.00028885
    -0.00088037    -0.00121186     0.00033149
     0.02944920     0.02965796    -0.00020876
    -0.00147769    -0.00175286     0.00027517
     0.02290880     0.02281457     0.00009423
    -0.00142073    -0.00172273     0.00030199
    -0.00108530    -0.00106313    -0.00002217
     0.03548438     0.03546090     0.00002349
    -0.00150874    -0.00178256     0.00027383
    -0.00143932    -0.00173935     0.00030003
     0.03303590     0.03327975    -0.00024385
    -0.00160800    -0.00187962     0.00027161
     0.02464519     0.02488279    -0.00023760
     0.05745750     0.05756864    -0.00011114
     0.02682273     0.02710263    -0.00027990
    -0.00164901    -0.00191099     0.00026198
    -0.00111126    -0.00107561    -0.00003565
    -0.00025527    -0.00060021     0.00034494
    -0.00113471    -0.00144916     0.00031445
    -0.00158286    -0.00184923     0.00026637
    -0.00145004    -0.00173292     0.00028287
     0.03183297     0.03203500    -0.00020203
    -0.00145290    -0.00175194     0.00029904
    -0.00162283    -0.00188641     0.00026358
     0.02674313     0.02665311     0.00009003
     0.03720613     0.03710841     0.00009772
     0.03148200     0.03192417    -0.00044218
    -0.00131684    -0.00161687     0.00030003
    -0.00108421    -0.00143477     0.00035056
     0.03498252     0.03490036     0.00008216
    -0.00108255    -0.00106572    -0.00001683
     0.02425767     0.02452101    -0.00026333
     0.03192775     0.03173864     0.00018911
     0.03372242     0.03383434    -0.00011192
    -0.00142816    -0.00171974     0.00029158
    -0.00035742    -0.00070456     0.00034714
    -0.00047582    -0.00081564     0.00033983
     0.02886927     0.02875968     0.00010959
     0.02753735     0.02760457    -0.00006722
    -0.00093066    -0.00128172     0.00035107
    -0.04074018    -0.04086444     0.00012426
    -0.00113828    -0.00146263     0.00032435
    -0.00125439    -0.00158866     0.00033427
    -0.00095049    -0.00129578     0.00034528
    -0.00105939    -0.00105578    -0.00000361
    -0.00130949    -0.00163675     0.00032725
     0.03165947     0.03161607     0.00004340
     0.02534278     0.02543515    -0.00009237
    -0.00136468    -0.00167033     0.00030566
     0.02311161     0.02291591     0.00019570
    -0.00117882    -0.00150419     0.00032536
    -0.00098432    -0.00133185     0.00034753
    -0.01359342    -0.01370492     0.00011150
    -0.00144209    -0.00174268     0.00030058
    -0.00128255    -0.00161570     0.00033315
    -0.00102946    -0.00138373     0.00035427
    -0.00126288    -0.00158474     0.00032186
     0.03468524     0.03471651    -0.00003127
    -0.02530814    -0.02497437    -0.00033377
    -0.00104519    -0.00139778     0.00035259
     0.03325925     0.03319473     0.00006452
    -0.00131396    -0.00163448     0.00032053
    -0.00122666    -0.00156863     0.00034196
    -0.00108029    -0.00142545     0.00034516
    -0.00112642    -0.00147720     0.00035079
     0.02388357     0.02372897     0.00015459
    -0.00131279    -0.00164223     0.00032945
    -0.00114748    -0.00149915     0.00035167
     0.01057658     0.01092696    -0.00035039
     0.03626195     0.03656531    -0.00030336
     0.03617871     0.03626188    -0.00008318
    -0.01649824    -0.01697946     0.00048122
     0.02860311     0.02910241    -0.00049930
    -0.00124405    -0.00158416     0.00034011
    -0.00119613    -0.00154009     0.00034396
     0.02626838     0.02646921    -0.00020083
     0.03173947     0.03176757    -0.00002810
    -0.00507933    -0.00501370    -0.00006563
     0.03187653     0.03184465     0.00003189
     0.01105969     0.01144734    -0.00038765
     0.04086693     0.04086223     0.00000470
     0.03629765     0.03643101    -0.00013336
     0.02698287     0.02741514    -0.00043227
     0.03022940     0.03045685    -0.00022745
     0.03648669     0.03657321    -0.00008652
     0.01972975     0.01937106     0.00035869
     0.04369928     0.04435706    -0.00065778
     0.04855978     0.04889575    -0.00033597
     0.03706155     0.03715668    -0.00009513
     0.04360189     0.04404945    -0.00044756
     0.03587903     0.03598567    -0.00010664
    -0.01108154    -0.01135746     0.00027592
     0.03804508     0.03829937    -0.00025428
     0.03135916     0.03135697     0.00000219
    -0.00247890    -0.00260884     0.00012994
     0.02366060     0.02367726    -0.00001666
     0.01876756     0.01874662     0.00002094
     0.01237441     0.01250282    -0.00012842
     0.01185614     0.01196578    -0.00010964
    -0.00174855    -0.00187490     0.00012635
     0.01147276     0.01140838     0.00006438
    -0.00321511    -0.00310232    -0.00011279
     0.01391071     0.01378471     0.00012599
    -0.02699193    -0.02711329     0.00012136
     0.00739706     0.00745021    -0.00005315
     0.01117857     0.01102852     0.00015005
     0.01629391     0.01623453     0.00005937
     0.01916860     0.01925270    -0.00008410
     0.01352360     0.01359839    -0.00007479
     0.01453991     0.01447851     0.00006140
     0.00570800     0.00560410     0.00010389
     0.01463589     0.01473104    -0.00009515
     0.02387780     0.02387209     0.00000571
     0.01867466     0.01867852    -0.00000386
     0.01070227     0.01068593     0.00001634
     0.01951957     0.01961536    -0.00009578
    -0.02036024    -0.02049395     0.00013371
     0.00698119     0.00689284     0.00008835
     0.01789543     0.01778418     0.00011125
    -0.01142788    -0.01145538     0.00002750
     0.01794107     0.01817199    -0.00023092
     0.00869845     0.00855628     0.00014216
     0.01249495     0.01249389     0.00000106
     0.00705654     0.00707077    -0.00001424
     0.01619763     0.01606157     0.00013606
    -0.01869961    -0.01884598     0.00014637
     0.02217287     0.02216268     0.00001019
     0.01234874     0.01248473    -0.00013598
    -0.00887733    -0.00872208    -0.00015525
     0.00981041     0.00979598     0.00001444
     0.01617818     0.01607912     0.00009906
     0.02218237     0.02219353    -0.00001116
     0.02053401     0.02060161    -0.00006760
     0.00315638     0.00307711     0.00007927
    -0.00192469    -0.00206813     0.00014344
     0.01280252     0.01288844    -0.00008591
    -0.00810238    -0.00812817     0.00002579
     0.01368466     0.01388281    -0.00019815
     0.03003827     0.02996433     0.00007394
     0.00309274     0.00333547    -0.00024274
    -0.01501938    -0.01490955    -0.00010983
     0.01812964     0.01801459     0.00011505
     0.01687288     0.01693356    -0.00006068
     0.01208830     0.01215491    -0.00006661
     0.01468999     0.01467402     0.00001597
     0.00516965     0.00505269     0.00011696
     0.00033239     0.00022879     0.00010360
     0.00450593     0.00446325     0.00004268
     0.00407031     0.00394648     0.00012382
     0.00924725     0.00926819    -0.00002094
     0.02105767     0.02097315     0.00008452
     0.02124401     0.02120925     0.00003476
     0.00750917     0.00737432     0.00013486
     0.04010009     0.03997100     0.00012908
    -0.00201838    -0.00218400     0.00016562
     0.00300898     0.00285592     0.00015306
    -0.02679282    -0.02669991    -0.00009291
     0.01843120     0.01851383    -0.00008264
     0.00393877     0.00383123     0.00010754
     0.01751151     0.01759035    -0.00007884
     0.02403500     0.02401248     0.00002252
     0.01631116     0.01610402     0.00020713
     0.02139248     0.02130575     0.00008673
     0.00948344     0.00932374     0.00015970
    -0.00236932    -0.00241176     0.00004244
     0.01581324     0.01601742    -0.00020418
     0.01891779     0.01880042     0.00011737
     0.01946754     0.01949902    -0.00003148
     0.02782176     0.02775348     0.00006829
     0.01617363     0.01620178    -0.00002814
    -0.01970752    -0.01952871    -0.00017881
     0.01998791     0.02003891    -0.00005101
     0.02358977     0.02350544     0.00008433
     0.02259813     0.02256424     0.00003390
     0.00847425     0.00838954     0.00008471
    -0.01211982    -0.01213851     0.00001869
     0.00772074     0.00757851     0.00014224
     0.00675729     0.00668880     0.00006849
     0.01436720     0.01454939    -0.00018219
    -0.00963316    -0.00934580    -0.00028736
     0.00642230     0.00630180     0.00012049
     0.00510951     0.00496928     0.00014023
     0.01633807     0.01660880    -0.00027073
     0.01338504     0.01346432    -0.00007928
     0.00616338     0.00599639     0.00016699
     0.01601896     0.01593522     0.00008374
     0.02199358     0.02205731    -0.00006374
    -0.00732560    -0.00726911    -0.00005649
     0.01231201     0.01225813     0.00005388
     0.01178522     0.01169684     0.00008838
    -0.02020739    -0.02027445     0.00006706
     0.01935189     0.01933190     0.00001999
     0.01514945     0.01506996     0.00007949
     0.01514276     0.01506554     0.00007722
     0.00020610     0.00018861     0.00023577     0.00039195     0.00216840
