28291
27227
8831
27560
32015
23761
29776
16887
21334
15245
22747
15689
3048
18475
31649
9829
12967
15604
22826
23957
16922
2276
17502
24990
27382
23831
26295
16528
3147
6135
10675
21063
8451
19268
10234
284
17330
7271
13831
19626
15558
19859
858
28019
1461
17523
24100
2686
29975
18797
12687
9764
18437
21706
1447
4906
26911
1677
25397
24913
23908
16595
19816
23382
32186
29796
31255
15564
27334
8368
5267
32076
20047
10445
6351
5853
7314
3006
19967
77
22054
14469
29226
18259
24750
27739
28527
9878
248
12546
24019
19353
13646
16844
21514
15498
5562
8612
28822
12009
7313
10083
32136
32134
14854
24280
7099
7355
7663
7661
9556
21688
22148
13018
23615
8272
7324
8053
8544
7694
8082
7177
14212
7756
7492
7307
6862
7413
24023
14643
12813
12146
7073
7333
18078
9060
24940
22417
7025
13568
7602
7871
23447
13564
7146
22522
32135
19308
8256
32261
13374
8993
6904
7093
6964
6805
7188
11511
12441
18108
6568
6728
6709
6733
13398
22755
10951
7619
8190
8627
26251
7054
24556
11001
10674
32057
8240
10273
11200
6829
25964
7518
7538
10738
20093
8461
22291
22525
14064
11759
11410
7544
7509
7837
7083
16638
10500
13043
15789
12103
32209
32201
32204
32207
32208
32202
32206
32203
29068
28959
16128
16899
28872
29343
28923
28975
29205
29058
28919
28808
28838
29120
29370
29430
29131
14128
13613
29479
28779
29016
27042
29447
29496
29488
29433
29399
32333
13176
28211
29338
13081
29236
29222
22018
29397
29144
29395
28355
29473
29420
20628
32374
32369
32376
32373
32372
32375
32377
32370
32379
32380
32371
32378
29310
25658
28946
28648
32417
29458
29406
29260
29424
28875
29437
29413
29142
29478
29441
29065
32289
32286
32288
32292
32285
32287
32296
32290
32291
32295
32293
32294
29157
25113
29162
28971
29095
28652
29492
29321
29402
12411
28470
29220
13432
10521
16842
24446
8731
9782
29037
29392
16824
14400
20561
24874
11748
27255
28649
29254
23534
28943
29372
16167
28800
29347
13025
22646
23065
14718
9102
13141
14114
20560
15306
22262
22120
13721
17011
9413
21507
29177
21939
21773
10970
16031
13944
17316
12839
10549
26687
20066
20602
12039
14172
11002
17361
7621
28248
16806
28916
11908
16237
26864
11310
10774
19446
20403
19362
22032
20686
14025
27518
29017
11639
24406
20613
14034
27726
27690
11162
19832
12990
12801
9738
12420
18794
24817
13563
23073
15713
18361
25408
17186
26076
25796
22811
28861
20994
17528
27820
7804
25626
14967
11916
9953
14806
9926
10113
16129
7779
13670
8484
7577
10114
11616
8058
11484
13256
13570
8039
14470
14566
8556
14234
10626
10566
10172
9723
10775
10086
10678
12165
8878
9347
13300
7991
11400
10631
7789
13273
14260
10691
9211
13365
9012
11597
11522
10765
9457
10868
12988
8953
12854
11911
11566
12591
13894
9287
10739
10003
9119
8665
12193
11688
10763
12646
11179
14068
12620
9590
14027
14660
11273
18736
13486
12916
9607
10026
15954
13375
10124
13937
13264
8608
8916
8712
11932
12763
11526
11619
13094
11268
12643
9398
10712
11860
11426
9861
8598
14386
27379
29168
27853
24408
28366
27587
32468
32474
25064
29113
29010
27205
28824
28782
32486
32478
28596
28566
27415
28481
28956
29483
29481
24043
28584
28752
28419
16218
27445
27554
29125
28802
29178
28976
28276
29418
25377
28516
29012
32393
29490
29477
26832
29082
32465
29071
25321
27240
27232
28843
24973
29234
32466
32476
29410
29431
22250
28313
27993
28532
26829
26432
20890
28643
29130
26883
29494
28155
28036
27010
28887
29476
27658
29225
28644
13685
29414
28409
29150
28407
27997
27579
29382
28142
27932
28681
28392
28235
27743
22787
28578
27435
27754
28698
28526
28997
26774
28108
27698
28431
