                  1.40342743137445835622
                  1.23092759794660344674
                  1.01610761005418881453
                  0.74942410206118204030
                 -0.60507426328644664526
                  0.55632069162026931419
                 -0.40223268719755761458
                  0.07893394566165702619
                 -0.53664936039958055503
                  0.49764610896095484716
                  0.61098816852056114790
                 -0.69059938283187294328
                 -1.26966338423618596565
                  1.35726164548853867053
                 -1.51025247939303919331
                  1.69739183555503703182
                 -1.42673026582563444720
                 -1.27284520884338747670
                  0.83621948669109857910
                 -0.53936396583777523883
                  0.36535382406699490332
                 -0.24205285748776908528
                 -0.08233813018732834277
                  0.37176662250505265739
                  0.44607669096301755252
                  0.71065587206097036166
                 -0.94010696192702269958
                 -1.34522813010540032153
                  1.39510567600133295052
                 -1.63527276144137689862
                 -0.58233282219408766256
