                  1.40096485724074470980
                  1.24860475451825037041
                 -1.06575000575913181322
                  0.82016024675129317600
                  0.62841551405525952756
                  0.26742884586355236687
                 -0.17288332913113577116
                 -0.06977281972402414600
                 -0.33543399623860115089
                 -0.49546793305254838158
                  0.54126337813380553943
                 -1.00508288426798220172
                  1.04080989898570641650
                 -1.45817335530354541540
                 -1.45485160662987222935
                 -1.71331972011316691074
                 -1.33842021652952136712
                 -1.23596401831995317266
                  1.00137059152529706019
                  0.71674089609276592228
                 -0.46474713141146928308
                 -0.23667721338443142853
                  0.07348978566788441635
                 -0.27537980467039629984
                 -0.59429105401871784586
                  0.72655901290585145347
                  1.01334048951467181610
                  1.17032148404042812828
                 -1.50490944354126554572
                  1.55847500242248759861
                 -0.31736426086484459397
