                  1.62050040234343395440
                  1.35455955356374002641
                 -1.12224756617823717697
                 -1.34727782727466771640
                  1.07899510756198147021
                 -0.22765934745412147455
                  0.21485495592194153724
                 -0.45246263706461609111
                  0.09402023968969537571
                 -0.80473703171539878731
                  0.85591298723433617557
                  0.21622874710044426294
                  1.09312692343514417104
                 -1.20551899005804852294
                 -1.19750378626845499497
                 -1.48812330251110624957
                 -1.33459911069110015447
                 -1.21118549618751436547
                  0.99197008986516455042
                 -0.87308339964330750060
                 -0.63549883572037380031
                 -0.22509487014802664895
                  0.04339579794151355446
                  0.12900220661709063674
                 -0.42342701212351452345
                 -0.66820464251880984374
                  0.77828127045465556044
                 -0.98939530329770675188
                  1.39685077440499072488
                  1.42030829276298020680
                  0.07786684550736409915
