     0.00013105     0.00011849     0.00001256
     0.02248545     0.02261835    -0.00013290
    -0.01472814    -0.01467050    -0.00005763
     0.03938440     0.03939197    -0.00000757
    -0.00835920    -0.00836960     0.00001040
     0.01503587     0.01504410    -0.00000823
     0.00008727     0.00008247     0.00000480
    -0.02133286    -0.02133124    -0.00000161
    -0.02912807    -0.02913211     0.00000404
    -0.01862652    -0.01862414    -0.00000238
     0.01521862     0.01523506    -0.00001644
     0.00163704     0.00162178     0.00001526
    -0.00086611    -0.00068248    -0.00018363
     0.02370240     0.02368780     0.00001459
    -0.00005693    -0.00006600     0.00000907
    -0.01545324    -0.01543825    -0.00001499
     0.02800090     0.02794390     0.00005700
     0.01375955     0.01370986     0.00004969
    -0.02915009    -0.02916685     0.00001676
     0.01361105     0.01361539    -0.00000433
     0.02544344     0.02544157     0.00000186
    -0.00275083    -0.00281364     0.00006281
     0.03055158     0.03052771     0.00002388
     0.01867354     0.01866764     0.00000591
     0.04042456     0.04044239    -0.00001783
     0.02956705     0.02949214     0.00007491
     0.04064772     0.04060798     0.00003973
     0.00783462     0.00784497    -0.00001035
    -0.00106399    -0.00090871    -0.00015528
    -0.00287785    -0.00292682     0.00004897
    -0.00785737    -0.00782248    -0.00003489
     0.03260876     0.03262904    -0.00002027
    -0.01014865    -0.01009841    -0.00005024
    -0.01674700    -0.01680469     0.00005768
     0.01755034     0.01753638     0.00001396
     0.03207763     0.03204742     0.00003021
     0.03335830     0.03361091    -0.00025261
    -0.01619026    -0.01617546    -0.00001480
    -0.01555860    -0.01556217     0.00000357
     0.02413010     0.02413517    -0.00000506
    -0.00133532    -0.00137475     0.00003943
    -0.01508177    -0.01508071    -0.00000106
    -0.00062769    -0.00079588     0.00016819
     0.04314458     0.04316042    -0.00001584
    -0.00200785    -0.00203954     0.00003169
    -0.00702680    -0.00698396    -0.00004283
    -0.00672682    -0.00672909     0.00000227
    -0.00113961    -0.00096604    -0.00017358
    -0.00016931    -0.00007858    -0.00009073
    -0.03058620    -0.03059815     0.00001196
    -0.01978553    -0.01979114     0.00000560
     0.00390677     0.00394730    -0.00004054
    -0.02415895    -0.02409718    -0.00006177
    -0.00141415    -0.00142160     0.00000745
    -0.00150210    -0.00159671     0.00009461
    -0.00046861    -0.00048378     0.00001517
    -0.00948352    -0.00951002     0.00002650
    -0.00063144    -0.00080484     0.00017340
     0.02863800     0.02866975    -0.00003175
    -0.02603109    -0.02609750     0.00006641
     0.03337656     0.03344115    -0.00006459
     0.00847001     0.00844194     0.00002807
     0.00721630     0.00722751    -0.00001121
     0.01381827     0.01381666     0.00000161
    -0.01201883    -0.01201378    -0.00000506
     0.00003924     0.00008004    -0.00004080
    -0.00226382    -0.00218910    -0.00007472
     0.00662306     0.00663265    -0.00000959
     0.00540130     0.00547429    -0.00007299
    -0.01086975    -0.01091209     0.00004234
    -0.00046297    -0.00048522     0.00002225
    -0.00915903    -0.00917984     0.00002081
     0.02074457     0.02068734     0.00005724
    -0.01618160    -0.01614172    -0.00003989
     0.00505637     0.00518133    -0.00012496
    -0.00045593    -0.00048804     0.00003212
    -0.01848072    -0.01846019    -0.00002053
    -0.00072581    -0.00067745    -0.00004836
     0.02089919     0.02096963    -0.00007044
     0.01791889     0.01793406    -0.00001517
    -0.00573270    -0.00568093    -0.00005177
     0.01941832     0.01941161     0.00000671
    -0.03183324    -0.03223067     0.00039743
     0.02524346     0.02526921    -0.00002575
     0.01616871     0.01617926    -0.00001055
     0.03466148     0.03466933    -0.00000784
     0.02785445     0.02789718    -0.00004274
    -0.01749445    -0.01747921    -0.00001523
     0.00298199     0.00311909    -0.00013711
     0.01512031     0.01514360    -0.00002330
     0.02495826     0.02498785    -0.00002959
     0.01682347     0.01680854     0.00001493
    -0.02238700    -0.02236082    -0.00002618
     0.02828273     0.02818378     0.00009894
     0.03404215     0.03403788     0.00000428
     0.01266883     0.01265497     0.00001386
    -0.00046798    -0.00048524     0.00001726
     0.00920899     0.00932733    -0.00011834
     0.03655798     0.03643094     0.00012704
     0.00619568     0.00608635     0.00010933
    -0.00361196    -0.00358187    -0.00003009
    -0.00463960    -0.00463164    -0.00000796
    -0.00867091    -0.00861256    -0.00005835
    -0.00867118    -0.00861256    -0.00005862
    -0.00893981    -0.00893833    -0.00000148
    -0.00808837    -0.00803009    -0.00005828
    -0.01001722    -0.01001232    -0.00000490
    -0.00585467    -0.00582767    -0.00002700
    -0.00891763    -0.00891607    -0.00000156
    -0.00455508    -0.00454651    -0.00000857
    -0.00611478    -0.00604791    -0.00006687
    -0.00781340    -0.00781248    -0.00000092
    -0.00544089    -0.00541301    -0.00002788
    -0.00429330    -0.00427008    -0.00002323
    -0.00567208    -0.00565040    -0.00002168
    -0.01211699    -0.01214534     0.00002836
    -0.00433075    -0.00431395    -0.00001679
    -0.01094752    -0.01097023     0.00002271
    -0.03422022    -0.03429716     0.00007694
    -0.00693346    -0.00694962     0.00001615
    -0.02450617    -0.02451576     0.00000960
    -0.00440288    -0.00438571    -0.00001717
    -0.00480159    -0.00478294    -0.00001864
    -0.00630354    -0.00628886    -0.00001468
    -0.00778556    -0.00781276     0.00002720
    -0.01037418    -0.01036745    -0.00000673
    -0.00795430    -0.00796374     0.00000944
    -0.00466085    -0.00464897    -0.00001187
    -0.01057690    -0.01059586     0.00001896
    -0.01878446    -0.01875089    -0.00003357
    -0.00562865    -0.00562869     0.00000004
    -0.00502047    -0.00501119    -0.00000929
    -0.00731921    -0.00733439     0.00001518
    -0.01396905    -0.01397657     0.00000752
    -0.00686690    -0.00686752     0.00000061
    -0.02438592    -0.02439740     0.00001149
    -0.01048574    -0.01047450    -0.00001124
    -0.03169354    -0.03165660    -0.00003694
    -0.00549001    -0.00549044     0.00000044
    -0.00571137    -0.00570898    -0.00000239
    -0.01949715    -0.01946448    -0.00003266
    -0.01094850    -0.01095349     0.00000499
    -0.00841934    -0.00841928    -0.00000006
    -0.00841950    -0.00841928    -0.00000022
    -0.00626265    -0.00627274     0.00001010
    -0.01084537    -0.01085406     0.00000869
    -0.00906841    -0.00909396     0.00002555
    -0.01028207    -0.01030070     0.00001864
    -0.01699286    -0.01698404    -0.00000882
    -0.01644292    -0.01642301    -0.00001990
    -0.00944453    -0.00946021     0.00001568
    -0.00947258    -0.00947980     0.00000721
    -0.00636357    -0.00637292     0.00000935
    -0.00661726    -0.00662721     0.00000995
    -0.00782316    -0.00782040    -0.00000276
    -0.00798447    -0.00797591    -0.00000856
    -0.01109977    -0.01108162    -0.00001815
    -0.00743848    -0.00744349     0.00000501
    -0.00791900    -0.00792110     0.00000209
    -0.01626299    -0.01625667    -0.00000632
    -0.01359048    -0.01360389     0.00001341
    -0.00793721    -0.00793323    -0.00000398
    -0.00837104    -0.00834957    -0.00002146
    -0.00840990    -0.00839052    -0.00001937
    -0.01651494    -0.01648249    -0.00003246
    -0.01022517    -0.01021605    -0.00000912
    -0.00702184    -0.00702886     0.00000702
    -0.01029507    -0.01028416    -0.00001092
    -0.03047311    -0.03040695    -0.00006616
    -0.01085269    -0.01087991     0.00002722
    -0.01864614    -0.01863233    -0.00001381
    -0.01145975    -0.01143089    -0.00002886
    -0.01119615    -0.01117254    -0.00002361
    -0.00846625    -0.00845689    -0.00000936
    -0.00801764    -0.00801497    -0.00000268
    -0.00888648    -0.00887895    -0.00000753
    -0.01569887    -0.01567728    -0.00002159
    -0.00865929    -0.00864035    -0.00001894
    -0.02532849    -0.02528529    -0.00004321
    -0.01228872    -0.01230629     0.00001758
    -0.01900661    -0.01897912    -0.00002749
    -0.01073367    -0.01071208    -0.00002159
    -0.01273253    -0.01275029     0.00001776
    -0.01513231    -0.01512976    -0.00000255
    -0.01690129    -0.01689095    -0.00001034
    -0.01799130    -0.01796952    -0.00002178
    -0.01756253    -0.01753888    -0.00002365
    -0.01969966    -0.01967691    -0.00002274
    -0.01501282    -0.01501022    -0.00000260
    -0.01471695    -0.01471931     0.00000236
    -0.00851882    -0.00850887    -0.00000995
    -0.00903168    -0.00903058    -0.00000110
    -0.01107365    -0.01104479    -0.00002886
    -0.01860159    -0.01858026    -0.00002133
    -0.01849427    -0.01847400    -0.00002027
    -0.00949332    -0.00948353    -0.00000979
    -0.01890127    -0.01885044    -0.00005084
    -0.03255078    -0.03254505    -0.00000572
    -0.01214180    -0.01214096    -0.00000084
    -0.02514811    -0.02514220    -0.00000591
    -0.00199813    -0.00202719     0.00002906
    -0.00199813    -0.00202719     0.00002906
    -0.00199813    -0.00202719     0.00002906
    -0.00199813    -0.00202719     0.00002906
    -0.00199813    -0.00202719     0.00002906
    -0.00199813    -0.00202719     0.00002906
    -0.00199813    -0.00202719     0.00002906
    -0.00199813    -0.00202719     0.00002906
     0.01749151     0.01749519    -0.00000368
    -0.00324942    -0.00325426     0.00000484
    -0.00481584    -0.00477811    -0.00003774
    -0.00433665    -0.00430596    -0.00003069
    -0.01162019    -0.01162563     0.00000544
    -0.05506420    -0.05507447     0.00001027
    -0.00475271    -0.00472443    -0.00002829
    -0.00331184    -0.00332030     0.00000846
    -0.00351593    -0.00349411    -0.00002182
     0.03303740     0.03302561     0.00001179
    -0.00345293    -0.00345788     0.00000495
    -0.00366341    -0.00366423     0.00000081
    -0.00360031    -0.00360239     0.00000208
     0.02081181     0.02084358    -0.00003177
    -0.00377373    -0.00374828    -0.00002545
    -0.00777925    -0.00768929    -0.00008996
    -0.00413349    -0.00412583    -0.00000766
    -0.00317981    -0.00318042     0.00000061
    -0.00313543    -0.00313851     0.00000307
     0.03297130     0.03556499    -0.00259369
    -0.00295189    -0.00297633     0.00002444
    -0.00357786    -0.00358291     0.00000505
     0.03381793     0.03377714     0.00004079
    -0.00378622    -0.00376222    -0.00002400
     0.01851672     0.01852844    -0.00001172
    -0.00697896    -0.00692982    -0.00004914
    -0.00596259    -0.00591164    -0.00005094
    -0.00570280    -0.00565351    -0.00004929
    -0.00646189    -0.00641128    -0.00005061
    -0.00369776    -0.00369561    -0.00000214
     0.02929654     0.02934045    -0.00004391
    -0.00327339    -0.00325842    -0.00001497
    -0.00361367    -0.00361416     0.00000049
     0.04882457     0.04879734     0.00002724
     0.04766229     0.04744756     0.00021474
    -0.00784039    -0.00780331    -0.00003708
    -0.00386421    -0.00384147    -0.00002273
    -0.00417466    -0.00415784    -0.00001682
     0.02508060     0.02512492    -0.00004432
     0.00494888     0.00458613     0.00036275
    -0.00687790    -0.00688702     0.00000913
    -0.00615600    -0.00611420    -0.00004181
    -0.00722070    -0.00718883    -0.00003187
    -0.00246312    -0.00245810    -0.00000503
    -0.00246285    -0.00245810    -0.00000475
    -0.00246285    -0.00245810    -0.00000475
    -0.00246285    -0.00245810    -0.00000475
    -0.00246285    -0.00245810    -0.00000475
    -0.00246285    -0.00245810    -0.00000475
    -0.00246285    -0.00245810    -0.00000475
    -0.00246285    -0.00245810    -0.00000475
    -0.00246285    -0.00245810    -0.00000475
    -0.00246285    -0.00245810    -0.00000475
    -0.00246285    -0.00245810    -0.00000475
    -0.00246285    -0.00245810    -0.00000475
    -0.00605170    -0.00605167    -0.00000003
    -0.00347228    -0.00344160    -0.00003068
    -0.00381071    -0.00381798     0.00000727
    -0.00728386    -0.00729906     0.00001519
    -0.00740713    -0.00742181     0.00001468
    -0.00676149    -0.00679156     0.00003007
     0.05312329     0.05315721    -0.00003392
    -0.00375493    -0.00374881    -0.00000612
    -0.00395591    -0.00393822    -0.00001769
     0.04010009     0.04010078    -0.00000069
    -0.00663351    -0.00666233     0.00002882
    -0.00649710    -0.00651287     0.00001577
    -0.00492668    -0.00494252     0.00001584
    -0.00326392    -0.00324918    -0.00001474
    -0.00404827    -0.00403830    -0.00000996
    -0.00454144    -0.00455802     0.00001657
    -0.00226807    -0.00224498    -0.00002309
    -0.00226807    -0.00224498    -0.00002309
    -0.00226807    -0.00224498    -0.00002309
    -0.00226780    -0.00224498    -0.00002282
    -0.00226780    -0.00224498    -0.00002282
    -0.00226780    -0.00224498    -0.00002282
    -0.00226780    -0.00224498    -0.00002282
    -0.00226780    -0.00224498    -0.00002282
    -0.00226780    -0.00224498    -0.00002282
    -0.00226780    -0.00224498    -0.00002282
    -0.00226780    -0.00224498    -0.00002282
    -0.00226780    -0.00224498    -0.00002282
     0.04130144     0.04134965    -0.00004821
    -0.00414574    -0.00414117    -0.00000456
     0.02289427     0.02294456    -0.00005029
     0.02136097     0.02133617     0.00002479
     0.03643583     0.03639567     0.00004016
     0.02604674     0.02603010     0.00001664
     0.02873648     0.02875692    -0.00002044
     0.02287517     0.02278175     0.00009342
     0.02466241     0.02475394    -0.00009152
    -0.02206065    -0.02207370     0.00001305
    -0.02034476    -0.02029825    -0.00004650
    -0.02034476    -0.02029825    -0.00004650
    -0.02204830    -0.02205726     0.00000896
    -0.02564458    -0.02560195    -0.00004264
    -0.02933287    -0.02928249    -0.00005038
    -0.03050184    -0.03039435    -0.00010749
    -0.03260855    -0.03262999     0.00002144
    -0.00760180    -0.00756986    -0.00003194
    -0.02375791    -0.02374778    -0.00001013
    -0.02375791    -0.02374778    -0.00001013
    -0.03235657    -0.03243219     0.00007562
    -0.01497600    -0.01491595    -0.00006005
    -0.02617991    -0.02616574    -0.00001418
    -0.02129092    -0.02124407    -0.00004685
    -0.03103263    -0.03098272    -0.00004991
    -0.04255039    -0.04254002    -0.00001037
    -0.02115092    -0.02111468    -0.00003624
    -0.02115092    -0.02111469    -0.00003624
    -0.03215787    -0.03224464     0.00008676
    -0.02285822    -0.02283999    -0.00001823
    -0.02285822    -0.02283999    -0.00001823
    -0.02691750    -0.02688790    -0.00002960
    -0.02198909    -0.02196208    -0.00002701
    -0.02198909    -0.02196208    -0.00002701
    -0.02195934    -0.02192924    -0.00003011
    -0.03537888    -0.03534628    -0.00003260
    -0.02876611    -0.02872416    -0.00004195
    -0.02553032    -0.02555033     0.00002001
    -0.02253737    -0.02252555    -0.00001182
    -0.02549122    -0.02553340     0.00004218
    -0.02038149    -0.02029703    -0.00008447
    -0.03568515    -0.03564884    -0.00003631
    -0.03778241    -0.03779251     0.00001010
    -0.04765892    -0.04763602    -0.00002290
    -0.03129152    -0.03130131     0.00000979
    -0.03190981    -0.03189300    -0.00001682
    -0.03360652    -0.03360914     0.00000262
    -0.02224114    -0.02223906    -0.00000208
    -0.03023288    -0.03019624    -0.00003664
    -0.05407624    -0.05378481    -0.00029142
    -0.04761255    -0.04759234    -0.00002021
    -0.03728948    -0.03727571    -0.00001377
    -0.04156169    -0.04161676     0.00005507
    -0.04102963    -0.04091806    -0.00011156
    -0.00732531    -0.00725365    -0.00007166
    -0.02773515    -0.02767605    -0.00005910
    -0.02838784    -0.02840686     0.00001902
    -0.00481954    -0.00484937     0.00002982
    -0.04308466    -0.04309036     0.00000570
    -0.02764584    -0.02767427     0.00002843
    -0.04507180    -0.04507471     0.00000291
    -0.02853756    -0.02852053    -0.00001703
    -0.03156026    -0.03157364     0.00001338
    -0.01691879    -0.01687994    -0.00003885
    -0.04319552    -0.04315574    -0.00003978
    -0.02022266    -0.02022705     0.00000439
    -0.03056299    -0.03057631     0.00001332
    -0.03990035    -0.03988251    -0.00001784
    -0.04693110    -0.04692741    -0.00000368
    -0.02669140    -0.02663434    -0.00005707
    -0.02206865    -0.02207819     0.00000954
    -0.04068178    -0.04069275     0.00001096
    -0.02892323    -0.02892635     0.00000312
    -0.01377136    -0.01371720    -0.00005416
    -0.03662791    -0.03659174    -0.00003617
    -0.03631844    -0.03634655     0.00002811
    -0.03042976    -0.03043953     0.00000977
    -0.02334712    -0.02336655     0.00001942
    -0.03175544    -0.03172358    -0.00003186
    -0.01549430    -0.01553414     0.00003984
    -0.04489071    -0.04473233    -0.00015838
    -0.04610433    -0.04607285    -0.00003149
    -0.02146557    -0.02143289    -0.00003268
    -0.03878335    -0.03880218     0.00001882
    -0.03654217    -0.03653394    -0.00000823
    -0.02543318    -0.02541387    -0.00001931
    -0.03361874    -0.03360258    -0.00001616
    -0.03389058    -0.03390340     0.00001281
    -0.02137468    -0.02137371    -0.00000097
    -0.03335874    -0.03330439    -0.00005435
    -0.03495697    -0.03493373    -0.00002324
    -0.02374607    -0.02371058    -0.00003549
    -0.01916234    -0.01919883     0.00003650
    -0.02757654    -0.02753409    -0.00004245
    -0.02917101    -0.02914119    -0.00002982
    -0.03918372    -0.03925191     0.00006820
    -0.02619115    -0.02617850    -0.00001265
    -0.03403181    -0.03399998    -0.00003183
    -0.03205501    -0.03210101     0.00004600
    -0.02860390    -0.02864052     0.00003661
    -0.03887693    -0.03888409     0.00000715
    -0.02522713    -0.02522661    -0.00000052
    -0.04204690    -0.04201453    -0.00003237
    -0.04133355    -0.04130845    -0.00002510
    -0.03807393    -0.03812661     0.00005269
    -0.03261200    -0.03259794    -0.00001407
    -0.03018575    -0.03015198    -0.00003377
    -0.03164388    -0.03155571    -0.00008817
    -0.03643199    -0.03639640    -0.00003559
    -0.01886769    -0.01883410    -0.00003359
    -0.02819342    -0.02818799    -0.00000543
    -0.02449125    -0.02448905    -0.00000221
    -0.01866200    -0.01865850    -0.00000351
    -0.02492998    -0.02492208    -0.00000791
    -0.02542455    -0.02543041     0.00000586
    -0.01837667    -0.01837853     0.00000186
    -0.01592370    -0.01591750    -0.00000619
    -0.02754369    -0.02753820    -0.00000549
    -0.01627467    -0.01627598     0.00000131
    -0.02830360    -0.02832239     0.00001880
    -0.01972570    -0.01967786    -0.00004784
    -0.01681275    -0.01681764     0.00000489
    -0.01776035    -0.01775871    -0.00000164
    -0.02693163    -0.02693646     0.00000484
    -0.01317265    -0.01316835    -0.00000430
    -0.01365388    -0.01365604     0.00000216
    -0.01704633    -0.01704147    -0.00000486
    -0.02707672    -0.02707698     0.00000026
    -0.01483494    -0.01484301     0.00000807
    -0.01583099    -0.01583962     0.00000863
    -0.01913611    -0.01910593    -0.00003017
    -0.01591967    -0.01590840    -0.00001127
    -0.02619550    -0.02619327    -0.00000223
    -0.02066101    -0.02068528     0.00002428
    -0.02573446    -0.02572090    -0.00001356
    -0.02521075    -0.02519984    -0.00001092
    -0.02297449    -0.02296040    -0.00001410
    -0.02261911    -0.02261794    -0.00000117
    -0.02300154    -0.02300822     0.00000668
    -0.01517146    -0.01517421     0.00000275
    -0.02347719    -0.02348747     0.00001027
    -0.01429803    -0.01430803     0.00001000
    -0.01396175    -0.01396439     0.00000264
    -0.02347243    -0.02348521     0.00001278
    -0.01782670    -0.01782577    -0.00000093
    -0.02690183    -0.02688407    -0.00001776
    -0.01944708    -0.01944256    -0.00000452
    -0.01701297    -0.01701348     0.00000051
    -0.02588913    -0.02592120     0.00003207
    -0.02718962    -0.02717528    -0.00001434
    -0.02184043    -0.02183783    -0.00000260
    -0.01519574    -0.01519814     0.00000240
    -0.02064430    -0.02063740    -0.00000690
    -0.01746008    -0.01744630    -0.00001378
    -0.01944196    -0.01943260    -0.00000937
    -0.02183420    -0.02185316     0.00001896
    -0.02337725    -0.02337266    -0.00000459
    -0.02011711    -0.02013173     0.00001462
    -0.01538592    -0.01539056     0.00000464
    -0.02568695    -0.02568705     0.00000010
    -0.01359587    -0.01360610     0.00001023
    -0.02447583    -0.02447239    -0.00000344
    -0.02241032    -0.02241502     0.00000470
    -0.02295370    -0.02296428     0.00001058
    -0.02171248    -0.02170942    -0.00000307
    -0.02519908    -0.02521334     0.00001426
    -0.01567449    -0.01569673     0.00002223
    -0.02371685    -0.02371732     0.00000047
    -0.02546373    -0.02546010    -0.00000364
    -0.01954961    -0.01954401    -0.00000560
    -0.01586731    -0.01587206     0.00000475
    -0.02397157    -0.02398388     0.00001231
    -0.01860317    -0.01859544    -0.00000773
    -0.01822891    -0.01819463    -0.00003428
    -0.02106507    -0.02106777     0.00000270
    -0.01388058    -0.01389026     0.00000968
    -0.02160092    -0.02159910    -0.00000181
    -0.01641848    -0.01641620    -0.00000228
    -0.02346337    -0.02345849    -0.00000488
    -0.02219829    -0.02219205    -0.00000624
    -0.02380017    -0.02382091     0.00002074
    -0.01913916    -0.01913699    -0.00000216
    -0.02260654    -0.02260262    -0.00000392
    -0.02076139    -0.02080240     0.00004101
    -0.01384932    -0.01385836     0.00000904
    -0.01732203    -0.01731853    -0.00000350
    -0.02055828    -0.02055327    -0.00000501
    -0.02303493    -0.02304079     0.00000586
    -0.02330963    -0.02331216     0.00000253
    -0.01694336    -0.01693940    -0.00000396
    -0.02478250    -0.02476813    -0.00001436
    -0.01784221    -0.01782851    -0.00001370
    -0.01576331    -0.01574834    -0.00001497
    -0.02122962    -0.02123896     0.00000935
    -0.02001071    -0.02000666    -0.00000405
    -0.02305980    -0.02306046     0.00000066
    -0.02167920    -0.02167623    -0.00000297
    -0.01753423    -0.01752279    -0.00001144
    -0.01870138    -0.01870287     0.00000149
    -0.02135634    -0.02135002    -0.00000632
    -0.01891537    -0.01891619     0.00000082
    -0.01975332    -0.01974125    -0.00001207
    -0.02310590    -0.02310499    -0.00000091
    -0.02268080    -0.02268460     0.00000381
    -0.02515856    -0.02516126     0.00000270
    -0.01903445    -0.01903308    -0.00000136
    -0.02216484    -0.02215873    -0.00000611
    -0.01998135    -0.01997535    -0.00000600
    -0.02155923    -0.02154587    -0.00001336
     0.02202035     0.02210006    -0.00007971
    -0.01676371    -0.01676833     0.00000462
    -0.01918054    -0.01917289    -0.00000766
    -0.02130891    -0.02128787    -0.00002104
    -0.04753922    -0.04750851    -0.00003070
     0.01732097     0.01729047     0.00003050
    -0.02677772    -0.02675851    -0.00001921
    -0.02677772    -0.02675851    -0.00001921
    -0.02248137    -0.02248687     0.00000551
    -0.00736414    -0.00740624     0.00004211
     0.02899809     0.02898533     0.00001275
    -0.04658132    -0.04654866    -0.00003266
    -0.03218884    -0.03222798     0.00003915
    -0.00919157    -0.00919295     0.00000137
    -0.02766843    -0.02766525    -0.00000317
    -0.02766843    -0.02766525    -0.00000317
    -0.02521208    -0.02517841    -0.00003368
    -0.02547138    -0.02547381     0.00000243
     0.00309274     0.00310682    -0.00001408
    -0.02459381    -0.02458631    -0.00000750
    -0.02645137    -0.02645797     0.00000660
    -0.03857840    -0.03858857     0.00001017
    -0.03857840    -0.03858856     0.00001017
    -0.06867857    -0.06871610     0.00003753
    -0.04013609    -0.04013475    -0.00000134
    -0.02662776    -0.02662724    -0.00000052
    -0.02059584    -0.02058585    -0.00000999
    -0.02493570    -0.02494697     0.00001127
     0.01470452     0.01469605     0.00000846
     0.03626197     0.03623378     0.00002820
     0.05906218     0.05907389    -0.00001172
    -0.00177252    -0.00179251     0.00001999
     0.05616743     0.05617167    -0.00000424
    -0.03196639    -0.03198352     0.00001714
    -0.01015153    -0.01016038     0.00000885
    -0.06777222    -0.06775073    -0.00002148
    -0.03396566    -0.03409554     0.00012988
    -0.03286452    -0.03288404     0.00001951
    -0.00114987    -0.00115450     0.00000463
    -0.02751662    -0.02751294    -0.00000367
    -0.03990270    -0.03988122    -0.00002147
     0.04791702     0.04793582    -0.00001880
     0.02609801     0.02603598     0.00006202
    -0.03240177    -0.03240040    -0.00000137
    -0.03427456    -0.03429307     0.00001851
    -0.03129701    -0.03129405    -0.00000296
    -0.01466188    -0.01461305    -0.00004883
     0.00169796     0.00165455     0.00004341
     0.01906734     0.01907002    -0.00000268
     0.02653698     0.02652890     0.00000808
    -0.00951166    -0.00950013    -0.00001153
    -0.00715774    -0.00683107    -0.00032666
    -0.03521649    -0.03521096    -0.00000553
    -0.03521649    -0.03521096    -0.00000553
    -0.03570547    -0.03572001     0.00001454
     0.04562843     0.04560070     0.00002774
    -0.02686776    -0.02687750     0.00000974
    -0.02942218    -0.02943321     0.00001103
    -0.00321511    -0.00323686     0.00002176
    -0.00963316    -0.00962737    -0.00000579
     0.01946833     0.01945560     0.00001273
     0.01932487     0.01930221     0.00002266
     0.01937385     0.01934905     0.00002480
     0.04663828     0.04664695    -0.00000868
    -0.03237472    -0.03238732     0.00001260
     0.01878179     0.01874165     0.00004014
    -0.03809042    -0.03813816     0.00004774
    -0.02924726    -0.02925692     0.00000966
     0.02730608     0.02732450    -0.00001842
    -0.02625651    -0.02625385    -0.00000266
    -0.04559877    -0.04557574    -0.00002304
    -0.03876126    -0.03879417     0.00003291
     0.02757645     0.02756059     0.00001586
    -0.03116180    -0.03116221     0.00000042
     0.01801429     0.01798512     0.00002917
    -0.03181487    -0.03198019     0.00016532
     0.05745499     0.05746291    -0.00000792
    -0.00887733    -0.00883083    -0.00004651
     0.00849297     0.00853091    -0.00003794
    -0.01142788    -0.01145051     0.00002262
     0.01531857     0.01537115    -0.00005258
    -0.02805791    -0.02804721    -0.00001070
     0.02818177     0.02815053     0.00003124
     0.01330242     0.01338057    -0.00007815
     0.02965636     0.02966566    -0.00000931
    -0.00019380    -0.00023482     0.00004102
    -0.05618381    -0.05619866     0.00001485
    -0.00162923    -0.00163634     0.00000711
     0.00419627     0.00409677     0.00009950
     0.01623837     0.01623363     0.00000474
     0.02262610     0.02257708     0.00004903
     0.02223663     0.02221710     0.00001953
     0.00997844     0.00997559     0.00000286
    -0.00069756    -0.00064373    -0.00005383
    -0.05031954    -0.05032326     0.00000372
     0.01104012     0.01103887     0.00000125
     0.01969873     0.01971710    -0.00001837
     0.02895757     0.02893144     0.00002613
     0.02572850     0.02572684     0.00000167
    -0.00981833    -0.00982580     0.00000747
    -0.00579676    -0.00576894    -0.00002782
    -0.00423845    -0.00427889     0.00004044
    -0.01081870    -0.01084286     0.00002416
    -0.01482022    -0.01482295     0.00000273
     0.00349345     0.00348576     0.00000769
    -0.00429896    -0.00433277     0.00003381
    -0.00946407    -0.00943107    -0.00003300
    -0.00518410    -0.00519376     0.00000966
    -0.02202819    -0.02198817    -0.00004002
    -0.00436473    -0.00440908     0.00004435
     0.02337513     0.02340952    -0.00003440
    -0.00430247    -0.00428777    -0.00001470
    -0.00442000    -0.00446178     0.00004178
    -0.00456759    -0.00460455     0.00003696
    -0.01053111    -0.01052795    -0.00000316
    -0.00503781    -0.00504210     0.00000429
    -0.00750754    -0.00748115    -0.00002639
    -0.00468172    -0.00468015    -0.00000157
     0.01091340     0.01095148    -0.00003808
    -0.00509593    -0.00509993     0.00000400
    -0.00467587    -0.00467458    -0.00000129
     0.02911722     0.02911424     0.00000298
     0.00759573     0.00759209     0.00000364
    -0.00437505    -0.00435677    -0.00001828
    -0.01726048    -0.01724108    -0.00001941
    -0.00511239    -0.00511584     0.00000345
    -0.00489669    -0.00489756     0.00000087
    -0.01709071    -0.01707926    -0.00001145
    -0.00507011    -0.00507286     0.00000276
     0.00167614     0.00164442     0.00003172
    -0.00446166    -0.00444554    -0.00001612
     0.01349320     0.01349015     0.00000305
    -0.00500532    -0.00500562     0.00000030
    -0.00456961    -0.00455499    -0.00001462
     0.01223960     0.01226811    -0.00002851
     0.02868464     0.02870573    -0.00002110
     0.00940235     0.00941717    -0.00001482
    -0.00433926    -0.00431892    -0.00002034
    -0.00473075    -0.00471749    -0.00001326
     0.00520897     0.00518215     0.00002682
     0.01130064     0.01130772    -0.00000708
     0.01234891     0.01237185    -0.00002294
     0.01252056     0.01249136     0.00002920
     0.00662567     0.00669777    -0.00007210
    -0.00054611    -0.00055712     0.00001102
     0.00530301     0.00525846     0.00004455
     0.02153613     0.02150992     0.00002621
     0.01352360     0.01353269    -0.00000909
     0.00017407     0.00018433    -0.00001025
     0.00456120     0.00460136    -0.00004016
     0.01151681     0.01149767     0.00001914
     0.01290941     0.01288946     0.00001995
     0.01619336     0.01619913    -0.00000577
     0.01998791     0.02008876    -0.00010085
     0.01945603     0.01945941    -0.00000338
    -0.00396731    -0.00399081     0.00002350
    -0.00522189    -0.00520144    -0.00002045
    -0.00063468    -0.00063347    -0.00000121
    -0.01160234    -0.01156424    -0.00003810
    -0.00706647    -0.00706200    -0.00000447
     0.02030190     0.02034475    -0.00004285
     0.02199358     0.02201939    -0.00002582
     0.02251331     0.02253120    -0.00001789
     0.01581324     0.01582833    -0.00001509
     0.01131795     0.01133440    -0.00001645
    -0.01865145    -0.01863422    -0.00001722
     0.01688755     0.01688091     0.00000664
     0.01692747     0.01690859     0.00001888
     0.02844393     0.02841449     0.00002944
     0.01338019     0.01341953    -0.00003934
     0.02043004     0.02041725     0.00001278
     0.00698119     0.00702842    -0.00004723
     0.02159692     0.02162006    -0.00002315
     0.00243776     0.00240573     0.00003203
    -0.02203782    -0.02201272    -0.00002510
     0.01872274     0.01868960     0.00003314
     0.01181475     0.01182229    -0.00000754
    -0.00459576    -0.00459566    -0.00000009
    -0.00849270    -0.00850096     0.00000826
     0.01132671     0.01132606     0.00000065
     0.00565953     0.00566728    -0.00000775
    -0.00566283    -0.00569512     0.00003229
     0.00124054     0.00123654     0.00000400
     0.02366060     0.02368017    -0.00001957
     0.00937889     0.00941875    -0.00003985
    -0.00381474    -0.00381102    -0.00000371
     0.02218237     0.02215470     0.00002767
     0.02051902     0.02049163     0.00002739
     0.00752841     0.00755936    -0.00003095
     0.00590977     0.00590014     0.00000963
     0.02999236     0.02994302     0.00004934
     0.00241939     0.00242282    -0.00000343
     0.00582389     0.00581027     0.00001362
     0.01429022     0.01428903     0.00000119
     0.02472579     0.02465713     0.00006866
     0.01612130     0.01617362    -0.00005232
     0.00805579     0.00803750     0.00001829
     0.02756013     0.02754530     0.00001483
     0.02703329     0.02704155    -0.00000826
     0.01311676     0.01308269     0.00003407
     0.00188278     0.00187274     0.00001004
    -0.01062518    -0.01060209    -0.00002309
    -0.01084246    -0.01081964    -0.00002282
     0.01427896     0.01430605    -0.00002709
    -0.02166456    -0.02163718    -0.00002739
    -0.01105707    -0.01103420    -0.00002288
    -0.01126889    -0.01124593    -0.00002296
    -0.01147768    -0.01145497    -0.00002271
    -0.01168443    -0.01166146    -0.00002298
    -0.01188844    -0.01186552    -0.00002292
    -0.01208986    -0.01206726    -0.00002260
    -0.00619802    -0.00617291    -0.00002511
    -0.01228926    -0.01226678    -0.00002248
    -0.02419748    -0.02419933     0.00000185
    -0.01248638    -0.01246417    -0.00002221
    -0.02020007    -0.02018863    -0.00001145
    -0.01268151    -0.01265949    -0.00002203
     0.01158070     0.01160697    -0.00002626
    -0.01287428    -0.01285279    -0.00002149
     0.02892734     0.02897879    -0.00005145
    -0.01306476    -0.01304411    -0.00002065
     0.00425058     0.00425223    -0.00000165
     0.02694904     0.02707162    -0.00012258
     0.01281874     0.01277995     0.00003879
    -0.01325344    -0.01323347    -0.00001997
    -0.04353865    -0.04349803    -0.00004062
    -0.03007884    -0.03005853    -0.00002031
    -0.03005900    -0.03003670    -0.00002231
    -0.02296943    -0.02268487    -0.00028456
    -0.02772108    -0.02788891     0.00016783
    -0.04165663    -0.04159621    -0.00006042
     0.03236816     0.03237621    -0.00000804
     0.01928485     0.01931315    -0.00002830
    -0.03169476    -0.03169213    -0.00000263
    -0.00206077    -0.00203076    -0.00003001
    -0.04330581    -0.04325804    -0.00004776
    -0.03809172    -0.03803048    -0.00006124
    -0.04098878    -0.04097628    -0.00001251
     0.02487306     0.02488265    -0.00000960
    -0.02671636    -0.02668353    -0.00003283
    -0.02464103    -0.02461411    -0.00002691
     0.01642659     0.01643804    -0.00001145
    -0.00472735    -0.00471709    -0.00001027
     0.01010669     0.01014389    -0.00003720
     0.00489797     0.00492378    -0.00002581
     0.01211614     0.01209126     0.00002488
    -0.03443312    -0.03441436    -0.00001876
     0.00725015     0.00729154    -0.00004139
     0.01072248     0.01066922     0.00005326
    -0.01043187    -0.01057989     0.00014802
     0.00016169     0.00023921    -0.00007752
     0.02124404     0.02125261    -0.00000857
    -0.00558084    -0.00561285     0.00003201
     0.02019022     0.02016486     0.00002536
     0.00321971     0.00331042    -0.00009071
     0.02653472     0.02649523     0.00003949
     0.01972975     0.01973435    -0.00000460
     0.01623200     0.01623488    -0.00000288
     0.02065624     0.02066654    -0.00001030
     0.02039167     0.02038359     0.00000807
    -0.00027421    -0.00022328    -0.00005093
     0.01158076     0.01158568    -0.00000492
    -0.03117644    -0.03117383    -0.00000261
    -0.02999770    -0.03001197     0.00001428
    -0.03125824    -0.03123183    -0.00002640
    -0.03417867    -0.03414088    -0.00003779
     0.02395508     0.02393373     0.00002135
    -0.03123679    -0.03120849    -0.00002830
     0.03064579     0.03058728     0.00005851
    -0.00199489    -0.00201178     0.00001688
     0.01049875     0.01052950    -0.00003075
     0.00622109     0.00623321    -0.00001212
     0.00883554     0.00884297    -0.00000743
    -0.03902586    -0.03905709     0.00003122
     0.02606364     0.02609334    -0.00002971
     0.01079119     0.01081604    -0.00002485
    -0.04233945    -0.04227821    -0.00006123
    -0.03746532    -0.03746631     0.00000099
     0.05068028     0.05065552     0.00002476
     0.00902841     0.00906843    -0.00004002
    -0.04378470    -0.04382354     0.00003884
    -0.02374395    -0.02374039    -0.00000356
    -0.03242824    -0.03239814    -0.00003010
    -0.03240533    -0.03237324    -0.00003209
     0.02365214     0.02363832     0.00001382
     0.01063127     0.01060998     0.00002129
     0.00832649     0.00830967     0.00001683
    -0.03256680    -0.03253360    -0.00003321
    -0.02605866    -0.02606337     0.00000472
    -0.04467176    -0.04464836    -0.00002340
    -0.03239371    -0.03240052     0.00000681
    -0.03358046    -0.03355048    -0.00002997
    -0.03355613    -0.03352398    -0.00003215
    -0.05094361    -0.05098784     0.00004423
    -0.04568533    -0.04570101     0.00001568
    -0.04660742    -0.04659805    -0.00000937
    -0.03468137    -0.03465274    -0.00002864
    -0.05612806    -0.05610398    -0.00002408
    -0.03577168    -0.03575038    -0.00002130
    -0.03579922    -0.03578015    -0.00001907
    -0.00726892    -0.00723429    -0.00003463
     0.03268741     0.03267702     0.00001038
    -0.00514186    -0.00513002    -0.00001184
    -0.00110470    -0.00113851     0.00003381
     0.01622196     0.01607230     0.00014966
     0.03270068     0.03270223    -0.00000154
     0.01386771     0.01385594     0.00001177
     0.01397792     0.01397004     0.00000788
    -0.00454827    -0.00451722    -0.00003105
     0.00055190     0.00055801    -0.00000611
    -0.00152397    -0.00147755    -0.00004643
     0.02685816     0.02690884    -0.00005068
    -0.00481954    -0.00481247    -0.00000708
    -0.00087199    -0.00092764     0.00005566
    -0.01002076    -0.00997971    -0.00004104
    -0.00419197    -0.00423354     0.00004157
     0.00891246     0.00895364    -0.00004118
     0.02864216     0.02855070     0.00009146
    -0.00283094    -0.00280398    -0.00002695
     0.03573998     0.03572526     0.00001472
    -0.00187353    -0.00188302     0.00000949
     0.02794862     0.02796807    -0.00001945
    -0.00746408    -0.00744555    -0.00001853
     0.03074416     0.03083072    -0.00008657
    -0.00439894    -0.00439365    -0.00000529
     0.02695054     0.02684058     0.00010996
     0.01619069     0.01626080    -0.00007010
    -0.00223795    -0.00225288     0.00001493
    -0.01085119    -0.01081910    -0.00003210
     0.02213799     0.02217950    -0.00004151
    -0.00163791    -0.00160516    -0.00003274
     0.02299928     0.02304142    -0.00004214
     0.01420407     0.01419937     0.00000470
     0.02406801     0.02412898    -0.00006097
    -0.00571167    -0.00567538    -0.00003629
    -0.00616550    -0.00617953     0.00001403
    -0.00075898    -0.00074146    -0.00001752
     0.01057658     0.01059829    -0.00002171
     0.00295287     0.00304470    -0.00009183
     0.02378496     0.02370994     0.00007502
     0.01503478     0.01502213     0.00001265
    -0.00293333    -0.00293061    -0.00000272
    -0.00582076    -0.00580486    -0.00001590
     0.00030839     0.00031783    -0.00000944
     0.00048142     0.00047538     0.00000605
     0.01865490     0.01870781    -0.00005291
     0.00768455     0.00768313     0.00000142
     0.03126175     0.03126500    -0.00000325
     0.02341055     0.02338652     0.00002403
     0.02285166     0.02275292     0.00009874
    -0.00142487    -0.00141486    -0.00001001
     0.01697014     0.01695267     0.00001747
     0.02638264     0.02638819    -0.00000555
     0.01624008     0.01622711     0.00001297
     0.03527096     0.03524067     0.00003029
     0.01001278     0.01006130    -0.00004851
     0.00283668     0.00282065     0.00001603
    -0.00128718    -0.00128461    -0.00000257
    -0.00103360    -0.00107294     0.00003934
     0.02962267     0.02971445    -0.00009178
     0.02414469     0.02416559    -0.00002090
    -0.00100377    -0.00104941     0.00004563
     0.03526100     0.03522775     0.00003325
    -0.00125730    -0.00126566     0.00000836
     0.03517401     0.03517391     0.00000010
     0.01748155     0.01746865     0.00001290
     0.02982188     0.02982506    -0.00000318
     0.03002556     0.03003285    -0.00000729
     0.01650964     0.01655934    -0.00004970
     0.01016987     0.01021603    -0.00004616
     0.01875686     0.01874434     0.00001252
     0.01046700     0.01053508    -0.00006809
    -0.00310436    -0.00312709     0.00002274
     0.02838561     0.02838749    -0.00000188
     0.02006293     0.02005161     0.00001131
    -0.00445216    -0.00445579     0.00000363
     0.03523480     0.03518669     0.00004811
     0.02695745     0.02695696     0.00000049
     0.01922648     0.01907653     0.00014994
     0.02139727     0.02138770     0.00000957
     0.03255097     0.03252764     0.00002333
     0.02554066     0.02553784     0.00000282
     0.02275726     0.02274961     0.00000765
     0.02413963     0.02413415     0.00000548
     0.02121702     0.02132321    -0.00010619
     0.02730208     0.02733911    -0.00003703
     0.02588195     0.02591350    -0.00003156
    -0.00217457    -0.00214008    -0.00003449
     0.01917007     0.01913337     0.00003670
     0.02029172     0.02024115     0.00005057
     0.01252056     0.01255519    -0.00003463
     0.01679454     0.01686234    -0.00006780
    -0.00987028    -0.00989673     0.00002645
     0.02706586     0.02706193     0.00000393
     0.01264304     0.01268195    -0.00003891
     0.01013243     0.01012986     0.00000257
     0.01790389     0.01786826     0.00003564
    -0.01522594    -0.01520616    -0.00001979
     0.01254445     0.01251588     0.00002857
     0.01665995     0.01669111    -0.00003115
    -0.00061002    -0.00057417    -0.00003585
    -0.00070633    -0.00065610    -0.00005022
    -0.00070633    -0.00065610    -0.00005022
    -0.00184991    -0.00192762     0.00007771
    -0.00179149    -0.00176757    -0.00002392
    -0.00056597    -0.00052928    -0.00003669
    -0.00056597    -0.00052928    -0.00003669
    -0.00137758    -0.00129621    -0.00008137
    -0.00141945    -0.00135850    -0.00006095
    -0.00179056    -0.00185711     0.00006654
    -0.00047103    -0.00059558     0.00012455
    -0.00082246    -0.00083512     0.00001266
    -0.00136754    -0.00136324    -0.00000430
    -0.00040763    -0.00039291    -0.00001472
    -0.00174896    -0.00180392     0.00005496
    -0.00063419    -0.00057476    -0.00005942
    -0.01707705    -0.01708940     0.00001235
    -0.00063446    -0.00057476    -0.00005970
    -0.00091294    -0.00103800     0.00012506
    -0.00184825    -0.00191637     0.00006812
    -0.00099651    -0.00091116    -0.00008534
    -0.00130302    -0.00126024    -0.00004278
    -0.00128936    -0.00123646    -0.00005289
    -0.00060175    -0.00056090    -0.00004085
    -0.00060175    -0.00056090    -0.00004085
    -0.00181984    -0.00187018     0.00005034
    -0.00131953    -0.00127804    -0.00004150
     0.00776757     0.00773741     0.00003017
    -0.00102601    -0.00097046    -0.00005555
    -0.00177571    -0.00183973     0.00006403
    -0.00180090    -0.00186544     0.00006454
     0.01075375     0.01075464    -0.00000089
    -0.00171696    -0.00177161     0.00005465
    -0.00154683    -0.00143159    -0.00011524
    -0.00156599    -0.00150574    -0.00006025
    -0.00112533    -0.00120037     0.00007504
    -0.00086728    -0.00089566     0.00002838
    -0.00091974    -0.00101814     0.00009839
    -0.00138971    -0.00133090    -0.00005881
    -0.00173981    -0.00180992     0.00007010
    -0.00153663    -0.00147423    -0.00006240
    -0.00145913    -0.00134873    -0.00011040
    -0.04089224    -0.04100185     0.00010962
    -0.00048491    -0.00055800     0.00007309
    -0.00142188    -0.00136100    -0.00006088
    -0.00046458    -0.00048990     0.00002532
    -0.00117156    -0.00127401     0.00010245
    -0.00088940    -0.00093088     0.00004148
    -0.00091096    -0.00097530     0.00006434
    -0.00090521    -0.00096165     0.00005643
    -0.00091106    -0.00097530     0.00006423
    -0.00071395    -0.00064827    -0.00006567
    -0.00071395    -0.00064827    -0.00006567
    -0.00068760    -0.00062002    -0.00006759
    -0.00068760    -0.00062002    -0.00006759
    -0.00175456    -0.00180657     0.00005201
    -0.00119561    -0.00109686    -0.00009876
    -0.00072156    -0.00078433     0.00006276
    -0.00072156    -0.00078433     0.00006276
    -0.00116408    -0.00124162     0.00007755
    -0.00067982    -0.00060344    -0.00007638
    -0.00067982    -0.00060344    -0.00007638
    -0.00117757    -0.00129021     0.00011264
    -0.00121842    -0.00111959    -0.00009883
     0.04360842     0.04357149     0.00003693
    -0.04141734    -0.04147028     0.00005294
    -0.00112658    -0.00112687     0.00000029
    -0.00107907    -0.00100447    -0.00007460
    -0.00131352    -0.00137695     0.00006343
    -0.00112059    -0.00109963    -0.00002096
    -0.00789737    -0.00783777    -0.00005960
     0.03708727     0.03714098    -0.00005371
    -0.00074671    -0.00075632     0.00000962
    -0.00074671    -0.00075632     0.00000962
    -0.00125722    -0.00119734    -0.00005988
    -0.00126076    -0.00121959    -0.00004117
    -0.00073596    -0.00069522    -0.00004073
    -0.00073596    -0.00069522    -0.00004073
    -0.00117942    -0.00118166     0.00000224
     0.02446976     0.02446764     0.00000212
    -0.00451157    -0.00458225     0.00007069
    -0.00134707    -0.00134304    -0.00000403
    -0.00140367    -0.00136187    -0.00004180
     0.03066737     0.03066341     0.00000396
    -0.05329598    -0.05327254    -0.00002344
     0.01981735     0.01979903     0.00001831
    -0.01078945    -0.01073205    -0.00005740
     0.00826949     0.00827343    -0.00000394
     0.02671913     0.02676542    -0.00004629
    -0.04264054    -0.04262798    -0.00001256
    -0.00460509    -0.00457711    -0.00002798
    -0.01993610    -0.01988619    -0.00004991
     0.03151990     0.03158662    -0.00006672
    -0.00806116    -0.00804062    -0.00002054
     0.03037305     0.03029773     0.00007532
    -0.01266774    -0.01264610    -0.00002164
    -0.04546761    -0.04555457     0.00008696
     0.03223962     0.03232066    -0.00008104
     0.03424629     0.03425613    -0.00000984
    -0.02179814    -0.02179709    -0.00000105
    -0.00083136    -0.00087254     0.00004118
    -0.00083136    -0.00087254     0.00004118
    -0.00083136    -0.00087254     0.00004118
    -0.00083136    -0.00087254     0.00004118
    -0.00151086    -0.00153689     0.00002603
    -0.00147769    -0.00150365     0.00002596
    -0.00134966    -0.00135816     0.00000850
    -0.00158286    -0.00162500     0.00004214
    -0.00040003    -0.00040144     0.00000140
    -0.00040003    -0.00040144     0.00000140
    -0.00040003    -0.00040144     0.00000140
    -0.00040003    -0.00040144     0.00000140
    -0.00040003    -0.00040144     0.00000140
    -0.00040003    -0.00040144     0.00000140
    -0.00040003    -0.00040144     0.00000140
    -0.00040003    -0.00040144     0.00000140
    -0.00040003    -0.00040144     0.00000140
    -0.00040003    -0.00040144     0.00000140
    -0.00040003    -0.00040144     0.00000140
    -0.00164901    -0.00169843     0.00004942
    -0.00150874    -0.00154040     0.00003166
    -0.00039976    -0.00040144     0.00000168
    -0.00084913    -0.00085880     0.00000967
    -0.00162283    -0.00167168     0.00004885
    -0.00127845    -0.00129195     0.00001350
    -0.00108304    -0.00107531    -0.00000773
    -0.00016604    -0.00018783     0.00002179
    -0.00091504    -0.00093077     0.00001574
    -0.00088037    -0.00088685     0.00000648
    -0.00160800    -0.00165321     0.00004521
    -0.00145004    -0.00147714     0.00002710
    -0.00095749    -0.00095685    -0.00000064
    -0.00120704    -0.00122060     0.00001356
    -0.00784700    -0.00784067    -0.00000633
    -0.00142073    -0.00144957     0.00002883
    -0.00066401    -0.00069397     0.00002996
    -0.00066401    -0.00069397     0.00002996
    -0.00066401    -0.00069397     0.00002996
    -0.00066401    -0.00069397     0.00002996
    -0.00066401    -0.00069397     0.00002996
    -0.00066401    -0.00069397     0.00002996
    -0.00066401    -0.00069397     0.00002996
    -0.00066374    -0.00069397     0.00003023
    -0.00066374    -0.00069397     0.00003023
    -0.00066374    -0.00069397     0.00003023
    -0.00066374    -0.00069397     0.00003023
    -0.00066374    -0.00069397     0.00003023
    -0.00142816    -0.00145840     0.00003024
    -0.00143932    -0.00147013     0.00003081
    -0.00131684    -0.00133434     0.00001750
    -0.00145290    -0.00148660     0.00003370
    -0.00113471    -0.00113790     0.00000319
    -0.00051879    -0.00053705     0.00001826
    -0.00051879    -0.00053705     0.00001826
    -0.00051879    -0.00053705     0.00001826
    -0.00051879    -0.00053705     0.00001826
    -0.00051879    -0.00053705     0.00001826
    -0.00051879    -0.00053705     0.00001826
    -0.00051879    -0.00053705     0.00001826
    -0.00051879    -0.00053705     0.00001826
    -0.00051879    -0.00053705     0.00001826
    -0.00051879    -0.00053705     0.00001826
    -0.00051879    -0.00053705     0.00001826
    -0.00051879    -0.00053705     0.00001826
    -0.00025527    -0.00028050     0.00002523
    -0.00061898    -0.00065194     0.00003296
    -0.00093066    -0.00094848     0.00001782
     0.01854396     0.01851070     0.00003326
     0.02042710     0.02035393     0.00007317
    -0.00108421    -0.00110552     0.00002130
    -0.00136468    -0.00139562     0.00003094
    -0.00095049    -0.00096580     0.00001531
    -0.00144209    -0.00148369     0.00004160
    -0.00113828    -0.00115071     0.00001243
     0.02171120     0.02176170    -0.00005050
    -0.00098432    -0.00100200     0.00001768
    -0.00117882    -0.00119702     0.00001820
    -0.00125439    -0.00128402     0.00002963
    -0.00130949    -0.00134266     0.00003317
    -0.00035742    -0.00038860     0.00003118
    -0.04656203    -0.04657151     0.00000948
    -0.00126288    -0.00129016     0.00002728
    -0.00102946    -0.00105284     0.00002338
    -0.00131396    -0.00134841     0.00003445
    -0.00128255    -0.00131763     0.00003508
    -0.00047582    -0.00051254     0.00003672
    -0.00104519    -0.00106907     0.00002388
     0.02376681     0.02372665     0.00004016
    -0.00108029    -0.00110311     0.00002282
    -0.00112642    -0.00115670     0.00003028
    -0.00131279    -0.00135263     0.00003984
    -0.00122666    -0.00126131     0.00003464
    -0.00114748    -0.00118021     0.00003273
     0.02001585     0.01999147     0.00002438
    -0.00124405    -0.00128193     0.00003788
    -0.00119613    -0.00123127     0.00003514
     0.01343225     0.01342847     0.00000378
     0.00403137     0.00403367    -0.00000230
    -0.01584750    -0.01583962    -0.00000788
    -0.02415280    -0.02413186    -0.00002093
    -0.00205304    -0.00198169    -0.00007136
    -0.01077672    -0.01057622    -0.00020050
    -0.00231436    -0.00218834    -0.00012602
    -0.03761705    -0.03759615    -0.00002090
    -0.00314504    -0.00312529    -0.00001975
    -0.00216453    -0.00212996    -0.00003457
     0.03439734     0.03443832    -0.00004097
    -0.00161230    -0.00155182    -0.00006048
    -0.00161230    -0.00155182    -0.00006048
    -0.00228023    -0.00214769    -0.00013254
    -0.00180025    -0.00180173     0.00000148
    -0.00180025    -0.00180173     0.00000148
    -0.00235183    -0.00230356    -0.00004827
    -0.00235183    -0.00230356    -0.00004827
    -0.00292441    -0.00295833     0.00003392
    -0.00325677    -0.00324331    -0.00001346
    -0.03831706    -0.03849513     0.00017807
    -0.00955710    -0.00957200     0.00001490
    -0.00257926    -0.00259483     0.00001557
    -0.02764429    -0.02767392     0.00002963
     0.00597323     0.00596730     0.00000592
    -0.00251754    -0.00244561    -0.00007193
    -0.04795147    -0.04793286    -0.00001861
    -0.00263978    -0.00253249    -0.00010729
    -0.00269733    -0.00272100     0.00002368
    -0.00276800    -0.00281426     0.00004626
    -0.01765970    -0.01767248     0.00001278
    -0.00224687    -0.00213468    -0.00011219
    -0.00292351    -0.00285062    -0.00007289
     0.01044678     0.01045880    -0.00001203
     0.03538248     0.03542098    -0.00003850
     0.00996024     0.00999587    -0.00003564
    -0.00274274    -0.00272230    -0.00002045
    -0.06052406    -0.06047556    -0.00004850
    -0.03038407    -0.03049237     0.00010830
    -0.00285075    -0.00286545     0.00001470
    -0.00276389    -0.00274982    -0.00001407
     0.02937616     0.02933374     0.00004242
    -0.00468240    -0.00445466    -0.00022774
    -0.00230883    -0.00220873    -0.00010010
     0.01850513     0.01853717    -0.00003204
    -0.00250407    -0.00247881    -0.00002526
    -0.00284468    -0.00279811    -0.00004657
    -0.01807519    -0.01800944    -0.00006575
    -0.02699193    -0.02707528     0.00008335
    -0.00237055    -0.00229395    -0.00007660
    -0.00635029    -0.00636818     0.00001788
    -0.01383900    -0.01381538    -0.00002363
     0.03637912     0.03641480    -0.00003568
     0.01584587     0.01587057    -0.00002470
     0.01367435     0.01361845     0.00005589
    -0.00252369    -0.00249025    -0.00003345
    -0.00271847    -0.00270836    -0.00001012
    -0.00247822    -0.00242579    -0.00005243
    -0.00693703    -0.00690359    -0.00003343
    -0.00307617    -0.00302437    -0.00005180
    -0.04074018    -0.04076842     0.00002824
    -0.01818221    -0.01805696    -0.00012525
    -0.00957267    -0.00954571    -0.00002696
    -0.03792062    -0.03798431     0.00006369
     0.02508405     0.02498815     0.00009590
     0.01935296     0.01939385    -0.00004089
     0.02469488     0.02477559    -0.00008071
    -0.03021460    -0.03019723    -0.00001737
    -0.02126047    -0.02127652     0.00001605
     0.01860976     0.01861835    -0.00000859
    -0.00246647    -0.00245479    -0.00001168
    -0.00209245    -0.00201112    -0.00008132
     0.02941227     0.02941681    -0.00000454
    -0.00442699    -0.00439827    -0.00002872
    -0.00914556    -0.00911767    -0.00002788
    -0.01251906    -0.01249749    -0.00002157
    -0.02743022    -0.02744320     0.00001298
    -0.01993863    -0.01994801     0.00000938
    -0.02628794    -0.02620107    -0.00008687
    -0.04161429    -0.04157869    -0.00003560
    -0.02050119    -0.02045835    -0.00004284
    -0.01299031    -0.01298152    -0.00000879
    -0.01897156    -0.01895119    -0.00002037
    -0.04834312    -0.04832939    -0.00001374
    -0.02102896    -0.02101019    -0.00001877
    -0.01564905    -0.01563456    -0.00001449
    -0.01480182    -0.01478033    -0.00002150
    -0.00730762    -0.00728185    -0.00002577
     0.00421855     0.00417203     0.00004652
    -0.02167518    -0.02159582    -0.00007935
    -0.00695305    -0.00696404     0.00001099
     0.01038182     0.01043020    -0.00004838
     0.00208129     0.00207470     0.00000659
    -0.01798352    -0.01797950    -0.00000402
     0.00171655     0.00171941    -0.00000287
    -0.02100278    -0.02097685    -0.00002594
    -0.01701071    -0.01703828     0.00002757
     0.00540938     0.00537817     0.00003121
     0.00816872     0.00816905    -0.00000033
     0.00861395     0.00856751     0.00004644
    -0.02447749    -0.02452439     0.00004691
     0.00495917     0.00494679     0.00001238
     0.02000948     0.02002409    -0.00001460
     0.01771992     0.01770564     0.00001428
    -0.01299096    -0.01299036    -0.00000060
     0.02228025     0.02221400     0.00006624
     0.01858883     0.01861169    -0.00002285
     0.00676015     0.00675023     0.00000993
    -0.04939397    -0.04937610    -0.00001788
     0.01084273     0.01085004    -0.00000731
     0.03724022     0.03719308     0.00004715
     0.01208009     0.01210978    -0.00002969
    -0.01262140    -0.01261045    -0.00001096
    -0.01262140    -0.01261045    -0.00001096
     0.01419795     0.01430963    -0.00011168
    -0.01992652    -0.01993954     0.00001302
     0.00248777     0.00253363    -0.00004585
    -0.02165645    -0.02164497    -0.00001148
     0.01447140     0.01450323    -0.00003184
     0.01794107     0.01800072    -0.00005966
     0.01719847     0.01719709     0.00000137
     0.00122612     0.00121199     0.00001412
     0.02547252     0.02551799    -0.00004546
     0.00945688     0.00948584    -0.00002896
     0.01317292     0.01320178    -0.00002886
     0.00852799     0.00866049    -0.00013249
    -0.01423090    -0.01423298     0.00000207
    -0.01423090    -0.01423298     0.00000207
    -0.00003586     0.00000223    -0.00003809
    -0.01338806    -0.01339007     0.00000201
     0.01650131     0.01655203    -0.00005072
     0.00176401     0.00180450    -0.00004050
    -0.02533489    -0.02538464     0.00004975
     0.05814926     0.05817835    -0.00002909
     0.01562034     0.01569821    -0.00007786
    -0.02451174    -0.02452328     0.00001153
     0.02344634     0.02359051    -0.00014417
     0.02079048     0.02084116    -0.00005068
    -0.01556230    -0.01554649    -0.00001582
     0.01630721     0.01635763    -0.00005041
     0.00765484     0.00767500    -0.00002017
     0.01252924     0.01256103    -0.00003179
     0.00926303     0.00919520     0.00006783
    -0.02133291    -0.02135860     0.00002569
     0.05906621     0.05899578     0.00007043
    -0.01529087    -0.01529780     0.00000693
    -0.01529087    -0.01529780     0.00000693
    -0.01649824    -0.01652699     0.00002876
    -0.00066578    -0.00066806     0.00000227
     0.01023186     0.01021823     0.00001363
    -0.00650883    -0.00649516    -0.00001366
    -0.00110633    -0.00111565     0.00000931
     0.01435218     0.01436250    -0.00001032
     0.05688921     0.05681670     0.00007251
     0.00019464     0.00019301     0.00000163
    -0.01560252    -0.01560429     0.00000177
    -0.01722821    -0.01723709     0.00000888
     0.00362994     0.00358749     0.00004245
    -0.01663960    -0.01663937    -0.00000023
     0.00341756     0.00337497     0.00004259
     0.05386908     0.05384603     0.00002305
    -0.00123281    -0.00122392    -0.00000889
    -0.01706810    -0.01707100     0.00000290
    -0.01604941    -0.01604232    -0.00000709
    -0.01604941    -0.01604232    -0.00000709
     0.01452095     0.01463399    -0.00011304
     0.01055377     0.01051442     0.00003935
     0.05108943     0.05111675    -0.00002732
     0.05976654     0.05974610     0.00002044
    -0.01173404    -0.01175030     0.00001626
     0.00389376     0.00384964     0.00004412
     0.05968823     0.05968337     0.00000486
    -0.01610688    -0.01606783    -0.00003905
    -0.02800253    -0.02800382     0.00000129
    -0.02366144    -0.02367188     0.00001043
     0.00469225     0.00471071    -0.00001846
     0.05797171     0.05804441    -0.00007270
    -0.01956673    -0.01956418    -0.00000255
    -0.00427314    -0.00430828     0.00003514
    -0.02039692    -0.02039423    -0.00000269
    -0.01105008    -0.01105042     0.00000033
    -0.02364912    -0.02365056     0.00000144
     0.05636096     0.05639458    -0.00003362
    -0.02247856    -0.02246787    -0.00001070
    -0.01445572    -0.01445296    -0.00000276
    -0.02411974    -0.02411668    -0.00000306
    -0.02700880    -0.02701802     0.00000922
    -0.02334906    -0.02333488    -0.00001418
    -0.02647208    -0.02647760     0.00000552
    -0.01675538    -0.01673661    -0.00001877
     0.06032068     0.06031665     0.00000402
    -0.01737265    -0.01738000     0.00000736
    -0.01737265    -0.01738000     0.00000736
    -0.02888276    -0.02888755     0.00000478
    -0.01876799    -0.01876677    -0.00000122
    -0.01876799    -0.01876677    -0.00000122
    -0.02089815    -0.02091906     0.00002091
    -0.02089843    -0.02091906     0.00002063
    -0.02761850    -0.02761446    -0.00000403
    -0.01513236    -0.01511926    -0.00001310
    -0.01513236    -0.01511926    -0.00001310
    -0.02895049    -0.02894860    -0.00000190
    -0.04490042    -0.04489734    -0.00000308
    -0.02251345    -0.02251697     0.00000352
     0.00001864     0.00005131    -0.00003267
    -0.00006634    -0.00001642    -0.00004993
    -0.00060722    -0.00059853    -0.00000869
    -0.00019282    -0.00014606    -0.00004676
    -0.00061185    -0.00061497     0.00000312
    -0.00042760    -0.00039926    -0.00002834
    -0.00050657    -0.00046330    -0.00004327
    -0.00065481    -0.00067272     0.00001791
    -0.00042646    -0.00039863    -0.00002783
    -0.00050153    -0.00045933    -0.00004220
    -0.00062975    -0.00061243    -0.00001732
    -0.00050502    -0.00046234    -0.00004268
    -0.00002321    -0.00000424    -0.00001897
    -0.00002373     0.00001920    -0.00004293
    -0.00063217    -0.00064037     0.00000819
    -0.00044825    -0.00041436    -0.00003390
    -0.00044689    -0.00041366    -0.00003323
    -0.00008144    -0.00007386    -0.00000758
    -0.00008144    -0.00007386    -0.00000758
    -0.00008144    -0.00007386    -0.00000758
    -0.00008144    -0.00007386    -0.00000758
    -0.00008172    -0.00007386    -0.00000785
    -0.00008172    -0.00007386    -0.00000785
    -0.00008172    -0.00007386    -0.00000785
    -0.00008172    -0.00007386    -0.00000785
    -0.00008172    -0.00007386    -0.00000785
    -0.00008172    -0.00007386    -0.00000785
    -0.00008172    -0.00007386    -0.00000785
    -0.00008172    -0.00007386    -0.00000785
    -0.00017173    -0.00012803    -0.00004370
    -0.00003761    -0.00001685    -0.00002075
    -0.00003744    -0.00001694    -0.00002050
    -0.00062543    -0.00062266    -0.00000276
     0.00005799     0.00005751     0.00000047
     0.00005799     0.00005751     0.00000047
     0.00005772     0.00005751     0.00000020
     0.00005772     0.00005751     0.00000020
     0.00005772     0.00005751     0.00000020
     0.00005772     0.00005751     0.00000020
     0.00005772     0.00005751     0.00000020
     0.00005772     0.00005751     0.00000020
     0.00005772     0.00005751     0.00000020
     0.00005772     0.00005751     0.00000020
     0.00005772     0.00005751     0.00000020
     0.00005772     0.00005751     0.00000020
    -0.00075035    -0.00074110    -0.00000925
    -0.00073713    -0.00069997    -0.00003716
    -0.00075327    -0.00074061    -0.00001266
    -0.00015026    -0.00011028    -0.00003998
    -0.00005431    -0.00003052    -0.00002379
    -0.00072001    -0.00071957    -0.00000045
    -0.00064630    -0.00064327    -0.00000302
     0.00003007     0.00002906     0.00000101
     0.00003007     0.00002906     0.00000101
     0.00003007     0.00002906     0.00000101
     0.00003007     0.00002906     0.00000101
     0.00003007     0.00002906     0.00000101
     0.00003007     0.00002906     0.00000101
     0.00003007     0.00002906     0.00000101
     0.00003007     0.00002906     0.00000101
     0.00003007     0.00002906     0.00000101
     0.00003007     0.00002906     0.00000101
     0.00003007     0.00002906     0.00000101
     0.00003007     0.00002906     0.00000101
    -0.00064788    -0.00064741    -0.00000047
    -0.00012977    -0.00009298    -0.00003679
    -0.00004226    -0.00003735    -0.00000491
    -0.00004253    -0.00003735    -0.00000518
    -0.00004253    -0.00003735    -0.00000518
    -0.00004253    -0.00003735    -0.00000518
    -0.00004253    -0.00003735    -0.00000518
    -0.00004253    -0.00003735    -0.00000518
    -0.00004253    -0.00003735    -0.00000518
    -0.00004253    -0.00003735    -0.00000518
    -0.00004253    -0.00003735    -0.00000518
    -0.00004253    -0.00003735    -0.00000518
    -0.00004253    -0.00003735    -0.00000518
    -0.00004253    -0.00003735    -0.00000518
    -0.00069163    -0.00066227    -0.00002936
    -0.00072113    -0.00071032    -0.00001081
    -0.00011110    -0.00007615    -0.00003495
    -0.00011113    -0.00007621    -0.00003492
    -0.00069960    -0.00067892    -0.00002068
    -0.00070409    -0.00069999    -0.00000411
    -0.00009285    -0.00006013    -0.00003271
    -0.00071008    -0.00070251    -0.00000757
    -0.00067841    -0.00067492    -0.00000348
    -0.00000634    -0.00000273    -0.00000361
    -0.00000634    -0.00000273    -0.00000361
    -0.00000634    -0.00000273    -0.00000361
    -0.00000634    -0.00000273    -0.00000361
    -0.00000634    -0.00000273    -0.00000361
    -0.00000634    -0.00000273    -0.00000361
    -0.00000634    -0.00000273    -0.00000361
    -0.00000634    -0.00000273    -0.00000361
    -0.00000634    -0.00000273    -0.00000361
    -0.00000634    -0.00000273    -0.00000361
    -0.00000634    -0.00000273    -0.00000361
    -0.00000634    -0.00000273    -0.00000361
     0.00618640     0.00624350    -0.00005710
     0.01320677     0.01322374    -0.00001697
     0.01356436     0.01362909    -0.00006473
    -0.02499812    -0.02499373    -0.00000439
    -0.03162877    -0.03164963     0.00002086
    -0.02466530    -0.02464564    -0.00001966
    -0.03028290    -0.03026517    -0.00001773
    -0.01752862    -0.01753638     0.00000776
    -0.03045909    -0.03044257    -0.00001652
    -0.01626297    -0.01622573    -0.00003723
    -0.02662030    -0.02663568     0.00001538
     0.00179892     0.00178783     0.00001109
    -0.02593732    -0.02591016    -0.00002716
    -0.01955002    -0.01951493    -0.00003509
    -0.01435235    -0.01436053     0.00000818
    -0.03095829    -0.03094721    -0.00001107
    -0.03156888    -0.03157554     0.00000666
    -0.02794003    -0.02796130     0.00002128
    -0.01501328    -0.01498527    -0.00002802
    -0.01528376    -0.01529005     0.00000629
    -0.02057867    -0.02058288     0.00000421
    -0.04028602    -0.04026937    -0.00001665
    -0.01895763    -0.01894502    -0.00001260
    -0.01827778    -0.01827523    -0.00000255
    -0.01778365    -0.01778439     0.00000074
    -0.00082622    -0.00079653    -0.00002969
    -0.02086917    -0.02084036    -0.00002882
    -0.01790177    -0.01789972    -0.00000205
     0.00879088     0.00881550    -0.00002461
    -0.01490871    -0.01489508    -0.00001363
    -0.02371293    -0.02368867    -0.00002425
    -0.02436627    -0.02435975    -0.00000652
    -0.01478185    -0.01476899    -0.00001286
    -0.03519649    -0.03519364    -0.00000284
     0.00068173     0.00068193    -0.00000020
    -0.01870241    -0.01869151    -0.00001090
    -0.01666401    -0.01665418    -0.00000983
    -0.01666401    -0.01665418    -0.00000983
    -0.01666401    -0.01665418    -0.00000983
    -0.01666401    -0.01665418    -0.00000983
    -0.01666401    -0.01665418    -0.00000983
    -0.01666401    -0.01665418    -0.00000983
    -0.01666401    -0.01665418    -0.00000983
    -0.01666401    -0.01665418    -0.00000983
    -0.01666401    -0.01665418    -0.00000983
    -0.01666401    -0.01665418    -0.00000983
    -0.01666401    -0.01665418    -0.00000983
    -0.01666401    -0.01665418    -0.00000983
    -0.01650224    -0.01649798    -0.00000425
    -0.01567196    -0.01566399    -0.00000797
    -0.01560432    -0.01559249    -0.00001182
    -0.01737183    -0.01734088    -0.00003095
    -0.02707334    -0.02704614    -0.00002721
    -0.01579613    -0.01578380    -0.00001233
    -0.02718913    -0.02716369    -0.00002544
    -0.02123111    -0.02120483    -0.00002629
    -0.01928093    -0.01926512    -0.00001581
    -0.01826058    -0.01824944    -0.00001114
    -0.02647268    -0.02645188    -0.00002080
    -0.02647268    -0.02645188    -0.00002080
    -0.02647268    -0.02645188    -0.00002080
    -0.02647268    -0.02645188    -0.00002080
    -0.02647268    -0.02645188    -0.00002080
    -0.02647268    -0.02645188    -0.00002080
    -0.02647295    -0.02645188    -0.00002107
    -0.02647295    -0.02645188    -0.00002107
    -0.02647295    -0.02645188    -0.00002107
    -0.02647295    -0.02645188    -0.00002107
    -0.02647295    -0.02645188    -0.00002107
    -0.02647295    -0.02645188    -0.00002107
    -0.02532545    -0.02532096    -0.00000449
    -0.01728201    -0.01725433    -0.00002767
    -0.00893233    -0.00892173    -0.00001059
    -0.05926243    -0.05927149     0.00000906
    -0.01681299    -0.01679789    -0.00001510
    -0.01984469    -0.01981872    -0.00002598
    -0.03587544    -0.03583888    -0.00003655
    -0.02403258    -0.02401736    -0.00001522
    -0.01849261    -0.01847508    -0.00001753
    -0.01863610    -0.01861710    -0.00001900
    -0.03222617    -0.03223802     0.00001185
    -0.02386079    -0.02384179    -0.00001901
    -0.02008306    -0.02005902    -0.00002404
    -0.02107397    -0.02104420    -0.00002977
    -0.02107397    -0.02104420    -0.00002977
    -0.02107397    -0.02104420    -0.00002977
    -0.02107397    -0.02104420    -0.00002977
    -0.02107397    -0.02104420    -0.00002977
    -0.02107397    -0.02104420    -0.00002977
    -0.02107397    -0.02104420    -0.00002977
    -0.02107397    -0.02104420    -0.00002977
    -0.02107397    -0.02104420    -0.00002977
    -0.02107397    -0.02104420    -0.00002977
    -0.02107397    -0.02104420    -0.00002977
    -0.02107397    -0.02104420    -0.00002977
    -0.01878448    -0.01876103    -0.00002345
    -0.01901262    -0.01898730    -0.00002532
    -0.01960423    -0.01957822    -0.00002600
    -0.01955642    -0.01953118    -0.00002524
     0.00116165     0.00114446     0.00001719
    -0.02007542    -0.02004959    -0.00002583
    -0.01188180    -0.01185622    -0.00002557
    -0.01028569    -0.01027831    -0.00000738
    -0.01297346    -0.01298428     0.00001081
    -0.01956980    -0.01955000    -0.00001981
    -0.01956978    -0.01954999    -0.00001978
    -0.01190939    -0.01191927     0.00000988
    -0.01780202    -0.01778011    -0.00002190
    -0.01230298    -0.01231193     0.00000896
    -0.01910460    -0.01906973    -0.00003486
    -0.00459698    -0.00456954    -0.00002744
    -0.00886612    -0.00882885    -0.00003727
    -0.01532257    -0.01534435     0.00002178
    -0.01260301    -0.01261140     0.00000840
    -0.01260301    -0.01261140     0.00000840
    -0.01855942    -0.01854173    -0.00001769
    -0.01855915    -0.01854173    -0.00001741
    -0.01325418    -0.01326099     0.00000681
    -0.01174231    -0.01174407     0.00000176
    -0.02121955    -0.02123109     0.00001154
    -0.01333548    -0.01334091     0.00000543
    -0.01333546    -0.01334091     0.00000545
    -0.01172871    -0.01172621    -0.00000250
    -0.01922786    -0.01923326     0.00000540
    -0.01221712    -0.01220569    -0.00001143
    -0.01041619    -0.01042579     0.00000960
    -0.01041619    -0.01042579     0.00000960
    -0.01758898    -0.01757429    -0.00001469
    -0.01758871    -0.01757429    -0.00001441
    -0.01410671    -0.01410860     0.00000189
    -0.01579052    -0.01578561    -0.00000491
    -0.01495040    -0.01493317    -0.00001722
    -0.01475861    -0.01473411    -0.00002450
    -0.01665832    -0.01664758    -0.00001074
    -0.01665832    -0.01664758    -0.00001074
    -0.01491764    -0.01491520    -0.00000244
    -0.01491764    -0.01491520    -0.00000243
    -0.01576807    -0.01576135    -0.00000672
    -0.01576807    -0.01576135    -0.00000672
    -0.01846401    -0.01844670    -0.00001732
    -0.01846401    -0.01844670    -0.00001732
    -0.00995700    -0.00994623    -0.00001077
    -0.01571033    -0.01570419    -0.00000614
    -0.01272905    -0.01272299    -0.00000606
    -0.01310030    -0.01308940    -0.00001090
    -0.01837188    -0.01834967    -0.00002221
    -0.01902623    -0.01900809    -0.00001814
    -0.01583284    -0.01582523    -0.00000761
    -0.03913920    -0.03911836    -0.00002084
    -0.01545558    -0.01543842    -0.00001716
    -0.01365944    -0.01364111    -0.00001833
    -0.01394869    -0.01394983     0.00000114
    -0.01394869    -0.01394983     0.00000114
    -0.00244478    -0.00239972    -0.00004506
    -0.01523854    -0.01522950    -0.00000903
    -0.01590658    -0.01589619    -0.00001039
    -0.00341500    -0.00342802     0.00001302
    -0.01728674    -0.01729465     0.00000791
    -0.01260559    -0.01259404    -0.00001155
    -0.02459311    -0.02461569     0.00002258
    -0.01529666    -0.01529906     0.00000239
    -0.01529683    -0.01529906     0.00000223
    -0.01544456    -0.01543756    -0.00000700
    -0.01736130    -0.01736729     0.00000599
    -0.01159728    -0.01159287    -0.00000441
    -0.00514467    -0.00517029     0.00002563
    -0.01063465    -0.01063731     0.00000266
    -0.01666085    -0.01665325    -0.00000760
    -0.00971757    -0.00972691     0.00000935
    -0.00884558    -0.00886108     0.00001550
    -0.00801868    -0.00803905     0.00002037
    -0.02890818    -0.02890718    -0.00000100
    -0.01604694    -0.01604939     0.00000245
    -0.01671179    -0.01670542    -0.00000637
    -0.01840736    -0.01841174     0.00000438
    -0.01840774    -0.01841174     0.00000400
    -0.01967051    -0.01969261     0.00002209
    -0.02801524    -0.02799819    -0.00001705
    -0.02801524    -0.02799819    -0.00001705
    -0.01681582    -0.01681882     0.00000300
    -0.01681626    -0.01681882     0.00000257
    -0.01649489    -0.01649785     0.00000296
    -0.01760326    -0.01760657     0.00000331
    -0.01718954    -0.01719608     0.00000654
    -0.02121549    -0.02123768     0.00002219
    -0.01772961    -0.01773470     0.00000509
    -0.02176356    -0.02177233     0.00000877
    -0.02176356    -0.02177233     0.00000877
    -0.01776065    -0.01776922     0.00000857
    -0.01859923    -0.01861552     0.00001630
    -0.02200226    -0.02202988     0.00002763
    -0.01899594    -0.01900471     0.00000877
    -0.01910316    -0.01911201     0.00000885
    -0.01956104    -0.01957436     0.00001331
    -0.02617553    -0.02618161     0.00000608
    -0.02406806    -0.02408244     0.00001438
    -0.02118991    -0.02120399     0.00001407
    -0.02078381    -0.02079847     0.00001466
    -0.01995928    -0.01996466     0.00000538
    -0.02156206    -0.02156853     0.00000647
    -0.02230904    -0.02232019     0.00001116
     0.00007774     0.00003458     0.00006595     0.00030820     0.00259369
