    -0.00103343    -0.00132545     0.00029201
    -0.00747023    -0.00751969     0.00004945
    -0.00563668    -0.00562286    -0.00001381
    -0.00095749    -0.00125198     0.00029449
    -0.00051163    -0.00046297    -0.00004866
     0.02273479     0.02265972     0.00007506
     0.02194552     0.02209056    -0.00014504
    -0.02411051    -0.02418823     0.00007772
    -0.01091158    -0.01087582    -0.00003575
    -0.00047024    -0.00039898    -0.00007126
     0.01570511     0.01574499    -0.00003988
    -0.02315901    -0.02317755     0.00001854
    -0.03150341    -0.03156219     0.00005878
    -0.00047141    -0.00036099    -0.00011042
    -0.01143482    -0.01138523    -0.00004960
    -0.00247240    -0.00240122    -0.00007118
    -0.01208986    -0.01206224    -0.00002762
    -0.01363641    -0.01364481     0.00000839
     0.02277601     0.02282691    -0.00005090
     0.00002977     0.00000298     0.00002679
     0.01393147     0.01386822     0.00006325
    -0.00030360    -0.00034751     0.00004391
     0.00007391    -0.00008829     0.00016220
     0.00893285     0.00901432    -0.00008148
     0.02382433     0.02390035    -0.00007602
     0.01333850     0.01362444    -0.00028593
     0.01761858     0.01795087    -0.00033229
    -0.04233945    -0.04229214    -0.00004730
     0.01439341     0.01441442    -0.00002102
     0.02824735     0.02828472    -0.00003737
    -0.00027677    -0.00020659    -0.00007018
     0.00283834     0.00273216     0.00010618
    -0.00417689    -0.00410250    -0.00007439
     0.02639518     0.02627282     0.00012236
    -0.00053179    -0.00068148     0.00014969
    -0.01616269    -0.01623689     0.00007420
    -0.00479927    -0.00455446    -0.00024481
    -0.00048191    -0.00039386    -0.00008806
    -0.02854991    -0.02861898     0.00006907
     0.01998067     0.01996451     0.00001616
     0.01113640     0.01114680    -0.00001040
    -0.00666434    -0.00655193    -0.00011241
    -0.00051879    -0.00075995     0.00024117
    -0.01757262    -0.01756574    -0.00000688
     0.02201864     0.02183390     0.00018474
    -0.00047721    -0.00041755    -0.00005966
    -0.02422047    -0.02407385    -0.00014663
     0.01964436     0.01967754    -0.00003318
     0.00225008     0.00236004    -0.00010996
     0.03225586     0.03200639     0.00024947
     0.02913561     0.02916856    -0.00003295
    -0.01619056    -0.01617810    -0.00001246
    -0.00200548    -0.00238519     0.00037971
    -0.00045595    -0.00040443    -0.00005152
     0.01208009     0.01188601     0.00019408
    -0.00896974    -0.00891602    -0.00005372
     0.02620465     0.02631824    -0.00011359
    -0.00098935    -0.00095335    -0.00003600
    -0.00859779    -0.00858414    -0.00001365
     0.03272107     0.03270365     0.00001741
    -0.03343134    -0.03339154    -0.00003980
     0.02419492     0.02400859     0.00018633
     0.00007391    -0.00008829     0.00016220
    -0.00065571    -0.00059460    -0.00006111
     0.01074531     0.01060519     0.00014013
    -0.00058205    -0.00077764     0.00019559
    -0.00084671    -0.00072835    -0.00011836
    -0.03750039    -0.03740593    -0.00009446
     0.01409792     0.01404199     0.00005593
    -0.02057867    -0.02059554     0.00001687
     0.02537503     0.02528423     0.00009080
    -0.00045296    -0.00034024    -0.00011272
    -0.01578070    -0.01579018     0.00000948
     0.01248524     0.01260985    -0.00012461
    -0.00284914    -0.00279783    -0.00005131
    -0.00600493    -0.00609420     0.00008928
    -0.00050039    -0.00054868     0.00004829
    -0.00059745    -0.00064966     0.00005220
    -0.00019290    -0.00022804     0.00003514
     0.03147427     0.03133916     0.00013511
     0.00795645     0.00791034     0.00004611
    -0.00189810    -0.00195136     0.00005326
     0.03498712     0.03497017     0.00001696
     0.02151101     0.02148097     0.00003004
     0.01645249     0.01651097    -0.00005847
     0.02972218     0.02965294     0.00006924
    -0.00037407    -0.00041835     0.00004427
    -0.00654121    -0.00639056    -0.00015065
    -0.00045661    -0.00032698    -0.00012963
     0.02942996     0.02942306     0.00000690
    -0.00057990    -0.00058401     0.00000411
    -0.00422854    -0.00450181     0.00027327
     0.00193402     0.00190602     0.00002800
     0.00932221     0.00905499     0.00026723
    -0.01980126    -0.01977467    -0.00002659
     0.02062277     0.02048230     0.00014048
    -0.00179149    -0.00140450    -0.00038699
    -0.00602283    -0.00623108     0.00020824
    -0.00168770    -0.00142255    -0.00026516
     0.01996570     0.01968103     0.00028467
    -0.00504905    -0.00501341    -0.00003563
    -0.00656624    -0.00657761     0.00001136
    -0.00377373    -0.00375395    -0.00001978
    -0.01289695    -0.01288497    -0.00001197
    -0.00199840    -0.00204291     0.00004451
    -0.00199840    -0.00204291     0.00004451
    -0.00199840    -0.00204291     0.00004451
    -0.00199840    -0.00204291     0.00004451
    -0.00199813    -0.00204291     0.00004478
    -0.00199813    -0.00204291     0.00004478
    -0.00199813    -0.00204291     0.00004478
    -0.00199813    -0.00204291     0.00004478
    -0.00199813    -0.00204291     0.00004478
    -0.00199813    -0.00204291     0.00004478
    -0.00199813    -0.00204291     0.00004478
    -0.00199813    -0.00204291     0.00004478
     0.02287517     0.02279033     0.00008484
    -0.00401749    -0.00401702    -0.00000047
    -0.00371278    -0.00371069    -0.00000209
    -0.00423755    -0.00421921    -0.00001833
    -0.00366341    -0.00366056    -0.00000286
    -0.00360031    -0.00359846    -0.00000185
     0.02466241     0.02472482    -0.00006241
    -0.00535474    -0.00531506    -0.00003968
    -0.00600618    -0.00600906     0.00000288
    -0.00345293    -0.00345388     0.00000095
    -0.00978497    -0.00983997     0.00005500
    -0.00331184    -0.00331768     0.00000583
    -0.00814437    -0.00811501    -0.00002936
    -0.00640229    -0.00638356    -0.00001873
    -0.00378622    -0.00375931    -0.00002691
    -0.01449997    -0.01450282     0.00000285
    -0.00324942    -0.00325694     0.00000752
    -0.00326196    -0.00326800     0.00000603
    -0.00570280    -0.00567515    -0.00002765
    -0.00596259    -0.00593647    -0.00002611
    -0.01144544    -0.01144786     0.00000242
    -0.00646189    -0.00649825     0.00003636
    -0.00976045    -0.00968451    -0.00007594
    -0.01326027    -0.01329480     0.00003453
    -0.00369776    -0.00368546    -0.00001230
    -0.00295189    -0.00296287     0.00001098
    -0.00518410    -0.00514984    -0.00003425
    -0.00361367    -0.00360217    -0.00001150
    -0.00386421    -0.00383101    -0.00003319
    -0.00317981    -0.00317913    -0.00000069
    -0.00313543    -0.00313546     0.00000003
    -0.00417466    -0.00414956    -0.00002510
    -0.01162019    -0.01165722     0.00003703
    -0.00351593    -0.00350151    -0.00001442
    -0.00784039    -0.00783145    -0.00000894
    -0.00615600    -0.00612468    -0.00003133
    -0.01331663    -0.01331773     0.00000110
    -0.00777925    -0.00780926     0.00003001
    -0.00395591    -0.00391153    -0.00004438
    -0.00475271    -0.00476859     0.00001587
    -0.00722070    -0.00720156    -0.00001915
    -0.00327339    -0.00325779    -0.00001561
    -0.00413349    -0.00410691    -0.00002658
    -0.00375493    -0.00372700    -0.00002793
    -0.00357786    -0.00354034    -0.00003752
    -0.00697896    -0.00696646    -0.00001249
    -0.00404827    -0.00399595    -0.00005231
    -0.00246312    -0.00246409     0.00000097
    -0.00246285    -0.00246409     0.00000124
    -0.00246285    -0.00246409     0.00000124
    -0.00246285    -0.00246409     0.00000124
    -0.00246285    -0.00246409     0.00000124
    -0.00246285    -0.00246409     0.00000124
    -0.00246285    -0.00246409     0.00000124
    -0.00246285    -0.00246409     0.00000124
    -0.00246285    -0.00246409     0.00000124
    -0.00246285    -0.00246409     0.00000124
    -0.00246285    -0.00246409     0.00000124
    -0.00246285    -0.00246409     0.00000124
    -0.00605170    -0.00608066     0.00002896
    -0.00687790    -0.00688166     0.00000377
    -0.00381071    -0.00378314    -0.00002757
    -0.00740713    -0.00749995     0.00009282
    -0.00347228    -0.00344338    -0.00002890
    -0.00728386    -0.00729382     0.00000995
    -0.00676149    -0.00676521     0.00000372
    -0.00649710    -0.00647926    -0.00001784
    -0.00663351    -0.00662806    -0.00000545
    -0.00492668    -0.00491782    -0.00000886
    -0.00226807    -0.00225684    -0.00001123
    -0.00226807    -0.00225684    -0.00001123
    -0.00226807    -0.00225684    -0.00001123
    -0.00226780    -0.00225684    -0.00001096
    -0.00226780    -0.00225684    -0.00001096
    -0.00226780    -0.00225684    -0.00001096
    -0.00226780    -0.00225684    -0.00001096
    -0.00226780    -0.00225684    -0.00001096
    -0.00226780    -0.00225684    -0.00001096
    -0.00226780    -0.00225684    -0.00001096
    -0.00226780    -0.00225684    -0.00001096
    -0.00226780    -0.00225684    -0.00001096
    -0.00326392    -0.00323048    -0.00003345
    -0.00454144    -0.00451500    -0.00002644
    -0.00414574    -0.00410131    -0.00004443
    -0.02933287    -0.02936606     0.00003319
    -0.05325783    -0.05327583     0.00001801
     0.06033891     0.06024386     0.00009505
     0.05203029     0.05212065    -0.00009035
     0.02469017     0.02450858     0.00018159
    -0.03290368    -0.03286693    -0.00003675
    -0.03169354    -0.03182730     0.00013376
    -0.03195262    -0.03206509     0.00011247
    -0.04179487    -0.04185118     0.00005632
    -0.03662791    -0.03642751    -0.00020040
    -0.05422111    -0.05428191     0.00006081
    -0.02810754    -0.02812806     0.00002052
    -0.04178006    -0.04167156    -0.00010850
    -0.02668964    -0.02672575     0.00003611
    -0.04171372    -0.04175052     0.00003680
     0.04715559     0.04714145     0.00001414
    -0.03008572    -0.03015295     0.00006722
    -0.02983965    -0.02978356    -0.00005609
    -0.02888276    -0.02891572     0.00003296
     0.04762423     0.04781876    -0.00019453
    -0.05690100    -0.05687559    -0.00002540
    -0.02532849    -0.02528551    -0.00004299
    -0.04292885    -0.04302347     0.00009462
    -0.03570547    -0.03556588    -0.00013960
     0.02515927     0.02521616    -0.00005689
    -0.02895049    -0.02889789    -0.00005260
    -0.05104764    -0.05112663     0.00007900
    -0.05818524    -0.05759262    -0.00059262
    -0.03156026    -0.03155469    -0.00000556
    -0.03942231    -0.03935486    -0.00006744
    -0.05054069    -0.05054096     0.00000027
    -0.02949703    -0.02933620    -0.00016084
    -0.04102963    -0.04102955    -0.00000008
    -0.03389058    -0.03395551     0.00006493
    -0.04916967    -0.04921413     0.00004446
    -0.03107216    -0.03105552    -0.00001665
    -0.04177419    -0.04187891     0.00010473
    -0.03017476    -0.03023904     0.00006428
    -0.03164388    -0.03160481    -0.00003906
    -0.05028784    -0.05028428    -0.00000356
    -0.03255078    -0.03233694    -0.00021384
    -0.04352793    -0.04352867     0.00000073
    -0.04456316    -0.04459256     0.00002940
    -0.04455347    -0.04457303     0.00001955
    -0.03846041    -0.03858145     0.00012104
    -0.04068178    -0.04079479     0.00011301
    -0.03427456    -0.03424670    -0.00002786
    -0.06052406    -0.06049540    -0.00002865
    -0.04939397    -0.04930484    -0.00008913
     0.01642659     0.01641292     0.00001367
    -0.05031954    -0.05037947     0.00005993
    -0.03495697    -0.03489025    -0.00006672
    -0.04536685    -0.04528096    -0.00008589
    -0.04780807    -0.04777798    -0.00003008
    -0.05232309    -0.05234805     0.00002496
    -0.04021418    -0.04023038     0.00001620
    -0.04318812    -0.04334298     0.00015487
    -0.03361874    -0.03348264    -0.00013610
    -0.03018575    -0.03005804    -0.00012771
    -0.03876126    -0.03879367     0.00003241
    -0.04694789    -0.04705208     0.00010420
    -0.03809042    -0.03813355     0.00004314
    -0.03654217    -0.03659924     0.00005707
    -0.03205501    -0.03202825    -0.00002676
    -0.03261200    -0.03314507     0.00053306
    -0.05618381    -0.05610063    -0.00008318
     0.05745499     0.05725804     0.00019695
     0.04562843     0.04551354     0.00011489
     0.04791702     0.04757477     0.00034225
    -0.04559877    -0.04555983    -0.00003894
    -0.03918372    -0.03930716     0.00012344
    -0.05799005    -0.05783913    -0.00015092
    -0.04264054    -0.04263464    -0.00000590
    -0.03403181    -0.03414241     0.00011060
    -0.03887693    -0.03885191    -0.00002502
    -0.04489071    -0.04486292    -0.00002778
    -0.04467176    -0.04464964    -0.00002212
    -0.04204690    -0.04186378    -0.00018312
    -0.04610433    -0.04614312     0.00003879
    -0.03643199    -0.03638918    -0.00004281
    -0.05329598    -0.05325109    -0.00004488
    -0.05926243    -0.05921173    -0.00005070
    -0.04013609    -0.04008861    -0.00004747
    -0.03807393    -0.03822666     0.00015273
    -0.04255039    -0.04255218     0.00000179
    -0.04546761    -0.04541484    -0.00005277
    -0.04598460    -0.04595685    -0.00002776
    -0.04308466    -0.04311959     0.00003493
    -0.05111599    -0.05111069    -0.00000530
    -0.03878335    -0.03875694    -0.00002642
    -0.04133355    -0.04141021     0.00007666
    -0.04490042    -0.04487143    -0.00002899
    -0.05407624    -0.05396741    -0.00010882
    -0.06420916    -0.06418651    -0.00002265
    -0.05506420    -0.05503902    -0.00002518
    -0.06777222    -0.06777368     0.00000147
    -0.06704431    -0.06697516    -0.00006915
    -0.06867857    -0.06866363    -0.00001494
    -0.06441868    -0.06449597     0.00007729
    -0.06949418    -0.06923557    -0.00025861
    -0.03355613    -0.03354254    -0.00001359
     0.04867733     0.04847844     0.00019890
     0.03045659     0.03035020     0.00010639
     0.05049405     0.05035752     0.00013653
     0.02730608     0.02740961    -0.00010352
     0.00673204     0.00665914     0.00007290
    -0.00162923    -0.00156625    -0.00006298
     0.04036219     0.04045272    -0.00009054
     0.03132730     0.03110969     0.00021761
     0.02635880     0.02630877     0.00005003
     0.04489479     0.04484286     0.00005192
     0.04146887     0.04161198    -0.00014311
     0.04037329     0.04020124     0.00017205
     0.03651635     0.03655141    -0.00003506
     0.03297130     0.03176505     0.00120626
     0.03064579     0.03051719     0.00012860
     0.01037712     0.01037478     0.00000234
     0.00122612     0.00103267     0.00019344
     0.00494888     0.00491019     0.00003869
     0.02572850     0.02581856    -0.00009006
     0.04244427     0.04230967     0.00013460
     0.02155068     0.02157818    -0.00002750
     0.04116038     0.04105711     0.00010327
     0.04152409     0.04147622     0.00004786
    -0.00217457    -0.00216205    -0.00001252
     0.02609801     0.02595131     0.00014670
     0.00373316     0.00378624    -0.00005308
     0.01981735     0.01994774    -0.00013039
     0.00941201     0.00935103     0.00006098
     0.04567706     0.04576079    -0.00008373
     0.03151990     0.03148232     0.00003758
     0.04490611     0.04498205    -0.00007594
     0.04584670     0.04578222     0.00006448
     0.05068028     0.05070808    -0.00002780
     0.02576148     0.02563003     0.00013145
     0.04287608     0.04281239     0.00006369
     0.04473628     0.04458867     0.00014761
     0.03453598     0.03445295     0.00008303
     0.02604674     0.02602370     0.00002304
     0.03749073     0.03753263    -0.00004190
     0.05028370     0.05030072    -0.00001701
     0.05919864     0.05915826     0.00004039
     0.00980619     0.00977884     0.00002736
     0.01925829     0.01907820     0.00018009
     0.04380396     0.04369843     0.00010553
     0.04677580     0.04670155     0.00007425
     0.02223663     0.02213525     0.00010138
    -0.00188338    -0.00186603    -0.00001735
     0.00153646     0.00148670     0.00004977
     0.05163086     0.05152056     0.00011030
     0.02591289     0.02622280    -0.00030991
     0.02262610     0.02259078     0.00003533
     0.03210440     0.03226344    -0.00015904
    -0.03468137    -0.03464403    -0.00003735
     0.01001278     0.00984952     0.00016326
     0.04768287     0.04760100     0.00008187
    -0.00069756    -0.00071413     0.00001657
     0.02325744     0.02318723     0.00007021
     0.01946833     0.01959830    -0.00012997
     0.04512802     0.04506908     0.00005894
    -0.00019380    -0.00023254     0.00003874
     0.02209075     0.02229415    -0.00020340
     0.03497964     0.03493541     0.00004423
     0.03626197     0.03614803     0.00011394
     0.02777325     0.02778789    -0.00001465
     0.01011172     0.01017686    -0.00006514
     0.02895757     0.02886604     0.00009152
     0.01607913     0.01623015    -0.00015102
     0.01554867     0.01550789     0.00004078
     0.04641337     0.04641992    -0.00000655
     0.03424629     0.03437087    -0.00012458
     0.02764568     0.02756156     0.00008412
     0.02873648     0.02868622     0.00005026
     0.04610210     0.04599065     0.00011145
     0.03055485     0.03046785     0.00008700
     0.02965636     0.02957405     0.00008231
     0.01531492     0.01536580    -0.00005088
     0.02899809     0.02892663     0.00007145
     0.02757645     0.02752469     0.00005176
     0.01088390     0.01087547     0.00000843
     0.04018376     0.04022048    -0.00003672
    -0.03579922    -0.03576298    -0.00003624
    -0.03577168    -0.03573032    -0.00004136
     0.01771992     0.01780581    -0.00008589
     0.01825979     0.01837023    -0.00011044
     0.01602585     0.01620177    -0.00017593
    -0.00110633    -0.00110395    -0.00000239
     0.01104012     0.01104975    -0.00000963
     0.03440205     0.03446942    -0.00006737
     0.02508060     0.02502235     0.00005825
     0.04305285     0.04286315     0.00018970
     0.01801429     0.01802527    -0.00001098
     0.00941917     0.00934361     0.00007556
     0.03303740     0.03293781     0.00009959
     0.03381793     0.03374014     0.00007779
     0.02081181     0.02085342    -0.00004161
     0.04130144     0.04129329     0.00000815
     0.03236816     0.03227312     0.00009505
     0.03643583     0.03640560     0.00003023
     0.02929654     0.02924037     0.00005617
     0.00012075     0.00009034     0.00022615     0.00030590     0.00120626
