                  1.79111089498372821893
                 -1.33779454231179961710
                  1.46934301727856975184
                 -0.96987337968765152674
                 -0.21896863044982292634
                 -0.77196322130945760343
                  0.26528538381548422143
                  0.23551778057444225367
                  0.08654709404942206863
                 -0.66653576145530235575
                  0.62759041901589596169
                  1.00789362590732611835
                  0.98291538703432479451
                 -1.20076762468454401045
                  1.66154441943394259873
                  1.50042656491418791020
                 -1.42401021286497364571
                 -1.20408803961564392360
                 -0.75929588605007236612
                 -0.55467644078052769085
                  0.47157892097497966510
                 -0.31750114709627047516
                  0.02152425788720718075
                  0.01745216508749827811
                 -0.64802357521617959257
                 -0.74443135461428378008
                 -1.03224926767016089713
                  1.12442457113132943114
                  1.22107728906878043595
                  1.58254445182386094260
                  0.34231819267340785062
