    -0.00103343    -0.00121855     0.00018512
    -0.00747023    -0.00745584    -0.00001439
    -0.00563668    -0.00554249    -0.00009419
    -0.00095749    -0.00114458     0.00018710
    -0.00051163    -0.00048133    -0.00003030
     0.02273479     0.02272228     0.00001251
     0.02194552     0.02187914     0.00006638
    -0.02411051    -0.02406057    -0.00004994
    -0.01091158    -0.01089207    -0.00001951
    -0.00047024    -0.00045702    -0.00001322
     0.01570511     0.01583401    -0.00012890
    -0.02315901    -0.02311929    -0.00003973
    -0.03150341    -0.03155881     0.00005540
    -0.00047141    -0.00044445    -0.00002696
    -0.01143482    -0.01148681     0.00005199
    -0.00247240    -0.00249176     0.00001936
    -0.01208986    -0.01209749     0.00000763
    -0.01363641    -0.01377756     0.00014114
     0.02277601     0.02284299    -0.00006698
     0.00002977     0.00005123    -0.00002146
     0.01393147     0.01397596    -0.00004450
    -0.00030360    -0.00024801    -0.00005558
     0.00007391     0.00019715    -0.00012325
     0.00893285     0.00919565    -0.00026281
     0.02382433     0.02387919    -0.00005486
     0.01333850     0.01328276     0.00005574
     0.01761858     0.01782601    -0.00020742
    -0.04233945    -0.04234747     0.00000802
     0.01439341     0.01446382    -0.00007041
     0.02824735     0.02844225    -0.00019490
    -0.00027677    -0.00023384    -0.00004293
     0.00283834     0.00279275     0.00004559
    -0.00417689    -0.00415667    -0.00002023
     0.02639518     0.02644619    -0.00005101
    -0.00053179    -0.00059521     0.00006342
    -0.01616269    -0.01615067    -0.00001202
    -0.00479927    -0.00496135     0.00016208
    -0.00048191    -0.00045260    -0.00002931
    -0.02854991    -0.02844094    -0.00010897
     0.01998067     0.02006970    -0.00008903
     0.01113640     0.01109118     0.00004521
    -0.00666434    -0.00656835    -0.00009599
    -0.00051879    -0.00071579     0.00019701
    -0.01757262    -0.01762809     0.00005547
     0.02201864     0.02193693     0.00008171
    -0.00047721    -0.00046047    -0.00001674
    -0.02422047    -0.02440741     0.00018694
     0.01964436     0.01974189    -0.00009753
     0.00225008     0.00228381    -0.00003372
     0.03225586     0.03217557     0.00008029
     0.02913561     0.02930266    -0.00016705
    -0.01619056    -0.01608061    -0.00010994
    -0.00200548    -0.00189312    -0.00011236
    -0.00045595    -0.00046182     0.00000587
     0.01208009     0.01199297     0.00008712
    -0.00896974    -0.00893963    -0.00003012
     0.02620465     0.02626116    -0.00005651
    -0.00098935    -0.00091196    -0.00007739
    -0.00859779    -0.00883216     0.00023437
     0.03272107     0.03280525    -0.00008419
    -0.03343134    -0.03334393    -0.00008741
     0.02419492     0.02428290    -0.00008798
     0.00007391     0.00019715    -0.00012325
    -0.00065571    -0.00047696    -0.00017875
     0.01074531     0.01080420    -0.00005889
    -0.00058205    -0.00066189     0.00007984
    -0.00084671    -0.00073378    -0.00011293
    -0.03750039    -0.03740917    -0.00009122
     0.01409792     0.01415323    -0.00005531
    -0.02057867    -0.02059921     0.00002055
     0.02537503     0.02543140    -0.00005638
    -0.00045296    -0.00044086    -0.00001210
    -0.01578070    -0.01567375    -0.00010695
     0.01248524     0.01262532    -0.00014009
    -0.00284914    -0.00282492    -0.00002422
    -0.00600493    -0.00601145     0.00000652
    -0.00050039    -0.00051526     0.00001487
    -0.00059745    -0.00059117    -0.00000629
    -0.00019290    -0.00013790    -0.00005500
     0.03147427     0.03158079    -0.00010653
     0.00795645     0.00799565    -0.00003920
    -0.00189810    -0.00193406     0.00003595
     0.03498712     0.03485832     0.00012880
     0.02151101     0.02157857    -0.00006756
     0.01645249     0.01645471    -0.00000221
     0.02972218     0.02978015    -0.00005797
    -0.00037407    -0.00036143    -0.00001265
    -0.00654121    -0.00638010    -0.00016111
    -0.00045661    -0.00043860    -0.00001801
     0.02942996     0.02958911    -0.00015915
    -0.00057990    -0.00054154    -0.00003836
    -0.00422854    -0.00441691     0.00018837
     0.00193402     0.00206268    -0.00012866
     0.00932221     0.00925374     0.00006847
    -0.01980126    -0.01972639    -0.00007488
     0.02062277     0.02063104    -0.00000826
    -0.00179149    -0.00156872    -0.00022276
    -0.00602283    -0.00588130    -0.00014153
    -0.00168770    -0.00163664    -0.00005106
     0.01996570     0.01982401     0.00014170
    -0.00504905    -0.00500375    -0.00004529
    -0.00656624    -0.00647222    -0.00009403
    -0.00377373    -0.00379457     0.00002084
    -0.01289695    -0.01284768    -0.00004926
    -0.00199840    -0.00206260     0.00006419
    -0.00199840    -0.00206260     0.00006419
    -0.00199840    -0.00206260     0.00006419
    -0.00199840    -0.00206260     0.00006419
    -0.00199813    -0.00206260     0.00006447
    -0.00199813    -0.00206260     0.00006447
    -0.00199813    -0.00206260     0.00006447
    -0.00199813    -0.00206260     0.00006447
    -0.00199813    -0.00206260     0.00006447
    -0.00199813    -0.00206260     0.00006447
    -0.00199813    -0.00206260     0.00006447
    -0.00199813    -0.00206260     0.00006447
     0.02287517     0.02295975    -0.00008458
    -0.00401749    -0.00402372     0.00000623
    -0.00371278    -0.00371174    -0.00000104
    -0.00423755    -0.00421560    -0.00002195
    -0.00366341    -0.00371455     0.00005114
    -0.00360031    -0.00365096     0.00005065
     0.02466241     0.02479811    -0.00013569
    -0.00535474    -0.00526478    -0.00008995
    -0.00600618    -0.00595213    -0.00005405
    -0.00345293    -0.00350132     0.00004839
    -0.00978497    -0.00977677    -0.00000820
    -0.00331184    -0.00335635     0.00004450
    -0.00814437    -0.00822687     0.00008250
    -0.00640229    -0.00630731    -0.00009499
    -0.00378622    -0.00380794     0.00002172
    -0.01449997    -0.01459038     0.00009041
    -0.00324942    -0.00327832     0.00002890
    -0.00326196    -0.00328684     0.00002487
    -0.00570280    -0.00571382     0.00001102
    -0.00596259    -0.00597231     0.00000972
    -0.01144544    -0.01144883     0.00000340
    -0.00646189    -0.00649155     0.00002966
    -0.00976045    -0.00974613    -0.00001433
    -0.01326027    -0.01333984     0.00007957
    -0.00369776    -0.00374944     0.00005168
    -0.00295189    -0.00301341     0.00006152
    -0.00518410    -0.00511843    -0.00006566
    -0.00361367    -0.00366719     0.00005352
    -0.00386421    -0.00388464     0.00002043
    -0.00317981    -0.00321134     0.00003152
    -0.00313543    -0.00317070     0.00003527
    -0.00417466    -0.00421460     0.00003994
    -0.01162019    -0.01166751     0.00004732
    -0.00351593    -0.00352195     0.00000602
    -0.00784039    -0.00784778     0.00000739
    -0.00615600    -0.00616384     0.00000783
    -0.01331663    -0.01331303    -0.00000360
    -0.00777925    -0.00771447    -0.00006478
    -0.00395591    -0.00396818     0.00001227
    -0.00475271    -0.00469229    -0.00006043
    -0.00722070    -0.00721748    -0.00000323
    -0.00327339    -0.00329153     0.00001814
    -0.00413349    -0.00413345    -0.00000004
    -0.00375493    -0.00379810     0.00004317
    -0.00357786    -0.00365449     0.00007663
    -0.00697896    -0.00689079    -0.00008817
    -0.00404827    -0.00404462    -0.00000365
    -0.00246312    -0.00252068     0.00005756
    -0.00246285    -0.00252068     0.00005783
    -0.00246285    -0.00252068     0.00005783
    -0.00246285    -0.00252068     0.00005783
    -0.00246285    -0.00252068     0.00005783
    -0.00246285    -0.00252068     0.00005783
    -0.00246285    -0.00252068     0.00005783
    -0.00246285    -0.00252068     0.00005783
    -0.00246285    -0.00252068     0.00005783
    -0.00246285    -0.00252068     0.00005783
    -0.00246285    -0.00252068     0.00005783
    -0.00246285    -0.00252068     0.00005783
    -0.00605170    -0.00597418    -0.00007752
    -0.00687790    -0.00676978    -0.00010812
    -0.00381071    -0.00382527     0.00001456
    -0.00740713    -0.00735701    -0.00005012
    -0.00347228    -0.00344307    -0.00002921
    -0.00728386    -0.00718558    -0.00009828
    -0.00676149    -0.00665519    -0.00010630
    -0.00649710    -0.00642874    -0.00006836
    -0.00663351    -0.00654274    -0.00009077
    -0.00492668    -0.00485601    -0.00007066
    -0.00226807    -0.00228060     0.00001253
    -0.00226807    -0.00228060     0.00001253
    -0.00226807    -0.00228060     0.00001253
    -0.00226780    -0.00228060     0.00001280
    -0.00226780    -0.00228060     0.00001280
    -0.00226780    -0.00228060     0.00001280
    -0.00226780    -0.00228060     0.00001280
    -0.00226780    -0.00228060     0.00001280
    -0.00226780    -0.00228060     0.00001280
    -0.00226780    -0.00228060     0.00001280
    -0.00226780    -0.00228060     0.00001280
    -0.00226780    -0.00228060     0.00001280
    -0.00326392    -0.00326037    -0.00000355
    -0.00454144    -0.00447585    -0.00006559
    -0.00414574    -0.00412351    -0.00002223
    -0.02933287    -0.02925113    -0.00008174
    -0.05325783    -0.05325877     0.00000095
     0.06033891     0.06014054     0.00019837
     0.05203029     0.05205642    -0.00002613
     0.02469017     0.02475363    -0.00006346
    -0.03290368    -0.03285539    -0.00004829
    -0.03169354    -0.03172331     0.00002978
    -0.03195262    -0.03188528    -0.00006734
    -0.04179487    -0.04193768     0.00014282
    -0.03662791    -0.03636665    -0.00026126
    -0.05422111    -0.05420777    -0.00001334
    -0.02810754    -0.02810002    -0.00000752
    -0.04178006    -0.04185494     0.00007488
    -0.02668964    -0.02665950    -0.00003013
    -0.04171372    -0.04151556    -0.00019816
     0.04715559     0.04720328    -0.00004769
    -0.03008572    -0.03004363    -0.00004210
    -0.02983965    -0.02975387    -0.00008578
    -0.02888276    -0.02884657    -0.00003620
     0.04762423     0.04765349    -0.00002926
    -0.05690100    -0.05684984    -0.00005115
    -0.02532849    -0.02541535     0.00008686
    -0.04292885    -0.04284772    -0.00008112
    -0.03570547    -0.03570041    -0.00000507
     0.02515927     0.02516726    -0.00000800
    -0.02895049    -0.02890542    -0.00004507
    -0.05104764    -0.05099217    -0.00005547
    -0.05818524    -0.05808509    -0.00010014
    -0.03156026    -0.03160983     0.00004957
    -0.03942231    -0.03957211     0.00014980
    -0.05054069    -0.05043694    -0.00010375
    -0.02949703    -0.02945227    -0.00004477
    -0.04102963    -0.04105099     0.00002136
    -0.03389058    -0.03366793    -0.00022266
    -0.04916967    -0.04905871    -0.00011096
    -0.03107216    -0.03107278     0.00000062
    -0.04177419    -0.04176702    -0.00000717
    -0.03017476    -0.03011788    -0.00005688
    -0.03164388    -0.03152018    -0.00012370
    -0.05028784    -0.04959370    -0.00069414
    -0.03255078    -0.03257851     0.00002774
    -0.04352793    -0.04354018     0.00001225
    -0.04456316    -0.04433373    -0.00022943
    -0.04455347    -0.04449160    -0.00006187
    -0.03846041    -0.03861435     0.00015394
    -0.04068178    -0.04055937    -0.00012242
    -0.03427456    -0.03420166    -0.00007291
    -0.06052406    -0.06039219    -0.00013187
    -0.04939397    -0.04937056    -0.00002341
     0.01642659     0.01637678     0.00004981
    -0.05031954    -0.05024909    -0.00007045
    -0.03495697    -0.03484805    -0.00010892
    -0.04536685    -0.04532417    -0.00004268
    -0.04780807    -0.04770218    -0.00010588
    -0.05232309    -0.05228427    -0.00003881
    -0.04021418    -0.04036202     0.00014783
    -0.04318812    -0.04313014    -0.00005797
    -0.03361874    -0.03363410     0.00001536
    -0.03018575    -0.03017783    -0.00000793
    -0.03876126    -0.03874184    -0.00001942
    -0.04694789    -0.04700420     0.00005632
    -0.03809042    -0.03810018     0.00000976
    -0.03654217    -0.03662538     0.00008321
    -0.03205501    -0.03211957     0.00006455
    -0.03261200    -0.03284319     0.00023119
    -0.05618381    -0.05625964     0.00007583
     0.05745499     0.05740679     0.00004820
     0.04562843     0.04550357     0.00012487
     0.04791702     0.04810288    -0.00018586
    -0.04559877    -0.04555629    -0.00004248
    -0.03918372    -0.03930040     0.00011668
    -0.05799005    -0.05792093    -0.00006912
    -0.04264054    -0.04252923    -0.00011131
    -0.03403181    -0.03412707     0.00009526
    -0.03887693    -0.03881901    -0.00005792
    -0.04489071    -0.04494147     0.00005076
    -0.04467176    -0.04460560    -0.00006616
    -0.04204690    -0.04195085    -0.00009605
    -0.04610433    -0.04605928    -0.00004505
    -0.03643199    -0.03632877    -0.00010323
    -0.05329598    -0.05327139    -0.00002459
    -0.05926243    -0.05931102     0.00004860
    -0.04013609    -0.04010578    -0.00003031
    -0.03807393    -0.03818441     0.00011048
    -0.04255039    -0.04243627    -0.00011412
    -0.04546761    -0.04544915    -0.00001847
    -0.04598460    -0.04602890     0.00004429
    -0.04308466    -0.04307794    -0.00000672
    -0.05111599    -0.05104448    -0.00007151
    -0.03878335    -0.03863082    -0.00015253
    -0.04133355    -0.04134669     0.00001314
    -0.04490042    -0.04475723    -0.00014319
    -0.05407624    -0.05415334     0.00007710
    -0.06420916    -0.06424468     0.00003553
    -0.05506420    -0.05513752     0.00007332
    -0.06777222    -0.06770983    -0.00006239
    -0.06704431    -0.06685252    -0.00019179
    -0.06867857    -0.06869860     0.00002003
    -0.06441868    -0.06439118    -0.00002750
    -0.06949418    -0.06936093    -0.00013325
    -0.03355613    -0.03351668    -0.00003945
     0.04867733     0.04866726     0.00001007
     0.03045659     0.03053099    -0.00007440
     0.05049405     0.05021658     0.00027747
     0.02730608     0.02743205    -0.00012597
     0.00673204     0.00661689     0.00011516
    -0.00162923    -0.00176158     0.00013235
     0.04036219     0.04042815    -0.00006597
     0.03132730     0.03122597     0.00010133
     0.02635880     0.02628968     0.00006912
     0.04489479     0.04493723    -0.00004245
     0.04146887     0.04143844     0.00003044
     0.04037329     0.04036732     0.00000597
     0.03651635     0.03662348    -0.00010713
     0.03297130     0.03287881     0.00009249
     0.03064579     0.03049351     0.00015228
     0.01037712     0.01028361     0.00009351
     0.00122612     0.00116218     0.00006394
     0.00494888     0.00502836    -0.00007948
     0.02572850     0.02576874    -0.00004024
     0.04244427     0.04236492     0.00007935
     0.02155068     0.02141943     0.00013125
     0.04116038     0.04119028    -0.00002990
     0.04152409     0.04134700     0.00017709
    -0.00217457    -0.00212281    -0.00005176
     0.02609801     0.02607458     0.00002342
     0.00373316     0.00382470    -0.00009154
     0.01981735     0.01988510    -0.00006775
     0.00941201     0.00942464    -0.00001263
     0.04567706     0.04564771     0.00002935
     0.03151990     0.03160348    -0.00008358
     0.04490611     0.04494261    -0.00003651
     0.04584670     0.04587538    -0.00002868
     0.05068028     0.05064724     0.00003304
     0.02576148     0.02583238    -0.00007090
     0.04287608     0.04296433    -0.00008825
     0.04473628     0.04474972    -0.00001344
     0.03453598     0.03448645     0.00004953
     0.02604674     0.02612257    -0.00007583
     0.03749073     0.03762130    -0.00013056
     0.05028370     0.05045426    -0.00017056
     0.05919864     0.05932512    -0.00012648
     0.00980619     0.00967565     0.00013055
     0.01925829     0.01913584     0.00012245
     0.04380396     0.04373529     0.00006868
     0.04677580     0.04679062    -0.00001481
     0.02223663     0.02230257    -0.00006595
    -0.00188338    -0.00182229    -0.00006109
     0.00153646     0.00161133    -0.00007487
     0.05163086     0.05156807     0.00006278
     0.02591289     0.02601720    -0.00010432
     0.02262610     0.02262991    -0.00000380
     0.03210440     0.03235902    -0.00025462
    -0.03468137    -0.03464405    -0.00003733
     0.01001278     0.01029571    -0.00028292
     0.04768287     0.04768304    -0.00000018
    -0.00069756    -0.00076547     0.00006790
     0.02325744     0.02321374     0.00004369
     0.01946833     0.01948001    -0.00001168
     0.04512802     0.04507946     0.00004855
    -0.00019380    -0.00010395    -0.00008985
     0.02209075     0.02208758     0.00000317
     0.03497964     0.03493681     0.00004283
     0.03626197     0.03622203     0.00003995
     0.02777325     0.02785957    -0.00008632
     0.01011172     0.01018052    -0.00006879
     0.02895757     0.02880488     0.00015269
     0.01607913     0.01623874    -0.00015961
     0.01554867     0.01558926    -0.00004059
     0.04641337     0.04639560     0.00001777
     0.03424629     0.03444188    -0.00019559
     0.02764568     0.02751768     0.00012800
     0.02873648     0.02873376     0.00000271
     0.04610210     0.04610389    -0.00000179
     0.03055485     0.03037786     0.00017699
     0.02965636     0.02953512     0.00012124
     0.01531492     0.01535519    -0.00004027
     0.02899809     0.02854799     0.00045010
     0.02757645     0.02747437     0.00010208
     0.01088390     0.01088564    -0.00000174
     0.04018376     0.04018295     0.00000081
    -0.03579922    -0.03576414    -0.00003508
    -0.03577168    -0.03573636    -0.00003532
     0.01771992     0.01765844     0.00006148
     0.01825979     0.01815318     0.00010661
     0.01602585     0.01622463    -0.00019879
    -0.00110633    -0.00130058     0.00019425
     0.01104012     0.01100377     0.00003635
     0.03440205     0.03447117    -0.00006912
     0.02508060     0.02507136     0.00000924
     0.04305285     0.04307501    -0.00002217
     0.01801429     0.01799809     0.00001620
     0.00941917     0.00922407     0.00019510
     0.03303740     0.03304103    -0.00000363
     0.03381793     0.03387686    -0.00005893
     0.02081181     0.02086490    -0.00005309
     0.04130144     0.04126490     0.00003654
     0.03236816     0.03243015    -0.00006198
     0.03643583     0.03653129    -0.00009546
     0.02929654     0.02923151     0.00006503
    -0.00964976    -0.00964376    -0.00000600
    -0.00459698    -0.00441462    -0.00018237
     0.00102818     0.00100816     0.00002002
     0.00622109     0.00613169     0.00008940
     0.01350136     0.01340220     0.00009917
    -0.01726048    -0.01716301    -0.00009748
     0.02487306     0.02487136     0.00000170
    -0.02687927    -0.02685492    -0.00002435
    -0.00430702    -0.00430794     0.00000092
    -0.03038407    -0.03024230    -0.00014178
    -0.03815679    -0.03830423     0.00014744
    -0.02253203    -0.02236826    -0.00016378
    -0.00372714    -0.00363018    -0.00009696
    -0.02220093    -0.02204284    -0.00015809
     0.00643500     0.00651393    -0.00007893
    -0.00592463    -0.00598576     0.00006113
     0.00396228     0.00390777     0.00005450
    -0.01629516    -0.01623104    -0.00006412
    -0.02417669    -0.02401049    -0.00016620
     0.02365214     0.02357312     0.00007902
     0.01911799     0.01920363    -0.00008564
     0.01045353     0.01038052     0.00007301
    -0.00087988    -0.00086762    -0.00001226
    -0.01676371    -0.01682912     0.00006541
     0.00130111     0.00126398     0.00003713
     0.00024330     0.00033975    -0.00009645
    -0.00748147    -0.00750524     0.00002377
    -0.01153893    -0.01138435    -0.00015458
     0.02065624     0.02068721    -0.00003096
    -0.00355119    -0.00359502     0.00004383
     0.00902841     0.00900795     0.00002047
     0.01158070     0.01165674    -0.00007604
    -0.01187698    -0.01210189     0.00022491
    -0.01220221    -0.01217606    -0.00002616
     0.01492833     0.01494432    -0.00001599
     0.00706832     0.00706236     0.00000596
    -0.00651296    -0.00653530     0.00002234
    -0.00645808    -0.00652760     0.00006953
     0.01971783     0.01972594    -0.00000810
    -0.01547917    -0.01546835    -0.00001082
     0.02039167     0.02043782    -0.00004615
    -0.03156796    -0.03153151    -0.00003645
    -0.01657546    -0.01670626     0.00013080
     0.00665808     0.00651819     0.00013989
    -0.02625651    -0.02632793     0.00007142
     0.00221903     0.00225731    -0.00003828
     0.01079119     0.01076138     0.00002981
    -0.01704464    -0.01693852    -0.00010612
     0.00956420     0.00952719     0.00003701
    -0.00197013    -0.00202634     0.00005621
     0.00832649     0.00829581     0.00003068
     0.00171655     0.00172379    -0.00000724
    -0.01055323    -0.01049030    -0.00006293
    -0.02671636    -0.02670442    -0.00001194
     0.01623200     0.01631514    -0.00008314
     0.01000418     0.01018222    -0.00017804
     0.01063127     0.01059698     0.00003429
    -0.00044899    -0.00052925     0.00008026
    -0.02027335    -0.02049429     0.00022093
    -0.00027421    -0.00027222    -0.00000199
     0.01466832     0.01455360     0.00011472
    -0.01398649    -0.01396885    -0.00001764
    -0.00362069    -0.00360246    -0.00001823
    -0.03537774    -0.03539837     0.00002063
     0.01407795     0.01412828    -0.00005033
     0.00122647     0.00122622     0.00000025
     0.00712623     0.00716058    -0.00003435
    -0.00394056    -0.00394965     0.00000909
    -0.01097650    -0.01096293    -0.00001357
     0.00805925     0.00811249    -0.00005324
    -0.01865145    -0.01853763    -0.00011382
    -0.00558084    -0.00546717    -0.00011367
    -0.00422718    -0.00429198     0.00006480
    -0.02147280    -0.02135416    -0.00011864
    -0.01381756    -0.01378533    -0.00003223
    -0.02999770    -0.02989144    -0.00010626
     0.00525123     0.00532536    -0.00007414
    -0.00223525    -0.00216293    -0.00007233
    -0.02521208    -0.02512399    -0.00008809
    -0.00946407    -0.00935936    -0.00010471
    -0.02203782    -0.02199201    -0.00004581
    -0.00941182    -0.00945991     0.00004809
     0.01564187     0.01568227    -0.00004040
    -0.01377089    -0.01372946    -0.00004143
    -0.00138699    -0.00133645    -0.00005055
    -0.02177686    -0.02177963     0.00000277
    -0.01737580    -0.01730751    -0.00006830
    -0.01160234    -0.01156265    -0.00003969
    -0.02103761    -0.02111325     0.00007564
    -0.00579676    -0.00575333    -0.00004343
    -0.01584750    -0.01574535    -0.00010216
    -0.01752661    -0.01749970    -0.00002691
    -0.03256680    -0.03253015    -0.00003665
    -0.02233549    -0.02224400    -0.00009148
    -0.02202819    -0.02200597    -0.00002222
    -0.01482022    -0.01474544    -0.00007478
    -0.01577618    -0.01579472     0.00001854
    -0.00439352    -0.00441875     0.00002522
    -0.01136451    -0.01125824    -0.00010627
    -0.01543770    -0.01539694    -0.00004076
    -0.03226533    -0.03220058    -0.00006475
    -0.03541747    -0.03534145    -0.00007602
    -0.02817154    -0.02818588     0.00001434
    -0.03384079    -0.03377083    -0.00006996
    -0.02923284    -0.02931056     0.00007772
    -0.01120159    -0.01119448    -0.00000711
    -0.01141882    -0.01135280    -0.00006602
     0.01612130     0.01597010     0.00015120
     0.00565953     0.00559028     0.00006925
    -0.01701484    -0.01711230     0.00009746
    -0.00072418    -0.00079536     0.00007119
    -0.01299118    -0.01294521    -0.00004597
    -0.02854042    -0.02839371    -0.00014670
    -0.03032636    -0.03027424    -0.00005211
    -0.03360652    -0.03369146     0.00008493
    -0.01372161    -0.01380320     0.00008159
    -0.01369236    -0.01378351     0.00009115
    -0.03568515    -0.03557689    -0.00010826
    -0.03794922    -0.03794195    -0.00000727
    -0.01193317    -0.01197940     0.00004623
    -0.01707705    -0.01724666     0.00016961
    -0.00732531    -0.00721905    -0.00010626
    -0.02146557    -0.02146760     0.00000203
    -0.03099401    -0.03112828     0.00013426
    -0.02482250    -0.02483690     0.00001440
    -0.01018503    -0.01003096    -0.00015407
    -0.03471422    -0.03452195    -0.00019227
    -0.03526106    -0.03529163     0.00003057
    -0.01916234    -0.01930638     0.00014404
    -0.02291052    -0.02267250    -0.00023801
    -0.01806735    -0.01796846    -0.00009889
    -0.02763022    -0.02739953    -0.00023070
    -0.02882431    -0.02883899     0.00001468
    -0.01348828    -0.01347853    -0.00000974
    -0.02123857    -0.02141478     0.00017621
    -0.01210327    -0.01228141     0.00017813
    -0.02387249    -0.02394617     0.00007368
    -0.00912621    -0.00909851    -0.00002770
    -0.01133047    -0.01127939    -0.00005108
    -0.02871887    -0.02869904    -0.00001983
    -0.01885499    -0.01881955    -0.00003544
    -0.01944836    -0.01948573     0.00003737
    -0.02629227    -0.02629458     0.00000231
    -0.03230854    -0.03234196     0.00003342
    -0.04100367    -0.04086066    -0.00014301
    -0.01170449    -0.01177034     0.00006585
    -0.02222762    -0.02229906     0.00007144
    -0.02308347    -0.02324383     0.00016036
    -0.00905715    -0.00921467     0.00015752
    -0.01691879    -0.01700386     0.00008507
    -0.01356863    -0.01356629    -0.00000235
    -0.01913940    -0.01925946     0.00012006
    -0.03132578    -0.03125929    -0.00006648
     0.00441137     0.00447354    -0.00006217
    -0.03537888    -0.03527290    -0.00010598
    -0.02691750    -0.02693445     0.00001694
    -0.03236590    -0.03206319    -0.00030272
    -0.03793958    -0.03785177    -0.00008781
    -0.00987028    -0.00979506    -0.00007522
    -0.02147642    -0.02148406     0.00000763
    -0.02044318    -0.02034269    -0.00010049
    -0.01704363    -0.01710383     0.00006020
    -0.00869967    -0.00856848    -0.00013120
    -0.01902424    -0.01904687     0.00002263
    -0.01756095    -0.01769583     0.00013488
    -0.01155308    -0.01157460     0.00002152
    -0.02911863    -0.02914916     0.00003053
    -0.02132730    -0.02140396     0.00007665
    -0.02227135    -0.02223294    -0.00003841
    -0.03048761    -0.03040958    -0.00007803
    -0.02529004    -0.02529682     0.00000677
    -0.02254278    -0.02256188     0.00001910
    -0.02681693    -0.02674207    -0.00007486
    -0.01522594    -0.01522156    -0.00000438
    -0.01848067    -0.01848895     0.00000829
    -0.02565163    -0.02561183    -0.00003980
    -0.01544627    -0.01549831     0.00005204
    -0.02792076    -0.02763574    -0.00028502
    -0.01989000    -0.01996110     0.00007110
    -0.02038149    -0.02047338     0.00009189
    -0.02778699    -0.02767100    -0.00011599
    -0.01371073    -0.01372504     0.00001431
    -0.02383761    -0.02376286    -0.00007475
    -0.01665949    -0.01653617    -0.00012332
    -0.03215787    -0.03223378     0.00007590
    -0.03285652    -0.03293979     0.00008326
    -0.01478781    -0.01479201     0.00000420
    -0.02721759    -0.02718347    -0.00003412
    -0.02557601    -0.02553353    -0.00004248
    -0.01659016    -0.01653629    -0.00005387
    -0.03283925    -0.03287105     0.00003180
    -0.02374607    -0.02386620     0.00012013
    -0.02879699    -0.02873351    -0.00006349
    -0.02206865    -0.02217865     0.00011000
    -0.02594543    -0.02574613    -0.00019930
    -0.01957182    -0.01939847    -0.00017335
    -0.01829163    -0.01817090    -0.00012073
    -0.02075037    -0.02060423    -0.00014614
    -0.02116942    -0.02107584    -0.00009358
    -0.00316191    -0.00310869    -0.00005322
    -0.00171837    -0.00174908     0.00003071
    -0.02942359    -0.02949465     0.00007106
    -0.00164340    -0.00168031     0.00003691
    -0.01831811    -0.01833282     0.00001472
     0.03689978     0.03694134    -0.00004155
     0.02867261     0.02895890    -0.00028629
     0.04027941     0.04026275     0.00001666
    -0.02622138    -0.02615685    -0.00006453
     0.03808187     0.03825481    -0.00017293
    -0.00132457    -0.00140460     0.00008003
     0.03749231     0.03753814    -0.00004583
     0.05108943     0.05115807    -0.00006864
     0.03787403     0.03810229    -0.00022826
    -0.02683851    -0.02684118     0.00000267
    -0.02334906    -0.02339572     0.00004666
     0.04251801     0.04287517    -0.00035717
     0.04518875     0.04522230    -0.00003354
     0.04610022     0.04595403     0.00014619
    -0.02399144    -0.02390171    -0.00008973
    -0.02395519    -0.02387112    -0.00008407
    -0.02395519    -0.02387112    -0.00008407
     0.03975605     0.03979811    -0.00004206
     0.04622238     0.04628031    -0.00005793
    -0.03730929    -0.03725057    -0.00005872
     0.01515484     0.01526500    -0.00011017
    -0.01958771    -0.01961393     0.00002622
    -0.02793815    -0.02801085     0.00007271
     0.03809553     0.03812808    -0.00003255
    -0.02208784    -0.02204989    -0.00003795
     0.01667990     0.01692529    -0.00024539
    -0.02518607    -0.02509996    -0.00008611
     0.05688921     0.05680879     0.00008042
     0.05214053     0.05218544    -0.00004492
     0.01356436     0.01364913    -0.00008477
     0.04167043     0.04185550    -0.00018507
    -0.03021460    -0.03028241     0.00006781
    -0.02147367    -0.02171741     0.00024373
    -0.01991182    -0.01985267    -0.00005915
    -0.01421770    -0.01422844     0.00001073
    -0.02089633    -0.02093365     0.00003731
     0.05296786     0.05297970    -0.00001184
    -0.02647360    -0.02654365     0.00007005
    -0.02020007    -0.02021755     0.00001747
    -0.02346743    -0.02338770    -0.00007973
    -0.03990270    -0.03995309     0.00005039
     0.01417857     0.01426430    -0.00008572
     0.04170629     0.04195778    -0.00025149
     0.04882457     0.04881851     0.00000606
     0.04438248     0.04443933    -0.00005686
    -0.02082558    -0.02078050    -0.00004508
     0.05037628     0.05041449    -0.00003821
    -0.03728978    -0.03713581    -0.00015397
    -0.03571492    -0.03561215    -0.00010277
    -0.02641349    -0.02633058    -0.00008291
     0.05312329     0.05311826     0.00000504
    -0.02224215    -0.02228957     0.00004742
    -0.02503382    -0.02509817     0.00006435
     0.00816872     0.00828306    -0.00011433
     0.04048801     0.04052357    -0.00003556
    -0.02905362    -0.02925017     0.00019654
    -0.02362239    -0.02367885     0.00005646
    -0.03433133    -0.03424082    -0.00009050
    -0.02163088    -0.02159658    -0.00003430
     0.04766229     0.04757043     0.00009186
     0.00977044     0.00967700     0.00009344
    -0.02767191    -0.02759134    -0.00008058
     0.05906621     0.05885891     0.00020729
    -0.03296083    -0.03287716    -0.00008367
    -0.02961217    -0.02977408     0.00016192
    -0.03160651    -0.03152619    -0.00008033
    -0.02895898    -0.02887960    -0.00007939
    -0.03027158    -0.03019236    -0.00007922
    -0.02166456    -0.02161655    -0.00004801
     0.05976654     0.05987942    -0.00011287
     0.02680221     0.02688355    -0.00008134
     0.04557548     0.04563142    -0.00005594
    -0.03417867    -0.03401051    -0.00016816
     0.05636096     0.05641458    -0.00005362
     0.04042741     0.04043913    -0.00001172
     0.06032068     0.06042039    -0.00009971
    -0.02059584    -0.02048021    -0.00011562
     0.05968823     0.05964499     0.00004324
    -0.02240768    -0.02223287    -0.00017480
     0.04137304     0.04140802    -0.00003498
    -0.02489445    -0.02483962    -0.00005483
     0.04609919     0.04611326    -0.00001407
    -0.03129701    -0.03142255     0.00012554
     0.03046541     0.03042099     0.00004441
    -0.03443312    -0.03440022    -0.00003290
    -0.00981833    -0.00981247    -0.00000587
    -0.05612806    -0.05598625    -0.00014181
     0.06027646     0.06016800     0.00010846
     0.00274019     0.00295424    -0.00021405
     0.05797171     0.05802165    -0.00004994
    -0.02464103    -0.02477327     0.00013224
    -0.04425257    -0.04432183     0.00006926
    -0.04753922    -0.04741445    -0.00012477
    -0.00979136    -0.00964363    -0.00014774
     0.01749151     0.01749331    -0.00000181
    -0.04098878    -0.04085782    -0.00013096
    -0.00111523    -0.00100576    -0.00010947
    -0.00111523    -0.00100576    -0.00010947
    -0.00111523    -0.00100576    -0.00010947
    -0.00111523    -0.00100576    -0.00010947
    -0.00111523    -0.00100576    -0.00010947
    -0.03900845    -0.03901817     0.00000973
    -0.01374619    -0.01368596    -0.00006023
     0.03284667     0.03274946     0.00009721
    -0.00189266    -0.00178161    -0.00011105
     0.03284403     0.03274674     0.00009730
    -0.00184311    -0.00173369    -0.00010942
     0.01597208     0.01566784     0.00030424
     0.01199181     0.01178795     0.00020386
    -0.03096509    -0.03084728    -0.00011781
     0.00272949     0.00273441    -0.00000491
    -0.00145361    -0.00138515    -0.00006845
    -0.03257940    -0.03249881    -0.00008059
    -0.03444613    -0.03432036    -0.00012577
    -0.00168526    -0.00160079    -0.00008446
     0.01388521     0.01385797     0.00002723
    -0.00139720    -0.00133220    -0.00006499
    -0.00131426    -0.00125297    -0.00006129
    -0.00147078    -0.00141311    -0.00005767
    -0.00155083    -0.00148260    -0.00006823
    -0.00177982    -0.00169975    -0.00008007
    -0.00137605    -0.00131159    -0.00006447
    -0.02442214    -0.02444267     0.00002053
    -0.00160446    -0.00152714    -0.00007733
    -0.00175592    -0.00165170    -0.00010422
    -0.00082600    -0.00075092    -0.00007508
    -0.00082600    -0.00075092    -0.00007508
    -0.00082600    -0.00075092    -0.00007508
    -0.00082600    -0.00075092    -0.00007508
    -0.00082600    -0.00075092    -0.00007508
    -0.00082600    -0.00075092    -0.00007508
    -0.00082600    -0.00075092    -0.00007508
    -0.00082600    -0.00075092    -0.00007508
    -0.00082600    -0.00075092    -0.00007508
    -0.00082600    -0.00075092    -0.00007508
    -0.00082600    -0.00075092    -0.00007508
    -0.00082600    -0.00075092    -0.00007508
     0.00290427     0.00295736    -0.00005309
    -0.00137091    -0.00131393    -0.00005698
    -0.03938783    -0.03938019    -0.00000764
    -0.00186991    -0.00176136    -0.00010855
    -0.01505141    -0.01501346    -0.00003795
     0.04663828     0.04657104     0.00006723
    -0.02179814    -0.02184910     0.00005095
    -0.00141635    -0.00135322    -0.00006313
    -0.03592861    -0.03595546     0.00002685
    -0.00157491    -0.00149830    -0.00007662
    -0.00155429    -0.00148074    -0.00007355
     0.01531242     0.01526368     0.00004874
    -0.02966025    -0.02967701     0.00001676
    -0.03510291    -0.03494378    -0.00015912
     0.01312726     0.01325923    -0.00013196
    -0.03641681    -0.03633360    -0.00008320
    -0.02210452    -0.02206458    -0.00003994
    -0.03206339    -0.03198595    -0.00007745
    -0.03836079    -0.03848005     0.00011927
    -0.00045536    -0.00042831    -0.00002705
    -0.00339261    -0.00325529    -0.00013731
    -0.00243839    -0.00232237    -0.00011602
     0.00146022     0.00135295     0.00010726
    -0.03850623    -0.03865189     0.00014565
     0.00982532     0.00970884     0.00011649
    -0.01095533    -0.01096609     0.00001076
    -0.01935622    -0.01947021     0.00011399
    -0.03566161    -0.03554211    -0.00011950
    -0.03394400    -0.03389457    -0.00004943
     0.00176988     0.00177120    -0.00000132
     0.01010669     0.01008190     0.00002479
    -0.03434744    -0.03428968    -0.00005775
    -0.02746456    -0.02752334     0.00005878
     0.00348464     0.00335425     0.00013038
    -0.02617991    -0.02620781     0.00002790
    -0.00862936    -0.00857705    -0.00005230
    -0.03484851    -0.03473031    -0.00011819
    -0.02632748    -0.02642397     0.00009649
    -0.04742732    -0.04750697     0.00007965
    -0.01375873    -0.01368637    -0.00007236
    -0.03719318    -0.03708752    -0.00010566
    -0.01931641    -0.01922436    -0.00009205
    -0.03915011    -0.03918246     0.00003235
    -0.03719258    -0.03713815    -0.00005442
    -0.03806451    -0.03801892    -0.00004559
    -0.02513951    -0.02508552    -0.00005399
    -0.01351323    -0.01343666    -0.00007657
    -0.01048746    -0.01048770     0.00000024
    -0.03902586    -0.03892817    -0.00009770
    -0.02791417    -0.02782879    -0.00008538
    -0.03515907    -0.03515155    -0.00000752
    -0.03320965    -0.03317776    -0.00003188
    -0.03469950    -0.03467740    -0.00002210
    -0.03207063    -0.03184594    -0.00022469
    -0.03149013    -0.03147324    -0.00001689
    -0.02740361    -0.02732950    -0.00007411
    -0.03239371    -0.03237157    -0.00002215
    -0.03311087    -0.03300204    -0.00010883
    -0.03746532    -0.03732666    -0.00013866
    -0.00180025    -0.00156117    -0.00023908
    -0.00180025    -0.00156117    -0.00023908
    -0.00276389    -0.00256592    -0.00019796
    -0.00209811    -0.00187871    -0.00021939
     0.03009152     0.02977990     0.00031162
     0.03742134     0.03738151     0.00003983
    -0.00251754    -0.00231509    -0.00020245
     0.00060042     0.00074081    -0.00014039
     0.02943091     0.02881555     0.00061536
    -0.01807519    -0.01780044    -0.00027475
     0.00362287     0.00388194    -0.00025907
     0.01397792     0.01375810     0.00021982
    -0.00231436    -0.00210330    -0.00021105
    -0.00543387    -0.00523102    -0.00020285
    -0.00142267    -0.00117810    -0.00024457
    -0.00142294    -0.00117810    -0.00024484
    -0.00216453    -0.00192462    -0.00023991
    -0.00271847    -0.00250580    -0.00021267
     0.01718399     0.01708205     0.00010194
    -0.00703284    -0.00682798    -0.00020486
    -0.00228023    -0.00206342    -0.00021681
    -0.00221049    -0.00198998    -0.00022051
    -0.01262135    -0.01232046    -0.00030089
    -0.00208066    -0.00184695    -0.00023371
    -0.01610688    -0.01583663    -0.00027025
     0.00665838     0.00687135    -0.00021297
    -0.00161230    -0.00136503    -0.00024727
    -0.00161230    -0.00136503    -0.00024727
    -0.00190257    -0.00165929    -0.00024327
    -0.00210162    -0.00186613    -0.00023548
    -0.00250407    -0.00226821    -0.00023586
     0.03054171     0.03029881     0.00024289
    -0.00205304    -0.00180860    -0.00024445
     0.03527096     0.03520952     0.00006145
    -0.00252369    -0.00229056    -0.00023314
    -0.01251906    -0.01224890    -0.00027016
    -0.00910637    -0.00896159    -0.00014478
     0.02964044     0.02971018    -0.00006974
     0.03543154     0.03534735     0.00008418
    -0.00247822    -0.00224400    -0.00023422
    -0.00198850    -0.00200845     0.00001995
    -0.00747848    -0.00764081     0.00016233
    -0.00237055    -0.00213020    -0.00024035
    -0.00224687    -0.00200497    -0.00024190
    -0.01175053    -0.01156186    -0.00018867
    -0.00230883    -0.00206812    -0.00024071
     0.00014985     0.00033423    -0.00018438
     0.02401688     0.02370427     0.00031261
     0.00945688     0.00965504    -0.00019816
     0.01622196     0.01588359     0.00033837
    -0.00385694    -0.00367721    -0.00017974
     0.02818177     0.02828968    -0.00010791
     0.00474890     0.00460283     0.00014608
    -0.02610625    -0.02586538    -0.00024087
     0.02285166     0.02257847     0.00027319
     0.00751750     0.00745664     0.00006086
     0.03044105     0.03008555     0.00035550
     0.03056900     0.03062985    -0.00006085
     0.01208496     0.01219895    -0.00011399
     0.02030190     0.02013519     0.00016670
    -0.02296943    -0.02306022     0.00009079
    -0.01140339    -0.01139915    -0.00000425
     0.03698800     0.03678373     0.00020427
     0.03256468     0.03238655     0.00017813
     0.02695054     0.02666611     0.00028443
     0.05616743     0.05622380    -0.00005637
     0.02790675     0.02789628     0.00001046
     0.03150883     0.03156087    -0.00005205
     0.03063091     0.03030540     0.00032551
     0.02409862     0.02374457     0.00035406
     0.02807203     0.02772256     0.00034947
     0.00561727     0.00561801    -0.00000073
     0.01179682     0.01172745     0.00006937
     0.00018749     0.00020332    -0.00001584
    -0.00067710    -0.00058636    -0.00009074
    -0.00894204    -0.00876613    -0.00017591
    -0.04658132    -0.04642672    -0.00015460
     0.03232884     0.03201783     0.00031102
     0.03246016     0.03250323    -0.00004306
     0.03094052     0.03061623     0.00032429
    -0.02974702    -0.02972233    -0.00002469
     0.02793066     0.02759111     0.00033956
     0.00882860     0.00821350     0.00061510
    -0.00177252    -0.00190039     0.00012787
     0.03342301     0.03345686    -0.00003385
    -0.00249284    -0.00249018    -0.00000265
     0.03439734     0.03442171    -0.00002437
     0.00173445     0.00179210    -0.00005765
    -0.01821892    -0.01791121    -0.00030771
     0.03538248     0.03539770    -0.00001522
     0.03637912     0.03638474    -0.00000562
    -0.02433732    -0.02433008    -0.00000724
    -0.04656203    -0.04654547    -0.00001656
     0.02332380     0.02339566    -0.00007185
    -0.04705929    -0.04715730     0.00009801
     0.02840741     0.02851124    -0.00010383
    -0.02415280    -0.02409519    -0.00005761
    -0.02419748    -0.02428332     0.00008584
    -0.02223508    -0.02256868     0.00033360
    -0.02567721    -0.02561876    -0.00005845
    -0.00066401    -0.00087042     0.00020641
    -0.00084913    -0.00104254     0.00019340
    -0.00066374    -0.00087042     0.00020668
    -0.00066374    -0.00087042     0.00020668
    -0.00066374    -0.00087042     0.00020668
    -0.00066374    -0.00087042     0.00020668
    -0.00066374    -0.00087042     0.00020668
    -0.00088037    -0.00107214     0.00019177
     0.02944920     0.02933529     0.00011391
    -0.00147769    -0.00168616     0.00020847
     0.02290880     0.02272509     0.00018371
    -0.00142073    -0.00164548     0.00022475
    -0.00108530    -0.00111596     0.00003066
     0.03548438     0.03551305    -0.00002866
    -0.00150874    -0.00172255     0.00021381
    -0.00143932    -0.00166592     0.00022660
     0.03303590     0.03300789     0.00002801
    -0.00160800    -0.00184108     0.00023308
     0.02464519     0.02486835    -0.00022316
     0.05745750     0.05742047     0.00003703
     0.02682273     0.02702297    -0.00020025
    -0.00164901    -0.00188147     0.00023246
    -0.00111126    -0.00113906     0.00002780
    -0.00025527    -0.00046594     0.00021067
    -0.00113471    -0.00132797     0.00019326
    -0.00158286    -0.00180518     0.00022232
    -0.00145004    -0.00166151     0.00021147
     0.03183297     0.03196461    -0.00013164
    -0.00145290    -0.00168159     0.00022869
    -0.00162283    -0.00185152     0.00022869
     0.02674313     0.02655097     0.00019216
     0.03720613     0.03727598    -0.00006985
     0.03148200     0.03165067    -0.00016867
    -0.00131684    -0.00152188     0.00020504
    -0.00108421    -0.00130456     0.00022035
     0.03498252     0.03483417     0.00014835
    -0.00108255    -0.00111793     0.00003538
     0.02425767     0.02448605    -0.00022837
     0.03192775     0.03183511     0.00009264
     0.03372242     0.03348625     0.00023617
    -0.00142816    -0.00164504     0.00021688
    -0.00035742    -0.00057834     0.00022092
    -0.00047582    -0.00070358     0.00022777
     0.02886927     0.02868951     0.00017975
     0.02753735     0.02740838     0.00012897
    -0.00093066    -0.00114128     0.00021062
    -0.04074018    -0.04054667    -0.00019351
    -0.00113828    -0.00134253     0.00020425
    -0.00125439    -0.00148366     0.00022927
    -0.00095049    -0.00115777     0.00020728
    -0.00105939    -0.00110383     0.00004443
    -0.00130949    -0.00154130     0.00023181
     0.03165947     0.03143935     0.00022012
     0.02534278     0.02536906    -0.00002628
    -0.00136468    -0.00158494     0.00022026
     0.02311161     0.02296127     0.00015034
    -0.00117882    -0.00138952     0.00021069
    -0.00098432    -0.00119594     0.00021162
    -0.01359342    -0.01367431     0.00008089
    -0.00144209    -0.00167236     0.00023027
    -0.00128255    -0.00151641     0.00023386
    -0.00102946    -0.00125051     0.00022105
    -0.00126288    -0.00148273     0.00021985
     0.03468524     0.03466068     0.00002456
    -0.02530814    -0.02520577    -0.00010237
    -0.00104519    -0.00126659     0.00022140
     0.03325925     0.03329304    -0.00003378
    -0.00131396    -0.00154125     0.00022729
    -0.00122666    -0.00146074     0.00023408
    -0.00108029    -0.00129891     0.00021861
    -0.00112642    -0.00135524     0.00022882
     0.02388357     0.02366400     0.00021957
    -0.00131279    -0.00154912     0.00023633
    -0.00114748    -0.00137998     0.00023250
     0.01057658     0.01093668    -0.00036010
     0.03626195     0.03639259    -0.00013064
     0.03617871     0.03612603     0.00005267
    -0.01649824    -0.01674002     0.00024178
     0.02860311     0.02867317    -0.00007005
    -0.00124405    -0.00147991     0.00023586
    -0.00119613    -0.00142881     0.00023268
     0.02626838     0.02639558    -0.00012720
     0.03173947     0.03171927     0.00002020
    -0.00507933    -0.00498302    -0.00009631
     0.03187653     0.03194575    -0.00006921
     0.01105969     0.01115779    -0.00009811
     0.04086693     0.04075813     0.00010880
     0.03629765     0.03607614     0.00022150
     0.02698287     0.02712265    -0.00013979
     0.03022940     0.03034255    -0.00011314
     0.03648669     0.03650161    -0.00001492
     0.01972975     0.01950824     0.00022151
     0.04369928     0.04371679    -0.00001751
     0.04855978     0.04845546     0.00010432
     0.03706155     0.03703324     0.00002832
     0.04360189     0.04342171     0.00018018
     0.03587903     0.03579436     0.00008467
    -0.01108154    -0.01124288     0.00016134
     0.03804508     0.03783041     0.00021467
     0.03135916     0.03133515     0.00002401
    -0.00247890    -0.00239050    -0.00008840
     0.02366060     0.02369574    -0.00003514
     0.01876756     0.01880836    -0.00004080
     0.01237441     0.01248456    -0.00011015
     0.01185614     0.01199844    -0.00014230
    -0.00174855    -0.00182959     0.00008104
     0.01147276     0.01152772    -0.00005496
    -0.00321511    -0.00335914     0.00014403
     0.01391071     0.01391058     0.00000012
    -0.02699193    -0.02694709    -0.00004484
     0.00739706     0.00746402    -0.00006695
     0.01117857     0.01120432    -0.00002575
     0.01629391     0.01629571    -0.00000180
     0.01916860     0.01910584     0.00006276
     0.01352360     0.01356636    -0.00004276
     0.01453991     0.01460481    -0.00006489
     0.00570800     0.00576641    -0.00005842
     0.01463589     0.01471603    -0.00008015
     0.02387780     0.02391525    -0.00003745
     0.01867466     0.01873697    -0.00006231
     0.01070227     0.01080485    -0.00010258
     0.01951957     0.01961115    -0.00009158
    -0.02036024    -0.02029252    -0.00006771
     0.00698119     0.00703561    -0.00005442
     0.01789543     0.01795827    -0.00006284
    -0.01142788    -0.01151943     0.00009155
     0.01794107     0.01811371    -0.00017264
     0.00869845     0.00867903     0.00001941
     0.01249495     0.01256851    -0.00007356
     0.00705654     0.00716941    -0.00011287
     0.01619763     0.01616065     0.00003698
    -0.01869961    -0.01862093    -0.00007868
     0.02217287     0.02228039    -0.00010752
     0.01234874     0.01247941    -0.00013066
    -0.00887733    -0.00875251    -0.00012483
     0.00981041     0.00995172    -0.00014130
     0.01617818     0.01623879    -0.00006061
     0.02218237     0.02217966     0.00000271
     0.02053401     0.02063465    -0.00010064
     0.00315638     0.00323140    -0.00007501
    -0.00192469    -0.00188758    -0.00003710
     0.01280252     0.01294185    -0.00013932
    -0.00810238    -0.00788806    -0.00021432
     0.01368466     0.01391129    -0.00022663
     0.03003827     0.03008661    -0.00004834
     0.00309274     0.00313264    -0.00003990
    -0.01501938    -0.01484452    -0.00017486
     0.01812964     0.01817838    -0.00004874
     0.01687288     0.01693652    -0.00006364
     0.01208830     0.01218746    -0.00009916
     0.01468999     0.01476015    -0.00007017
     0.00516965     0.00520686    -0.00003721
     0.00033239     0.00043369    -0.00010130
     0.00450593     0.00459698    -0.00009105
     0.00407031     0.00410356    -0.00003325
     0.00924725     0.00929730    -0.00005006
     0.02105767     0.02108504    -0.00002737
     0.02124401     0.02128287    -0.00003886
     0.00750917     0.00750973    -0.00000056
     0.04010009     0.04009404     0.00000604
    -0.00201838    -0.00192181    -0.00009657
     0.00300898     0.00301432    -0.00000534
    -0.02679282    -0.02663139    -0.00016143
     0.01843120     0.01852752    -0.00009633
     0.00393877     0.00403797    -0.00009921
     0.01751151     0.01760688    -0.00009537
     0.02403500     0.02411445    -0.00007945
     0.01631116     0.01626391     0.00004725
     0.02139248     0.02144557    -0.00005310
     0.00948344     0.00950267    -0.00001923
    -0.00236932    -0.00226427    -0.00010505
     0.01581324     0.01588650    -0.00007326
     0.01891779     0.01892839    -0.00001059
     0.01946754     0.01957225    -0.00010471
     0.02782176     0.02787852    -0.00005675
     0.01617363     0.01632245    -0.00014882
    -0.01970752    -0.01943189    -0.00027563
     0.01998791     0.02015693    -0.00016902
     0.02358977     0.02364441    -0.00005464
     0.02259813     0.02269533    -0.00009720
     0.00847425     0.00853393    -0.00005967
    -0.01211982    -0.01191107    -0.00020874
     0.00772074     0.00774293    -0.00002219
     0.00675729     0.00681500    -0.00005770
     0.01436720     0.01458594    -0.00021873
    -0.00963316    -0.00946993    -0.00016323
     0.00642230     0.00648922    -0.00006692
     0.00510951     0.00514791    -0.00003840
     0.01633807     0.01626825     0.00006982
     0.01338504     0.01354029    -0.00015525
     0.00616338     0.00618409    -0.00002071
     0.01601896     0.01604776    -0.00002880
     0.02199358     0.02208266    -0.00008908
    -0.00732560    -0.00711922    -0.00020639
     0.01231201     0.01236282    -0.00005081
     0.01178522     0.01189211    -0.00010689
    -0.02020739    -0.02009017    -0.00011722
     0.01935189     0.01944000    -0.00008811
     0.01514945     0.01520742    -0.00005797
     0.01514276     0.01522379    -0.00008104
    -0.02728399    -0.02712432    -0.00015966
     0.01874320     0.01871448     0.00002872
    -0.02552039    -0.02538188    -0.00013851
    -0.03211433    -0.03209716    -0.00001717
    -0.01222371    -0.01240441     0.00018071
    -0.03852996    -0.03837658    -0.00015338
    -0.02816161    -0.02825484     0.00009324
    -0.02067897    -0.02084245     0.00016348
    -0.03224843    -0.03223444    -0.00001399
    -0.02551329    -0.02547173    -0.00004156
    -0.01564244    -0.01566208     0.00001964
    -0.02193757    -0.02177712    -0.00016046
    -0.02881569    -0.02887845     0.00006276
     0.00047127     0.00050335    -0.00003208
    -0.02459727    -0.02456073    -0.00003654
    -0.03455979    -0.03453267    -0.00002712
    -0.01494634    -0.01492327    -0.00002307
    -0.02587000    -0.02574951    -0.00012049
    -0.02748236    -0.02733849    -0.00014387
    -0.01853808    -0.01837299    -0.00016509
    -0.02577533    -0.02575268    -0.00002266
    -0.01641279    -0.01642690     0.00001411
    -0.01934545    -0.01934164    -0.00000381
    -0.02488342    -0.02497259     0.00008916
    -0.02126641    -0.02110689    -0.00015952
     0.02714268     0.02720388    -0.00006120
     0.02792781     0.02803749    -0.00010968
    -0.01208485    -0.01224905     0.00016420
     0.01066447     0.01082147    -0.00015700
    -0.03421225    -0.03406603    -0.00014622
    -0.01890261    -0.01909693     0.00019432
    -0.00715774    -0.00710973    -0.00004801
    -0.00795533    -0.00789121    -0.00006412
     0.02671913     0.02683596    -0.00011683
     0.03437416     0.03460570    -0.00023154
    -0.02034255    -0.02029329    -0.00004927
    -0.00472735    -0.00473290     0.00000554
    -0.02312791    -0.02335603     0.00022812
    -0.02540545    -0.02531009    -0.00009536
     0.03615898     0.03623582    -0.00007684
    -0.02840754    -0.02840475    -0.00000279
     0.01025823     0.01029380    -0.00003557
    -0.02090779    -0.02105269     0.00014491
    -0.02901226    -0.02886231    -0.00014995
    -0.01402820    -0.01417377     0.00014556
    -0.02667619    -0.02666535    -0.00001085
     0.01459205     0.01467536    -0.00008330
    -0.01992652    -0.02008668     0.00016016
    -0.01986736    -0.01996425     0.00009689
    -0.01652183    -0.01676793     0.00024610
     0.01982537     0.01981410     0.00001127
    -0.00150471    -0.00138909    -0.00011562
     0.03589190     0.03599096    -0.00009906
    -0.02634800    -0.02636764     0.00001964
    -0.01013496    -0.01012930    -0.00000566
    -0.02431577    -0.02433124     0.00001547
     0.02512226     0.02522417    -0.00010191
    -0.03442273    -0.03430109    -0.00012164
    -0.03322859    -0.03319985    -0.00002873
    -0.02555100    -0.02562875     0.00007775
    -0.02425318    -0.02435731     0.00010413
     0.01091865     0.01085247     0.00006618
    -0.03580191    -0.03571792    -0.00008399
    -0.01572453    -0.01580727     0.00008273
    -0.00000961    -0.00012071     0.00011111
    -0.00522404    -0.00543322     0.00020918
     0.00692658     0.00708877    -0.00016219
    -0.03286452    -0.03296600     0.00010148
    -0.03587555    -0.03590735     0.00003181
     0.02124662     0.02129638    -0.00004976
     0.00603804     0.00607841    -0.00004036
    -0.03032227    -0.03026021    -0.00006206
    -0.01930803    -0.01941929     0.00011126
    -0.02511350    -0.02519846     0.00008497
    -0.01548619    -0.01564516     0.00015897
    -0.04927424    -0.04935437     0.00008013
    -0.04318423    -0.04317318    -0.00001104
    -0.00273790    -0.00284800     0.00011010
    -0.03473261    -0.03474563     0.00001301
     0.00048142     0.00109601    -0.00061459
    -0.00695305    -0.00699918     0.00004612
    -0.02622435    -0.02628275     0.00005840
    -0.01634406    -0.01644913     0.00010508
     0.00395537     0.00423841    -0.00028305
    -0.01684554    -0.01692206     0.00007653
    -0.00817686    -0.00884918     0.00067232
    -0.02605866    -0.02598992    -0.00006873
     0.04141246     0.04159459    -0.00018213
     0.00943158     0.00966089    -0.00022931
    -0.01976009    -0.01973412    -0.00002597
    -0.01587814    -0.01590028     0.00002214
    -0.02772108    -0.02757813    -0.00014295
     0.01018996     0.01034811    -0.00015816
    -0.00092132    -0.00085822    -0.00006310
     0.01576840     0.01582773    -0.00005933
     0.02275634     0.02246383     0.00029251
    -0.00565591    -0.00553380    -0.00012211
    -0.00315690    -0.00313736    -0.00001954
    -0.01043187    -0.01066683     0.00023497
    -0.00609704    -0.00604900    -0.00004804
    -0.00117156    -0.00117434     0.00000278
    -0.00116408    -0.00117122     0.00000715
    -0.00091096    -0.00092590     0.00001494
    -0.00085672    -0.00088054     0.00002382
     0.02845925     0.02831793     0.00014131
     0.02639415     0.02644028    -0.00004613
    -0.03335874    -0.03332434    -0.00003440
    -0.00086603    -0.00088776     0.00002173
    -0.00086595    -0.00088776     0.00002181
    -0.00112533    -0.00114674     0.00002142
    -0.03227583    -0.03217707    -0.00009877
    -0.03227583    -0.03217707    -0.00009877
    -0.00082524    -0.00093537     0.00011013
    -0.02521061    -0.02510045    -0.00011016
    -0.00335397    -0.00320256    -0.00015140
    -0.00038559    -0.00041378     0.00002819
    -0.00056543    -0.00077706     0.00021164
    -0.02639771    -0.02643354     0.00003583
    -0.00091974    -0.00092945     0.00000971
    -0.00099150    -0.00105004     0.00005854
    -0.00097716    -0.00106050     0.00008334
     0.01531598     0.01536585    -0.00004987
    -0.00088252    -0.00090080     0.00001828
    -0.02721073    -0.02714310    -0.00006763
     0.00489797     0.00497695    -0.00007898
    -0.00048491    -0.00048875     0.00000385
    -0.02010609    -0.02011283     0.00000674
     0.02828273     0.02818564     0.00009709
    -0.00089730    -0.00091177     0.00001447
    -0.03185000    -0.03180571    -0.00004429
    -0.00091294    -0.00092372     0.00001078
     0.02506231     0.02505949     0.00000282
     0.03203858     0.03208905    -0.00005048
     0.00171489     0.00178205    -0.00006716
     0.00005508    -0.00004783     0.00010290
    -0.02018405    -0.01997615    -0.00020790
     0.02823255     0.02819068     0.00004186
     0.02475319     0.02486902    -0.00011583
    -0.03209191    -0.03205641    -0.00003550
     0.00362994     0.00352426     0.00010568
     0.01118603     0.01117691     0.00000912
     0.01137431     0.01139828    -0.00002398
     0.02140962     0.02151092    -0.00010130
     0.03136052     0.03141468    -0.00005415
     0.03431718     0.03453125    -0.00021408
    -0.03430373    -0.03412005    -0.00018368
    -0.00117757    -0.00118532     0.00000775
    -0.00047103    -0.00047949     0.00000846
    -0.00043435    -0.00045301     0.00001867
    -0.02948318    -0.02945405    -0.00002913
     0.04809811     0.04802722     0.00007089
     0.00978015     0.00968972     0.00009044
     0.01493652     0.01491108     0.00002544
    -0.00090581    -0.00099777     0.00009196
     0.00006955    -0.00012142     0.00019097
    -0.02398564    -0.02442100     0.00043537
     0.01704578     0.01678672     0.00025906
    -0.03822764    -0.03804519    -0.00018246
    -0.00074954    -0.00088367     0.00013413
    -0.02379856    -0.02366307    -0.00013549
     0.01479132     0.01483245    -0.00004113
    -0.02923393    -0.02898420    -0.00024973
    -0.00083090    -0.00094738     0.00011648
     0.00715347     0.00717976    -0.00002630
    -0.03183324    -0.03184670     0.00001346
    -0.00070698    -0.00085728     0.00015030
    -0.00016942    -0.00027461     0.00010519
     0.01749899     0.01735846     0.00014053
     0.01901464     0.01902856    -0.00001392
     0.01502964     0.01500480     0.00002484
    -0.02736682    -0.02724630    -0.00012052
     0.02787077     0.02793338    -0.00006261
     0.01820164     0.01826803    -0.00006639
     0.01386534     0.01393192    -0.00006657
     0.04242941     0.04229922     0.00013019
     0.01980632     0.01985029    -0.00004397
    -0.03587544    -0.03575532    -0.00012012
     0.01538388     0.01539410    -0.00001022
     0.01084273     0.01070230     0.00014043
    -0.00005293    -0.00020669     0.00015377
    -0.01253093    -0.01237542    -0.00015550
     0.00778186     0.00774599     0.00003586
    -0.02273764    -0.02269412    -0.00004352
     0.02621569     0.02623598    -0.00002028
    -0.02538428    -0.02520629    -0.00017798
     0.02076868     0.02080052    -0.00003184
     0.01452095     0.01448085     0.00004010
     0.01023186     0.01022327     0.00000859
     0.00597323     0.00569933     0.00027390
     0.01314141     0.01313824     0.00000317
    -0.03519649    -0.03500708    -0.00018940
    -0.03099693    -0.03114178     0.00014485
    -0.00301742    -0.00311003     0.00009261
     0.04506252     0.04511538    -0.00005286
    -0.00003586    -0.00011281     0.00007694
    -0.00909856    -0.00911445     0.00001589
     0.02456892     0.02462052    -0.00005161
     0.00170098     0.00152455     0.00017644
     0.02875778     0.02882220    -0.00006442
    -0.03088201    -0.03078329    -0.00009872
     0.02398991     0.02407454    -0.00008463
    -0.01840736    -0.01845715     0.00004979
    -0.01840774    -0.01845715     0.00004940
    -0.01736130    -0.01741244     0.00005114
     0.00726160     0.00721937     0.00004223
    -0.03482562    -0.03478797    -0.00003765
    -0.03124020    -0.03114164    -0.00009856
     0.01963922     0.01963391     0.00000531
    -0.01047138    -0.01045000    -0.00002138
     0.02923401     0.02936008    -0.00012608
    -0.01529666    -0.01529630    -0.00000037
    -0.01529683    -0.01529630    -0.00000053
    -0.00707208    -0.00722085     0.00014877
    -0.03396332    -0.03379004    -0.00017328
    -0.02181360    -0.02159574    -0.00021786
    -0.03276667    -0.03257398    -0.00019270
    -0.03190704    -0.03168731    -0.00021973
     0.00181543     0.00172083     0.00009460
    -0.01760326    -0.01763884     0.00003558
    -0.01604694    -0.01605704     0.00001011
    -0.01010873    -0.01008026    -0.00002847
    -0.01681582    -0.01683830     0.00002248
    -0.01681626    -0.01683830     0.00002204
    -0.01175282    -0.01174451    -0.00000831
    -0.02349766    -0.02351490     0.00001724
     0.00527539     0.00530139    -0.00002600
     0.03032385     0.03039240    -0.00006855
    -0.01666085    -0.01669851     0.00003766
     0.01669650     0.01664789     0.00004861
     0.01274492     0.01282644    -0.00008152
     0.00437276     0.00440907    -0.00003631
    -0.01360210    -0.01362925     0.00002715
    -0.03207360    -0.03195463    -0.00011897
    -0.00774197    -0.00768586    -0.00005611
     0.01202384     0.01223546    -0.00021162
     0.01303736     0.01298877     0.00004859
    -0.01590658    -0.01593886     0.00003228
     0.00404171     0.00406501    -0.00002330
    -0.00789794    -0.00784467    -0.00005327
    -0.02822509    -0.02815239    -0.00007271
     0.00711866     0.00699369     0.00012498
    -0.01214180    -0.01222239     0.00008059
    -0.01544456    -0.01545612     0.00001156
    -0.01523854    -0.01525036     0.00001182
     0.01962629     0.01969180    -0.00006551
     0.00488341     0.00455551     0.00032790
    -0.01135183    -0.01135018    -0.00000165
    -0.01394281    -0.01396057     0.00001776
    -0.01495040    -0.01497076     0.00002036
    -0.01121003    -0.01119191    -0.00001812
    -0.02176533    -0.02172647    -0.00003886
    -0.02126047    -0.02110089    -0.00015958
    -0.00932434    -0.00929161    -0.00003272
     0.02914209     0.02919013    -0.00004804
    -0.01295281    -0.01296061     0.00000780
    -0.01056643    -0.01054332    -0.00002310
    -0.01149746    -0.01149208    -0.00000538
     0.01600557     0.01608323    -0.00007765
    -0.01323627    -0.01324241     0.00000614
    -0.00405031    -0.00398461    -0.00006569
    -0.03047259    -0.03053422     0.00006163
    -0.01117612    -0.01116213    -0.00001399
     0.01147589     0.01156910    -0.00009321
    -0.01187943    -0.01187279    -0.00000664
     0.02843057     0.02874920    -0.00031864
     0.01312013     0.01323195    -0.00011182
     0.00867907     0.00878376    -0.00010469
    -0.03547870    -0.03547994     0.00000124
     0.00297788     0.00322142    -0.00024354
    -0.00225531    -0.00213625    -0.00011905
     0.02806041     0.02804657     0.00001384
     0.01991454     0.01988319     0.00003136
     0.02835584     0.02836816    -0.00001232
     0.01194313     0.01186344     0.00007969
    -0.00721192    -0.00719205    -0.00001987
    -0.03831706    -0.03821009    -0.00010697
    -0.04286245    -0.04291802     0.00005557
    -0.04102146    -0.04120685     0.00018538
     0.00234451     0.00226119     0.00008332
     0.01330242     0.01325589     0.00004654
    -0.04163965    -0.04155098    -0.00008867
    -0.03473397    -0.03491284     0.00017886
    -0.04435298    -0.04443182     0.00007884
    -0.04563515    -0.04556091    -0.00007425
     0.02835758     0.02834344     0.00001415
    -0.01727858    -0.01716794    -0.00011063
    -0.03097995    -0.03088403    -0.00009591
    -0.00066578    -0.00059784    -0.00006794
    -0.03891650    -0.03891266    -0.00000384
    -0.02322897    -0.02326190     0.00003293
    -0.03441231    -0.03439337    -0.00001894
    -0.01894114    -0.01886291    -0.00007823
    -0.00123281    -0.00116952    -0.00006329
    -0.00530666    -0.00527543    -0.00003123
    -0.01638887    -0.01641285     0.00002397
    -0.00280702    -0.00281770     0.00001068
     0.02867939     0.02869041    -0.00001102
     0.02815483     0.02811487     0.00003996
     0.02846314     0.02844501     0.00001813
    -0.01628035    -0.01611552    -0.00016483
     0.02221665     0.02240925    -0.00019259
     0.02287356     0.02313782    -0.00026426
    -0.00571167    -0.00577587     0.00006420
    -0.01480025    -0.01482870     0.00002846
    -0.00070431    -0.00046464    -0.00023967
    -0.00070431    -0.00046464    -0.00023967
     0.02590761     0.02580275     0.00010486
    -0.02510484    -0.02506317    -0.00004167
    -0.00173633    -0.00178125     0.00004492
     0.01322579     0.01335278    -0.00012699
     0.00307891     0.00297674     0.00010218
    -0.00187353    -0.00194662     0.00007309
     0.03278371     0.03275919     0.00002452
     0.01727128     0.01735538    -0.00008410
    -0.02034555    -0.02036132     0.00001577
    -0.00111648    -0.00095252    -0.00016396
     0.02689895     0.02718799    -0.00028905
    -0.00439894    -0.00447151     0.00007257
     0.02074555     0.02065908     0.00008647
    -0.00060850    -0.00039729    -0.00021121
    -0.00060877    -0.00039729    -0.00021148
    -0.01944607    -0.01939134    -0.00005474
    -0.02480176    -0.02458261    -0.00021915
     0.00322869     0.00315051     0.00007817
     0.00401607     0.00417188    -0.00015581
     0.02937589     0.02943943    -0.00006355
    -0.00943329    -0.00950536     0.00007207
     0.00338110     0.00333394     0.00004715
    -0.00066711    -0.00043574    -0.00023137
    -0.00066711    -0.00043574    -0.00023137
     0.02892755     0.02905394    -0.00012639
     0.03405919     0.03412983    -0.00007064
     0.00385379     0.00394600    -0.00009222
    -0.00283907    -0.00290746     0.00006839
     0.00353636     0.00352742     0.00000895
    -0.05094361    -0.05092019    -0.00002342
     0.00369392     0.00373131    -0.00003739
    -0.00256954    -0.00252552    -0.00004403
     0.00420661     0.00431607    -0.00010947
     0.02007977     0.02022276    -0.00014299
    -0.00138852    -0.00115252    -0.00023600
    -0.02641616    -0.02640205    -0.00001411
    -0.00203340    -0.00213244     0.00009904
    -0.03276254    -0.03264091    -0.00012163
    -0.03394593    -0.03390746    -0.00003847
    -0.00711338    -0.00717236     0.00005897
     0.01458533     0.01465947    -0.00007414
     0.01815568     0.01811185     0.00004383
    -0.03487379    -0.03489774     0.00002395
    -0.00582076    -0.00588997     0.00006921
     0.00746787     0.00757945    -0.00011159
    -0.01687530    -0.01677830    -0.00009700
    -0.01674975    -0.01673656    -0.00001319
    -0.00227027    -0.00232763     0.00005736
     0.03046404     0.03024770     0.00021634
     0.01888688     0.01888428     0.00000260
     0.00316169     0.00309573     0.00006596
    -0.00060181    -0.00058150    -0.00002031
     0.01473211     0.01456302     0.00016909
    -0.02608791    -0.02582984    -0.00025807
     0.01404641     0.01395786     0.00008855
     0.01851672     0.01832339     0.00019333
     0.00401047     0.00398754     0.00002293
    -0.00445216    -0.00452921     0.00007705
    -0.01837977    -0.01842947     0.00004970
     0.01597297     0.01592885     0.00004413
     0.01159600     0.01172918    -0.00013318
     0.01386260     0.01406888    -0.00020628
     0.00532159     0.00551136    -0.00018977
    -0.00125581    -0.00104265    -0.00021316
    -0.00036836    -0.00040423     0.00003587
    -0.01923418    -0.01928176     0.00004758
     0.04727622     0.04727234     0.00000387
    -0.01834964    -0.01829106    -0.00005858
     0.01260325     0.01261822    -0.00001497
     0.01769437     0.01777274    -0.00007837
     0.00074935     0.00076057    -0.00001122
    -0.00030931    -0.00037648     0.00006717
     0.00252865     0.00256344    -0.00003480
    -0.01933951    -0.01937286     0.00003334
     0.00357155     0.00362223    -0.00005068
     0.01415860     0.01410971     0.00004889
     0.02152260     0.02155589    -0.00003329
     0.01057595     0.01046614     0.00010981
    -0.01538461    -0.01534056    -0.00004406
    -0.02058155    -0.02053529    -0.00004626
     0.02422994     0.02427514    -0.00004519
     0.00508211     0.00509667    -0.00001456
    -0.01835677    -0.01841905     0.00006228
     0.00403958     0.00400720     0.00003238
    -0.01589782    -0.01595816     0.00006034
    -0.01309605    -0.01308522    -0.00001084
     0.03307400     0.03293924     0.00013475
    -0.00310436    -0.00319265     0.00008830
     0.02967372     0.02968550    -0.00001178
     0.04478341     0.04476754     0.00001587
     0.02769817     0.02786161    -0.00016344
     0.04119442     0.04126811    -0.00007369
    -0.01661269    -0.01651869    -0.00009400
     0.02351970     0.02370009    -0.00018039
    -0.01743700    -0.01742821    -0.00000880
    -0.01743727    -0.01742821    -0.00000907
    -0.01234559    -0.01218259    -0.00016299
    -0.00449475    -0.00442199    -0.00007276
    -0.00118770    -0.00103504    -0.00015266
    -0.00627228    -0.00612454    -0.00014773
     0.00422342     0.00443862    -0.00021520
    -0.02622021    -0.02624868     0.00002847
    -0.02622013    -0.02624868     0.00002855
    -0.01137235    -0.01131241    -0.00005994
    -0.01137235    -0.01131241    -0.00005994
    -0.00138384    -0.00117437    -0.00020947
    -0.00616218    -0.00597991    -0.00018228
    -0.00050861    -0.00034927    -0.00015934
    -0.00050861    -0.00034927    -0.00015934
     0.03695246     0.03672472     0.00022774
    -0.01553784    -0.01553184    -0.00000600
     0.02725169     0.02705939     0.00019229
     0.03749612     0.03721975     0.00027637
     0.00446903     0.00465433    -0.00018529
    -0.01675859    -0.01675204    -0.00000656
    -0.00173157    -0.00151553    -0.00021603
    -0.04568533    -0.04545958    -0.00022575
     0.01954662     0.01936135     0.00018527
    -0.01174794    -0.01169180    -0.00005615
    -0.01174794    -0.01169179    -0.00005615
    -0.00156885    -0.00138419    -0.00018465
    -0.00090562    -0.00069718    -0.00020844
    -0.00379060    -0.00361903    -0.00017157
    -0.01678534    -0.01677533    -0.00001001
    -0.00090589    -0.00069718    -0.00020871
    -0.01678562    -0.01677533    -0.00001029
    -0.01088137    -0.01083849    -0.00004288
    -0.01971767    -0.01958955    -0.00012812
    -0.00107681    -0.00090354    -0.00017327
    -0.00170177    -0.00148748    -0.00021429
     0.00166760     0.00150482     0.00016278
    -0.01087745    -0.01083382    -0.00004363
    -0.00075691    -0.00056673    -0.00019018
    -0.00075691    -0.00056673    -0.00019018
    -0.00164637    -0.00143833    -0.00020804
    -0.00152664    -0.00133828    -0.00018836
    -0.01214425    -0.01209237    -0.00005188
    -0.01214425    -0.01209237    -0.00005188
     0.01922648     0.01896417     0.00026231
    -0.00157973    -0.00138021    -0.00019952
    -0.00156289    -0.00136580    -0.00019709
    -0.01616269    -0.01615067    -0.00001202
     0.03636990     0.03609302     0.00027688
    -0.00062684    -0.00045102    -0.00017582
    -0.00062684    -0.00045102    -0.00017582
    -0.01255367    -0.01250544    -0.00004824
    -0.00145320    -0.00126738    -0.00018582
    -0.00130985    -0.00114038    -0.00016947
    -0.00513612    -0.00505578    -0.00008034
    -0.00135211    -0.00117630    -0.00017581
     0.01024272     0.00992515     0.00031757
    -0.00142030    -0.00123868    -0.00018162
    -0.01256238    -0.01251491    -0.00004747
    -0.01272189    -0.01267422    -0.00004767
    -0.01256265    -0.01251491    -0.00004774
     0.03410408     0.03380789     0.00029620
    -0.01556897    -0.01555365    -0.00001532
    -0.01556897    -0.01555365    -0.00001532
    -0.01068436    -0.01052004    -0.00016432
    -0.01422957    -0.01420343    -0.00002614
    -0.01500330    -0.01498364    -0.00001966
    -0.01500330    -0.01498364    -0.00001966
    -0.01300293    -0.01296020    -0.00004273
    -0.01300293    -0.01296020    -0.00004273
    -0.00543972    -0.00535764    -0.00008208
    -0.01446503    -0.01443999    -0.00002504
    -0.01446503    -0.01443999    -0.00002504
     0.01015238     0.00995046     0.00020192
    -0.01346626    -0.01342898    -0.00003728
    -0.01346626    -0.01342898    -0.00003728
    -0.01395324    -0.01392200    -0.00003124
    -0.01395324    -0.01392200    -0.00003124
    -0.00585347    -0.00577260    -0.00008087
    -0.00580533    -0.00572318    -0.00008215
    -0.00958170    -0.00952604    -0.00005566
    -0.00256960    -0.00239818    -0.00017142
    -0.00619247    -0.00611090    -0.00008156
    -0.00665416    -0.00657506    -0.00007910
    -0.00901810    -0.00895658    -0.00006152
    -0.00660159    -0.00652177    -0.00007982
    -0.00854938    -0.00848476    -0.00006462
    -0.00703480    -0.00695675    -0.00007805
    -0.00803805    -0.00796824    -0.00006981
    -0.00858925    -0.00820592    -0.00038333
    -0.00848301    -0.00841580    -0.00006721
    -0.00749246    -0.00741679    -0.00007567
    -0.00797481    -0.00790284    -0.00007198
    -0.02064250    -0.02042355    -0.00021895
    -0.00604283    -0.00591247    -0.00013037
     0.04082715     0.04054607     0.00028107
     0.00188278     0.00200082    -0.00011803
    -0.04834312    -0.04845513     0.00011201
     0.01090034     0.01057202     0.00032831
    -0.01024566    -0.00998958    -0.00025608
    -0.01251207    -0.01246912    -0.00004295
     0.00784246     0.00782416     0.00001830
    -0.02041249    -0.02030652    -0.00010597
     0.04106244     0.04095668     0.00010577
    -0.01565501    -0.01565496    -0.00000005
    -0.02139082    -0.02132650    -0.00006431
    -0.02661769    -0.02641801    -0.00019968
    -0.01024095    -0.01018209    -0.00005887
    -0.00724745    -0.00725585     0.00000840
    -0.00474787    -0.00475948     0.00001161
     0.03413467     0.03410970     0.00002497
    -0.02166481    -0.02154217    -0.00012263
    -0.00667795    -0.00671832     0.00004037
    -0.01624403    -0.01601600    -0.00022803
    -0.01509878    -0.01501733    -0.00008145
    -0.00722438    -0.00717407    -0.00005031
    -0.02554521    -0.02542260    -0.00012261
     0.03972511     0.03964205     0.00008307
     0.03555894     0.03552366     0.00003529
    -0.01438587    -0.01434499    -0.00004088
    -0.01192381    -0.01187496    -0.00004885
     0.01673851     0.01667321     0.00006530
    -0.01924158    -0.01925413     0.00001255
    -0.00817240    -0.00817273     0.00000033
     0.03835872     0.03829492     0.00006380
     0.03696836     0.03692042     0.00004794
    -0.01794101    -0.01795622     0.00001520
    -0.00727347    -0.00722669    -0.00004677
     0.03525537     0.03531418    -0.00005881
    -0.00959882    -0.00953929    -0.00005953
     0.02621194     0.02614059     0.00007135
    -0.00517408    -0.00517933     0.00000525
     0.03572368     0.03568793     0.00003575
    -0.01234853    -0.01222602    -0.00012251
    -0.00715502    -0.00711082    -0.00004420
    -0.01423248    -0.01418918    -0.00004330
    -0.00951016    -0.00946679    -0.00004337
    -0.00533528    -0.00533886     0.00000358
    -0.01009036    -0.01004989    -0.00004048
    -0.00416925    -0.00423648     0.00006723
    -0.01343853    -0.01338371    -0.00005482
    -0.00992897    -0.00991468    -0.00001429
    -0.00463951    -0.00468356     0.00004405
    -0.01057448    -0.01052813    -0.00004635
    -0.00900142    -0.00896256    -0.00003885
    -0.00460621    -0.00465307     0.00004686
    -0.00898501    -0.00898498    -0.00000003
    -0.00600436    -0.00594848    -0.00005588
    -0.03513893    -0.03525094     0.00011201
    -0.01614653    -0.01617598     0.00002945
     0.00421855     0.00426371    -0.00004515
    -0.00363419    -0.00359772    -0.00003647
    -0.00929552    -0.00929539    -0.00000013
    -0.02180576    -0.02189440     0.00008863
    -0.01304723    -0.01299926    -0.00004797
    -0.02860390    -0.02844881    -0.00015509
    -0.00482526    -0.00486911     0.00004386
    -0.01029842    -0.01026211    -0.00003631
    -0.01013368    -0.01009795    -0.00003573
     0.00862195     0.00861173     0.00001023
    -0.01922569    -0.01914329    -0.00008240
    -0.00405583    -0.00415036     0.00009453
     0.01256537     0.01261489    -0.00004951
    -0.02192636    -0.02188374    -0.00004262
    -0.00853003    -0.00849670    -0.00003333
    -0.01033731    -0.01032701    -0.00001030
     0.02262597     0.02252245     0.00010352
    -0.00879428    -0.00877019    -0.00002410
     0.00495917     0.00506704    -0.00010787
    -0.01194041    -0.01192113    -0.00001928
    -0.00505517    -0.00515111     0.00009595
    -0.01020177    -0.01020189     0.00000012
    -0.01093547    -0.01092652    -0.00000894
    -0.00561074    -0.00565505     0.00004430
    -0.01128154    -0.01127184    -0.00000971
    -0.00448933    -0.00455313     0.00006379
     0.00668020     0.00672788    -0.00004767
    -0.01391027    -0.01384496    -0.00006531
    -0.00662347    -0.00663818     0.00001471
    -0.00499408    -0.00507801     0.00008393
    -0.01905102    -0.01896919    -0.00008183
    -0.00898721    -0.00898106    -0.00000616
     0.03474176     0.03482540    -0.00008364
     0.00588852     0.00577236     0.00011616
    -0.00904920    -0.00904520    -0.00000400
     0.02454941     0.02457536    -0.00002596
    -0.00840070    -0.00840197     0.00000127
    -0.00875066    -0.00875640     0.00000574
    -0.00696987    -0.00699664     0.00002677
    -0.00573469    -0.00580307     0.00006837
    -0.00581638    -0.00588924     0.00007286
    -0.00715230    -0.00720837     0.00005608
    -0.00852639    -0.00855782     0.00003143
     0.00243575     0.00255427    -0.00011853
    -0.00867453    -0.00869820     0.00002367
    -0.00826097    -0.00829095     0.00002999
     0.01121955     0.01109295     0.00012661
     0.02425329     0.02418203     0.00007126
     0.01666836     0.01668600    -0.00001764
    -0.00919157    -0.00914839    -0.00004318
     0.00012158     0.00011432     0.00017978     0.00016747     0.00069414
