                 -1.49722090752541547864
                 -1.27223964758424545884
                  1.06244309734243569388
                  0.79645313788103677677
                 -0.62933758414302187756
                  0.38201358319799805230
                 -0.19121275267432136236
                  0.05693031908733132973
                 -0.19883249423343155038
                 -0.45183170139940892485
                 -0.63930049214698658755
                 -0.83875475855928860458
                 -1.05684540752508837613
                 -1.27616807682378352595
                 -1.47752534309244909494
                  1.67726003119758582116
                  1.42951130153419692093
                  1.20298180995583781083
                 -0.99456013790235830996
                 -0.71510701946379906513
                 -0.49565038803676036983
                  0.30585862992414575290
                 -0.00150593221553415300
                  0.21526168089474093104
                 -0.47177061192184699401
                  0.68801719674396000226
                 -0.93011634617059102403
                 -1.20296096525332374405
                 -1.42653391415808017406
                  1.66016737250223544997
                  0.95231714853846760604
