                  1.65581646566101103879
                 -1.36120227188687814568
                  1.18645377366594750868
                  0.93587240862327647495
                 -0.26544507849741799665
                 -0.39242070306559029280
                  0.37771049390933786327
                  0.01940114715678372889
                 -0.05102891874493849234
                 -0.40125808541943303043
                 -0.29004644205676649582
                  0.86422289158915477358
                 -0.53530764019650978192
                 -1.06465034972882133246
                  1.24678314834518189080
                 -1.90704091165305089639
                  1.39379765013808798457
                 -1.34105370205314811116
                  0.86216523800996969218
                  0.61331750327858991501
                 -0.57895993462631412108
                 -0.33727692213095261664
                 -0.12654767356572652059
                  0.54601577591907823894
                 -0.31372874119911231539
                  0.89321075006118133555
                 -1.21401486261046920312
                  1.24744938479798306297
                 -1.65262223458647783403
                 -1.52601771526778584587
                 -0.53714246974581869587
