    -0.00078195    -0.00069561    -0.00008634
     0.03039585     0.03043778    -0.00004193
    -0.00259267    -0.00260471     0.00001204
     0.02471656     0.02468603     0.00003053
    -0.00592648    -0.00593192     0.00000544
    -0.02022952    -0.02018007    -0.00004944
    -0.00030341    -0.00014705    -0.00015636
     0.03259769     0.03257567     0.00002202
    -0.00096690    -0.00079836    -0.00016854
    -0.00952545    -0.00953778     0.00001233
     0.02082338     0.02077014     0.00005323
     0.01503903     0.01501912     0.00001990
    -0.00836549    -0.00838411     0.00001862
    -0.00070159    -0.00062627    -0.00007532
    -0.00162283    -0.00170505     0.00008222
    -0.00132362    -0.00133902     0.00001540
    -0.02178163    -0.02179409     0.00001247
    -0.00098293    -0.00086345    -0.00011948
    -0.02882113    -0.02886100     0.00003987
     0.00014779     0.00012621     0.00002157
     0.02409740     0.02413014    -0.00003274
    -0.00244497    -0.00252589     0.00008092
    -0.01681275    -0.01682326     0.00001051
    -0.00438052    -0.00443568     0.00005516
    -0.00024322    -0.00034848     0.00010527
    -0.01070803    -0.01072565     0.00001762
    -0.00023187    -0.00023577     0.00000390
    -0.02017286    -0.02011304    -0.00005982
     0.04359261     0.04350520     0.00008741
    -0.01929802    -0.01922488    -0.00007314
    -0.02246607    -0.02228822    -0.00017785
    -0.02559108    -0.02557281    -0.00001827
     0.00427458     0.00428418    -0.00000960
    -0.00045549    -0.00048294     0.00002745
     0.03403334     0.03398055     0.00005279
    -0.00635930    -0.00635493    -0.00000437
    -0.00515356    -0.00517520     0.00002163
    -0.00642787    -0.00640028    -0.00002760
    -0.00178787    -0.00182152     0.00003365
    -0.01569887    -0.01572838     0.00002951
     0.02822648     0.02812078     0.00010570
     0.00391640     0.00392824    -0.00001184
    -0.02374751    -0.02374279    -0.00000473
     0.01960232     0.01966087    -0.00005855
    -0.00066978    -0.00059184    -0.00007794
    -0.01461104    -0.01453595    -0.00007510
     0.00979131     0.00980278    -0.00001147
     0.01354909     0.01352982     0.00001928
    -0.00075193    -0.00075727     0.00000534
     0.03313729     0.03318167    -0.00004438
     0.01794338     0.01789221     0.00005117
    -0.02040751    -0.02039266    -0.00001484
    -0.01384831    -0.01383394    -0.00001437
    -0.01055258    -0.01051589    -0.00003668
     0.01305989     0.01303986     0.00002003
    -0.04271480    -0.04270890    -0.00000590
    -0.00045770    -0.00044378    -0.00001392
    -0.02018862    -0.02004164    -0.00014697
    -0.00054425    -0.00052722    -0.00001704
     0.00595524     0.00598967    -0.00003443
     0.02194639     0.02192577     0.00002062
    -0.00819860    -0.00828832     0.00008972
    -0.02827151    -0.02825765    -0.00001386
     0.03090775     0.03084172     0.00006603
    -0.00573287    -0.00575851     0.00002564
    -0.00160387    -0.00160998     0.00000611
    -0.00199740    -0.00204338     0.00004599
    -0.00681019    -0.00671987    -0.00009033
    -0.01344615    -0.01337523    -0.00007092
    -0.02367608    -0.02368562     0.00000953
     0.03156113     0.03158668    -0.00002555
    -0.02061848    -0.02055092    -0.00006755
     0.02064786     0.02068419    -0.00003632
     0.02129043     0.02125200     0.00003843
     0.01153700     0.01150788     0.00002912
    -0.00057283    -0.00051057    -0.00006226
     0.00014387     0.00012945     0.00001442
    -0.01402548    -0.01404790     0.00002242
     0.02782960     0.02770396     0.00012564
    -0.00065920    -0.00054936    -0.00010983
    -0.01846557    -0.01854933     0.00008377
    -0.00002822     0.00006985    -0.00009807
     0.02134611     0.02144121    -0.00009510
     0.02835582     0.02829374     0.00006208
    -0.00049280    -0.00047623    -0.00001657
    -0.00013910    -0.00015332     0.00001421
    -0.02003166    -0.02008772     0.00005606
     0.00674872     0.00671020     0.00003852
    -0.01022351    -0.01021306    -0.00001045
    -0.00455818    -0.00449014    -0.00006804
     0.02967255     0.02966201     0.00001054
    -0.00474507    -0.00472277    -0.00002230
     0.02545579     0.02538970     0.00006609
     0.02731150     0.02738191    -0.00007041
    -0.00007951    -0.00019336     0.00011385
    -0.01181937    -0.01184317     0.00002379
    -0.02093005    -0.02091615    -0.00001390
     0.03899569     0.03897524     0.00002045
     0.03439734     0.03434518     0.00005216
    -0.02353886    -0.02358866     0.00004980
    -0.02468696    -0.02465359    -0.00003337
    -0.02468696    -0.02465359    -0.00003337
    -0.02338383    -0.02340422     0.00002039
    -0.04761255    -0.04761261     0.00000006
    -0.02255435    -0.02259350     0.00003915
    -0.02663336    -0.02662417    -0.00000919
    -0.02663363    -0.02662417    -0.00000946
    -0.02564562    -0.02562591    -0.00001971
    -0.02564589    -0.02562591    -0.00001998
    -0.02427411    -0.02427423     0.00000012
    -0.03333202    -0.03331826    -0.00001375
    -0.02495007    -0.02492368    -0.00002638
    -0.02568910    -0.02569658     0.00000748
    -0.03734385    -0.03732219    -0.00002166
    -0.03309321    -0.03310905     0.00001584
    -0.02635953    -0.02631729    -0.00004224
    -0.02512612    -0.02514204     0.00001592
    -0.02419568    -0.02423868     0.00004299
    -0.03190130    -0.03174561    -0.00015569
    -0.03259905    -0.03257531    -0.00002374
    -0.03259905    -0.03257531    -0.00002374
    -0.02342198    -0.02346555     0.00004357
    -0.02349943    -0.02354074     0.00004131
    -0.02702893    -0.02700794    -0.00002099
    -0.02647268    -0.02645909    -0.00001358
    -0.02647268    -0.02645909    -0.00001358
    -0.02647268    -0.02645909    -0.00001358
    -0.02647268    -0.02645909    -0.00001358
    -0.02647268    -0.02645909    -0.00001358
    -0.02647268    -0.02645909    -0.00001358
    -0.02647295    -0.02645909    -0.00001386
    -0.02647295    -0.02645909    -0.00001386
    -0.02647295    -0.02645909    -0.00001386
    -0.02647295    -0.02645909    -0.00001386
    -0.02647295    -0.02645909    -0.00001386
    -0.02647295    -0.02645909    -0.00001386
    -0.02369459    -0.02370183     0.00000724
    -0.05104764    -0.05107848     0.00003085
    -0.02706406    -0.02704848    -0.00001558
    -0.02442285    -0.02444200     0.00001916
    -0.02545658    -0.02551989     0.00006331
    -0.04168126    -0.04164634    -0.00003492
    -0.03406988    -0.03397686    -0.00009302
    -0.02765167    -0.02762183    -0.00002984
    -0.02765167    -0.02762183    -0.00002984
    -0.02456614    -0.02458198     0.00001584
    -0.02675287    -0.02680482     0.00005194
    -0.02675287    -0.02680482     0.00005194
    -0.02664139    -0.02671114     0.00006975
    -0.02718913    -0.02717412    -0.00001501
    -0.02708472    -0.02708153    -0.00000319
    -0.03614956    -0.03616248     0.00001291
    -0.02707334    -0.02705757    -0.00001578
    -0.03270436    -0.03269359    -0.00001077
    -0.03270436    -0.03269359    -0.00001077
    -0.02516321    -0.02516164    -0.00000158
    -0.02773039    -0.02772427    -0.00000612
    -0.02773039    -0.02772427    -0.00000612
    -0.02593732    -0.02592349    -0.00001383
    -0.03990035    -0.03985799    -0.00004237
    -0.02631243    -0.02638003     0.00006760
    -0.03367485    -0.03360479    -0.00007007
    -0.04464276    -0.04464895     0.00000619
    -0.03156880    -0.03159737     0.00002857
    -0.03025914    -0.03027116     0.00001201
    -0.03025914    -0.03027116     0.00001201
    -0.03357673    -0.03359271     0.00001598
    -0.06867857    -0.06867297    -0.00000560
    -0.06777222    -0.06777624     0.00000402
    -0.03328924    -0.03333276     0.00004352
    -0.02801420    -0.02804092     0.00002671
    -0.04156169    -0.04156039    -0.00000130
    -0.03329574    -0.03331388     0.00001814
    -0.03475754    -0.03479567     0.00003814
    -0.02942702    -0.02943574     0.00000873
    -0.02986885    -0.02988398     0.00001513
    -0.03295288    -0.03297149     0.00001861
    -0.03295302    -0.03297150     0.00001848
    -0.03278504    -0.03280564     0.00002060
    -0.02990352    -0.02990130    -0.00000222
    -0.03230936    -0.03232930     0.00001994
    -0.03028290    -0.03028078    -0.00000212
    -0.03045909    -0.03045711    -0.00000199
    -0.03162877    -0.03164480     0.00001603
    -0.03095829    -0.03095687    -0.00000142
    -0.03156888    -0.03157394     0.00000505
    -0.03673553    -0.03675306     0.00001753
    -0.06949418    -0.06949995     0.00000577
    -0.03288330    -0.03288895     0.00000565
    -0.03288330    -0.03288895     0.00000565
    -0.03288330    -0.03288895     0.00000565
    -0.03288330    -0.03288895     0.00000565
    -0.03288330    -0.03288895     0.00000565
    -0.03288330    -0.03288895     0.00000565
    -0.03288330    -0.03288895     0.00000565
    -0.03288330    -0.03288895     0.00000565
    -0.03288330    -0.03288895     0.00000565
    -0.03288330    -0.03288895     0.00000565
    -0.03288330    -0.03288895     0.00000565
    -0.03288330    -0.03288895     0.00000565
    -0.00246285    -0.00246568     0.00000283
    -0.00246285    -0.00246568     0.00000283
    -0.00246285    -0.00246568     0.00000283
    -0.00246285    -0.00246568     0.00000283
    -0.00246285    -0.00246568     0.00000283
    -0.00246285    -0.00246568     0.00000283
    -0.00246285    -0.00246568     0.00000283
    -0.00246285    -0.00246568     0.00000283
    -0.00246285    -0.00246568     0.00000283
    -0.00246285    -0.00246568     0.00000283
    -0.00246285    -0.00246568     0.00000283
    -0.00475271    -0.00470767    -0.00004505
    -0.00381071    -0.00380248    -0.00000823
    -0.00414574    -0.00411830    -0.00002744
    -0.01144544    -0.01144926     0.00000382
     0.02332380     0.02332478    -0.00000098
    -0.00605170    -0.00606726     0.00001556
    -0.00687790    -0.00689069     0.00001279
    -0.01449997    -0.01453910     0.00003914
    -0.00649710    -0.00645849    -0.00003861
    -0.01538891    -0.01541643     0.00002752
    -0.00226807    -0.00228574     0.00001767
    -0.00226807    -0.00228574     0.00001767
    -0.00226807    -0.00228574     0.00001767
    -0.00226780    -0.00228574     0.00001794
    -0.00226780    -0.00228574     0.00001794
    -0.00226780    -0.00228574     0.00001794
    -0.00226780    -0.00228574     0.00001794
    -0.00226780    -0.00228574     0.00001794
    -0.00226780    -0.00228574     0.00001794
    -0.00226780    -0.00228574     0.00001794
    -0.00226780    -0.00228574     0.00001794
    -0.00226780    -0.00228574     0.00001794
    -0.00978497    -0.00978236    -0.00000261
    -0.03018575    -0.03019457     0.00000881
    -0.00728386    -0.00727543    -0.00000843
    -0.01604941    -0.01605883     0.00000942
    -0.01604941    -0.01605883     0.00000942
    -0.01331663    -0.01333058     0.00001396
    -0.00676149    -0.00675114    -0.00001035
    -0.00326392    -0.00325751    -0.00000642
     0.04010009     0.04009127     0.00000882
    -0.00663351    -0.00660579    -0.00002772
    -0.04013609    -0.04013672     0.00000063
    -0.00740713    -0.00740833     0.00000120
    -0.00492668    -0.00491183    -0.00001485
    -0.01289695    -0.01292853     0.00003159
    -0.01010212    -0.01010347     0.00000136
    -0.01167581    -0.01168332     0.00000751
    -0.03807393    -0.03807304    -0.00000089
    -0.00454144    -0.00451905    -0.00002240
    -0.01174707    -0.01175917     0.00001210
    -0.01768727    -0.01772882     0.00004156
    -0.03570547    -0.03569920    -0.00000627
     0.02899809     0.02899808     0.00000000
     0.02873648     0.02872644     0.00001003
    -0.01772321    -0.01771111    -0.00001210
    -0.01772321    -0.01771111    -0.00001210
    -0.01602035    -0.01603589     0.00001554
    -0.00347228    -0.00345344    -0.00001884
    -0.02133291    -0.02131266    -0.00002025
    -0.03144232    -0.03148841     0.00004609
     0.02840741     0.02841809    -0.00001069
     0.02136097     0.02135172     0.00000924
     0.02818177     0.02818806    -0.00000629
     0.02289427     0.02289177     0.00000250
     0.04766229     0.04765118     0.00001112
    -0.05618381    -0.05619094     0.00000712
     0.04882457     0.04883703    -0.00001246
    -0.01842717    -0.01840829    -0.00001888
    -0.01842690    -0.01840829    -0.00001861
    -0.02364147    -0.02363696    -0.00000451
    -0.02398564    -0.02400834     0.00002270
    -0.03361874    -0.03361986     0.00000111
    -0.01955206    -0.01954226    -0.00000980
    -0.00019380    -0.00016621    -0.00002759
     0.02604674     0.02628382    -0.00023708
    -0.01676371    -0.01678722     0.00002351
    -0.00188338    -0.00187853    -0.00000485
    -0.00981833    -0.00981022    -0.00000811
    -0.00919157    -0.00919521     0.00000364
    -0.03809042    -0.03811698     0.00002657
    -0.01142788    -0.01143115     0.00000326
    -0.03643199    -0.03645896     0.00002696
     0.01825979     0.01826556    -0.00000576
    -0.03876126    -0.03880486     0.00004360
     0.05312329     0.05311905     0.00000424
     0.01851672     0.01840863     0.00010809
    -0.04308466    -0.04306592    -0.00001873
     0.01104012     0.01101401     0.00002611
    -0.00069756    -0.00070585     0.00000829
    -0.03427456    -0.03426181    -0.00001276
     0.02466241     0.02470471    -0.00004230
     0.02287517     0.02287345     0.00000172
     0.03297130     0.03296347     0.00000783
    -0.03116180    -0.03117464     0.00001284
    -0.03878335    -0.03874687    -0.00003649
    -0.04133355    -0.04133609     0.00000254
    -0.04318812    -0.04318069    -0.00000743
    -0.05506420    -0.05507290     0.00000870
    -0.01120774    -0.01122081     0.00001307
     0.00373316     0.00375394    -0.00002078
     0.06027646     0.06026539     0.00001106
    -0.02489445    -0.02485442    -0.00004003
    -0.03005038    -0.03006170     0.00001133
    -0.01628035    -0.01625754    -0.00002282
    -0.01208986    -0.01209189     0.00000203
    -0.04455347    -0.04456055     0.00000708
    -0.02773515    -0.02772056    -0.00001459
    -0.02499714    -0.02492175    -0.00007539
    -0.03417867    -0.03417116    -0.00000751
     0.02469017     0.02451729     0.00017288
    -0.02076536    -0.02073633    -0.00002904
    -0.02565163    -0.02559782    -0.00005381
    -0.02805791    -0.02806604     0.00000814
     0.02348237     0.02348676    -0.00000440
    -0.04610433    -0.04610980     0.00000546
    -0.02845571    -0.02847489     0.00001918
    -0.02233549    -0.02234843     0.00001295
    -0.02267498    -0.02265911    -0.00001587
    -0.01701484    -0.01697959    -0.00003525
    -0.01228926    -0.01229289     0.00000363
    -0.02202819    -0.02202911     0.00000093
    -0.02783126    -0.02783865     0.00000739
     0.05242606     0.05248207    -0.00005601
    -0.01938621    -0.01941094     0.00002473
    -0.02884363    -0.02883767    -0.00000596
    -0.01248638    -0.01249178     0.00000540
    -0.01505141    -0.01517752     0.00012611
    -0.02374395    -0.02373279    -0.00001116
    -0.01789445    -0.01793674     0.00004229
     0.00491857     0.00491456     0.00000400
     0.04809811     0.04813857    -0.00004046
    -0.01638887    -0.01640302     0.00001415
    -0.01489086    -0.01489411     0.00000325
    -0.00795533    -0.00778763    -0.00016770
    -0.01268151    -0.01268862     0.00000711
     0.00116165     0.00116382    -0.00000217
    -0.03056299    -0.03059679     0.00003380
    -0.01789720    -0.01790503     0.00000783
    -0.00082622    -0.00081810    -0.00000812
    -0.02147367    -0.02145733    -0.00001635
     0.01642659     0.01642389     0.00000269
    -0.00245368    -0.00245343    -0.00000025
    -0.01893366    -0.01891350    -0.00002015
    -0.01287428    -0.01288340     0.00000913
     0.06080115     0.06078727     0.00001388
     0.05047788     0.05051703    -0.00003915
     0.00188278     0.00185777     0.00002501
     0.04510255     0.04501613     0.00008642
    -0.03132578    -0.03135379     0.00002802
    -0.00963316    -0.00962348    -0.00000968
    -0.03513768    -0.03515378     0.00001610
    -0.01306476    -0.01307613     0.00001138
     0.02515927     0.02513288     0.00002639
    -0.02763022    -0.02760361    -0.00002661
     0.05274549     0.05274758    -0.00000209
     0.03525537     0.03529942    -0.00004405
    -0.02706717    -0.02704135    -0.00002582
    -0.03765770    -0.03763942    -0.00001828
    -0.01325344    -0.01326678     0.00001334
     0.00058551     0.00062574    -0.00004023
     0.01010669     0.01011316    -0.00000647
    -0.02529900    -0.02531288     0.00001388
     0.05648643     0.05650657    -0.00002014
    -0.03537888    -0.03540796     0.00002908
    -0.02683851    -0.02684822     0.00000971
     0.02030190     0.02023850     0.00006340
     0.03474176     0.03476451    -0.00002276
    -0.00887733    -0.00888765     0.00001031
     0.03534838     0.03528261     0.00006577
     0.05478169     0.05478444    -0.00000275
    -0.03088201    -0.03088251     0.00000050
    -0.00114987    -0.00119548     0.00004560
    -0.03568515    -0.03567030    -0.00001485
    -0.03117644    -0.03112478    -0.00005166
    -0.02619991    -0.02618300    -0.00001691
     0.04772572     0.04772026     0.00000547
    -0.01968295    -0.01969314     0.00001019
    -0.01421770    -0.01414518    -0.00007252
    -0.01584750    -0.01584644    -0.00000106
     0.06033891     0.06024474     0.00009417
    -0.02308347    -0.02317195     0.00008847
     0.05390684     0.05397688    -0.00007003
     0.05203029     0.05203818    -0.00000789
    -0.02366144    -0.02373260     0.00007115
     0.04616531     0.04612756     0.00003776
     0.04715559     0.04715977    -0.00000418
    -0.02605866    -0.02606765     0.00000899
    -0.02438420    -0.02440622     0.00002202
     0.04762423     0.04765637    -0.00003214
    -0.02729327    -0.02728329    -0.00000998
    -0.02876611    -0.02877627     0.00001017
     0.03698800     0.03704443    -0.00005643
    -0.02764584    -0.02768565     0.00003981
    -0.02415280    -0.02414998    -0.00000282
     0.04791702     0.04791547     0.00000155
     0.04562843     0.04560929     0.00001914
     0.05745499     0.05738770     0.00006730
    -0.05612806    -0.05613510     0.00000705
    -0.01365944    -0.01368898     0.00002955
     0.02416967     0.02414139     0.00002828
     0.02781635     0.02780246     0.00001389
     0.02844393     0.02848669    -0.00004276
     0.00018689     0.00025121    -0.00006433
    -0.04336621    -0.04340088     0.00003467
     0.02403500     0.02406031    -0.00002531
     0.02366060     0.02362817     0.00003243
     0.00257958     0.00255884     0.00002074
    -0.01260559    -0.01263630     0.00003070
    -0.03566161    -0.03570527     0.00004366
     0.00565953     0.00567872    -0.00001918
    -0.00341500    -0.00339968    -0.00001532
     0.00696658     0.00697122    -0.00000464
    -0.03592861    -0.03593974     0.00001113
     0.01815666     0.01812391     0.00003275
    -0.01159728    -0.01162770     0.00003042
     0.01969492     0.01974836    -0.00005344
     0.01786659     0.01787989    -0.00001331
     0.02168530     0.02163790     0.00004739
    -0.03977635    -0.03986320     0.00008685
     0.01863370     0.01869809    -0.00006439
    -0.01063465    -0.01066338     0.00002873
     0.02692278     0.02691261     0.00001017
     0.01385386     0.01382301     0.00003085
     0.00243776     0.00239878     0.00003898
    -0.00244478    -0.00254172     0.00009694
    -0.00971757    -0.00974340     0.00002584
     0.02378496     0.02379880    -0.00001384
     0.01691569     0.01684692     0.00006877
    -0.00884558    -0.00886770     0.00002212
    -0.03719318    -0.03719577     0.00000259
    -0.00514467    -0.00514069    -0.00000397
     0.02251331     0.02252737    -0.00001406
     0.02264488     0.02247463     0.00017025
     0.02102912     0.02108733    -0.00005821
    -0.00801868    -0.00803606     0.00001738
     0.01863098     0.01864360    -0.00001261
     0.02252071     0.02258252    -0.00006180
     0.01091340     0.01099529    -0.00008189
     0.02604075     0.02603414     0.00000661
     0.01151681     0.01151589     0.00000092
     0.02218237     0.02213086     0.00005151
     0.02730102     0.02741292    -0.00011190
     0.00877611     0.00880356    -0.00002745
     0.02277590     0.02268451     0.00009140
     0.01940727     0.01941879    -0.00001152
     0.02517029     0.02516707     0.00000321
     0.02338666     0.02346723    -0.00008057
    -0.03900845    -0.03904293     0.00003448
     0.01612130     0.01608094     0.00004037
     0.02019518     0.02020548    -0.00001031
    -0.04136716    -0.04130866    -0.00005850
     0.00124054     0.00124511    -0.00000457
     0.02431166     0.02431145     0.00000021
    -0.03641681    -0.03643537     0.00001856
     0.02099500     0.02100368    -0.00000868
     0.02346487     0.02346728    -0.00000241
     0.02180642     0.02181338    -0.00000697
     0.01665995     0.01659982     0.00006013
     0.02262981     0.02263458    -0.00000478
    -0.03806451    -0.03805016    -0.00001435
     0.01610792     0.01607392     0.00003399
     0.01906628     0.01911068    -0.00004439
     0.01704521     0.01709086    -0.00004565
    -0.03394400    -0.03393132    -0.00001268
    -0.01055323    -0.01053553    -0.00001770
     0.02742818     0.02734635     0.00008183
    -0.00186657    -0.00186245    -0.00000412
     0.01181475     0.01184323    -0.00002848
     0.01619069     0.01620361    -0.00001292
     0.02401486     0.02400445     0.00001042
     0.00832649     0.00835898    -0.00003248
     0.00937889     0.00943926    -0.00006037
     0.01672994     0.01683029    -0.00010035
    -0.01821892    -0.01781019    -0.00040873
    -0.04378470    -0.04377684    -0.00000786
     0.01868138     0.01861949     0.00006189
    -0.03719258    -0.03718748    -0.00000509
     0.00241939     0.00235976     0.00005963
     0.01679454     0.01678759     0.00000695
     0.01581324     0.01588700    -0.00007375
     0.02199358     0.02203558    -0.00004200
     0.00752841     0.00753899    -0.00001058
     0.01998791     0.02005512    -0.00006721
     0.00590977     0.00585827     0.00005150
     0.01338019     0.01349696    -0.00011677
     0.01132671     0.01128345     0.00004326
     0.01658580     0.01653300     0.00005281
     0.01290941     0.01297105    -0.00006164
     0.01903246     0.01894048     0.00009198
     0.00582389     0.00581384     0.00001005
     0.01959133     0.01971463    -0.00012331
     0.02472579     0.02474224    -0.00001645
     0.01429022     0.01424063     0.00004959
     0.01349320     0.01349758    -0.00000438
     0.02201831     0.02209763    -0.00007932
     0.01791775     0.01776662     0.00015112
     0.01786917     0.01776184     0.00010733
     0.00805579     0.00807622    -0.00002042
    -0.01444914    -0.01439105    -0.00005809
    -0.01651342    -0.01651352     0.00000010
    -0.01651369    -0.01651352    -0.00000017
     0.00274019     0.00277636    -0.00003618
    -0.01057690    -0.01060360     0.00002670
    -0.00617538    -0.00617679     0.00000142
    -0.02949703    -0.02949866     0.00000162
    -0.00599236    -0.00599881     0.00000645
    -0.01037418    -0.01038881     0.00001463
    -0.00801764    -0.00803502     0.00001737
     0.01981735     0.01980891     0.00000844
    -0.00723017    -0.00725096     0.00002079
     0.00474890     0.00476164    -0.00001273
    -0.01094752    -0.01097793     0.00003041
    -0.00794532    -0.00797457     0.00002926
    -0.01083484    -0.01085348     0.00001864
    -0.01028207    -0.01030867     0.00002660
    -0.00795430    -0.00797601     0.00002172
    -0.00782316    -0.00783734     0.00001418
     0.03046541     0.03045926     0.00000615
     0.01598206     0.01599083    -0.00000877
     0.01057658     0.01056624     0.00001034
    -0.00876667    -0.00877842     0.00001175
    -0.00876694    -0.00877842     0.00001148
    -0.00793721    -0.00795047     0.00001327
    -0.01048574    -0.01049422     0.00000847
    -0.00654739    -0.00655175     0.00000437
     0.01584560     0.01587558    -0.00002999
    -0.00405031    -0.00404242    -0.00000789
    -0.00655792    -0.00656303     0.00000511
    -0.00646311    -0.00646425     0.00000113
     0.00419627     0.00402796     0.00016831
    -0.00702587    -0.00705594     0.00003007
    -0.00832358    -0.00834691     0.00002333
    -0.00944453    -0.00946803     0.00002350
    -0.00493487    -0.00494656     0.00001169
    -0.00736414    -0.00736327    -0.00000086
    -0.00672086    -0.00672235     0.00000149
    -0.01022517    -0.01023507     0.00000990
    -0.00798447    -0.00799045     0.00000598
     0.01732097     0.01735095    -0.00002998
     0.01131795     0.01132121    -0.00000326
    -0.00851882    -0.00852654     0.00000771
    -0.01671179    -0.01671706     0.00000527
    -0.01029507    -0.01030262     0.00000754
    -0.00430601    -0.00433922     0.00003321
    -0.02179814    -0.02180303     0.00000489
    -0.01481480    -0.01481631     0.00000150
    -0.00744512    -0.00744700     0.00000188
    -0.01221682    -0.01222238     0.00000555
    -0.01221682    -0.01222238     0.00000555
    -0.01084537    -0.01085925     0.00001388
    -0.00771429    -0.00771113    -0.00000317
    -0.00949332    -0.00950075     0.00000743
    -0.01325404    -0.01326343     0.00000939
     0.02332116     0.02333459    -0.00001342
    -0.00903168    -0.00904387     0.00001219
     0.00130111     0.00131714    -0.00001603
     0.00984029     0.00980717     0.00003312
    -0.01577618    -0.01573336    -0.00004282
    -0.00846625    -0.00846960     0.00000335
     0.01878179     0.01875229     0.00002950
    -0.00888648    -0.00888085    -0.00000562
     0.01749151     0.01748736     0.00000414
    -0.00780847    -0.00780644    -0.00000203
    -0.00579676    -0.00588552     0.00008876
    -0.01551645    -0.01551577    -0.00000068
    -0.01229566    -0.01228682    -0.00000884
    -0.01394788    -0.01395188     0.00000401
    -0.00837104    -0.00835995    -0.00001109
     0.01316808     0.01313657     0.00003151
    -0.00840990    -0.00840015    -0.00000975
    -0.01583284    -0.01582854    -0.00000430
    -0.01109977    -0.01109407    -0.00000570
    -0.01510531    -0.01510322    -0.00000209
    -0.00865929    -0.00865039    -0.00000890
    -0.00217457    -0.00218484     0.00001027
     0.02730608     0.02711161     0.00019448
    -0.01532254    -0.01531558    -0.00000696
    -0.01073367    -0.01072475    -0.00000892
    -0.02764429    -0.02764096    -0.00000333
    -0.01526687    -0.01526203    -0.00000484
    -0.02379856    -0.02380433     0.00000577
     0.01105969     0.01103933     0.00002036
    -0.01374238    -0.01373037    -0.00001201
    -0.02578072    -0.02578183     0.00000111
    -0.01119615    -0.01118235    -0.00001380
    -0.02538428    -0.02538360    -0.00000068
     0.02454941     0.02454628     0.00000312
    -0.01445376    -0.01443719    -0.00001658
    -0.01145975    -0.01143841    -0.00002134
    -0.00852312    -0.00849351    -0.00002961
    -0.01395838    -0.01393682    -0.00002156
    -0.01107365    -0.01105249    -0.00002115
     0.01330242     0.01328139     0.00002104
     0.01932487     0.01934384    -0.00001897
    -0.00419197    -0.00420690     0.00001494
     0.00169796     0.00168295     0.00001501
     0.01246973     0.01246374     0.00000599
     0.01531857     0.01538692    -0.00006835
     0.01767692     0.01771698    -0.00004006
    -0.03156026    -0.03173162     0.00017137
     0.00540938     0.00539584     0.00001354
    -0.03571492    -0.03570687    -0.00000805
     0.03562354     0.03557882     0.00004473
    -0.02961217    -0.02966339     0.00005123
     0.01667990     0.01670647    -0.00002657
    -0.01262135    -0.01260250    -0.00001885
     0.03224960     0.03216322     0.00008638
     0.00421855     0.00418703     0.00003153
    -0.01105008    -0.01105441     0.00000433
     0.02758935     0.02759639    -0.00000704
     0.02362163     0.02354928     0.00007235
    -0.03891650    -0.03890807    -0.00000843
     0.03236816     0.03235079     0.00001737
     0.02867261     0.02866661     0.00000600
    -0.00209245    -0.00208330    -0.00000915
     0.02642392     0.02635333     0.00007059
     0.01973557     0.01966208     0.00007350
    -0.02247856    -0.02247668    -0.00000188
     0.00737622     0.00730590     0.00007031
    -0.02254278    -0.02247245    -0.00007034
     0.00861395     0.00862978    -0.00001583
     0.02680221     0.02682363    -0.00002142
    -0.01543770    -0.01544815     0.00001045
     0.04146887     0.04151764    -0.00004877
     0.05068028     0.05069987    -0.00001959
     0.01331020     0.01332390    -0.00001369
     0.03245361     0.03252456    -0.00007096
    -0.01665949    -0.01663637    -0.00002312
    -0.02598238    -0.02599625     0.00001387
     0.01666836     0.01669252    -0.00002416
     0.03278371     0.03278681    -0.00000310
     0.02576148     0.02578373    -0.00002225
    -0.01994097    -0.01994241     0.00000144
    -0.04021418    -0.04024157     0.00002739
    -0.02383761    -0.02388675     0.00004914
    -0.02854042    -0.02859281     0.00005239
     0.01140372     0.01144816    -0.00004444
    -0.02223508    -0.02225013     0.00001505
    -0.02411974    -0.02411521    -0.00000452
    -0.03462975    -0.03462635    -0.00000341
    -0.03462948    -0.03462635    -0.00000313
    -0.02364912    -0.02363628    -0.00001284
    -0.02754990    -0.02756314     0.00001325
     0.03440205     0.03444534    -0.00004329
    -0.02154682    -0.02152370    -0.00002312
     0.02625140     0.02628278    -0.00003138
     0.02866839     0.02867636    -0.00000797
     0.00587728     0.00602325    -0.00014597
     0.03643583     0.03643531     0.00000052
     0.02768056     0.02768623    -0.00000567
    -0.06052406    -0.06054001     0.00001596
     0.02790675     0.02794027    -0.00003352
    -0.00067710    -0.00070807     0.00003097
    -0.02297525    -0.02299587     0.00002062
    -0.02911967    -0.02913416     0.00001449
     0.02348000     0.02347542     0.00000458
    -0.02240768    -0.02240770     0.00000002
    -0.02888276    -0.02886721    -0.00001556
    -0.03092664    -0.03094933     0.00002269
    -0.03210171    -0.03207016    -0.00003155
     0.02471526     0.02466340     0.00005186
     0.01633807     0.01627752     0.00006055
     0.02425329     0.02425306     0.00000023
    -0.03069156    -0.03070954     0.00001798
    -0.02089843    -0.02089968     0.00000125
    -0.02089815    -0.02089968     0.00000153
     0.02736271     0.02739889    -0.00003618
    -0.02647208    -0.02646448    -0.00000760
    -0.02761850    -0.02761482    -0.00000367
    -0.04656203    -0.04655183    -0.00001020
    -0.03226533    -0.03228957     0.00002424
     0.04305285     0.04297858     0.00007427
    -0.04353865    -0.04354607     0.00000742
     0.04152409     0.04150508     0.00001900
    -0.02251345    -0.02252883     0.00001538
    -0.02700880    -0.02700711    -0.00000169
    -0.04490042    -0.04490403     0.00000361
    -0.05926243    -0.05927949     0.00001706
    -0.03384079    -0.03387454     0.00003375
    -0.02532849    -0.02534036     0.00001186
    -0.03593851    -0.03594024     0.00000173
    -0.03593843    -0.03594024     0.00000181
     0.02262597     0.02261788     0.00000809
    -0.02895049    -0.02894258    -0.00000791
    -0.03541747    -0.03546480     0.00004733
    -0.03712074    -0.03706073    -0.00006001
    -0.04027146    -0.04027122    -0.00000024
    -0.03869628    -0.03866273    -0.00003355
    -0.03218884    -0.03217620    -0.00001264
    -0.03244220    -0.03245592     0.00001372
     0.04130144     0.04130822    -0.00000678
    -0.03725598    -0.03726004     0.00000406
    -0.03196639    -0.03197249     0.00000610
    -0.03396566    -0.03395445    -0.00001121
    -0.03129701    -0.03130789     0.00001088
    -0.03857840    -0.03858168     0.00000328
    -0.03857840    -0.03858168     0.00000328
    -0.03990270    -0.03990191    -0.00000079
     0.02487306     0.02492297    -0.00004991
     0.03325776     0.03321858     0.00003918
     0.02086082     0.02082302     0.00003780
     0.03145789     0.03149501    -0.00003712
     0.03471724     0.03474360    -0.00002636
     0.01915045     0.01918328    -0.00003283
     0.03052331     0.03051572     0.00000759
    -0.02447749    -0.02449859     0.00002111
     0.03004363     0.03004175     0.00000188
     0.02170652     0.02171877    -0.00001225
     0.03157378     0.03156424     0.00000954
     0.03207817     0.03202906     0.00004911
     0.03021931     0.03023739    -0.00001808
    -0.02210452    -0.02209753    -0.00000698
    -0.02896932    -0.02895846    -0.00001087
     0.02764671     0.02771128    -0.00006457
     0.05616743     0.05616219     0.00000524
    -0.01293344    -0.01292851    -0.00000492
     0.03123388     0.03123449    -0.00000061
     0.02122581     0.02121112     0.00001468
     0.03990411     0.03980147     0.00010264
    -0.03256680    -0.03329791     0.00073111
    -0.01753423    -0.01758272     0.00004850
     0.02230871     0.02228768     0.00002103
    -0.02600962    -0.02603051     0.00002089
     0.02653472     0.02655454    -0.00001982
     0.01564187     0.01564676    -0.00000489
     0.03098936     0.03096232     0.00002704
    -0.02628794    -0.02609582    -0.00019213
     0.00171655     0.00170832     0.00000823
    -0.01610688    -0.01608873    -0.00001815
     0.03630557     0.03635383    -0.00004827
     0.02651505     0.02655215    -0.00003710
     0.02124412     0.02121487     0.00002925
     0.02546757     0.02545120     0.00001637
     0.01937432     0.01931030     0.00006402
     0.01972975     0.01972467     0.00000508
     0.02674313     0.02665165     0.00009148
    -0.03746532    -0.03756012     0.00009481
    -0.03311087    -0.03310463    -0.00000624
     0.02115274     0.02113968     0.00001306
    -0.01988826    -0.01992869     0.00004043
     0.01896419     0.01892815     0.00003604
     0.04663828     0.04664889    -0.00001061
    -0.03589753    -0.03588099    -0.00001654
    -0.01960295    -0.01956801    -0.00003494
    -0.01222575    -0.01221355    -0.00001220
     0.03633047     0.03631023     0.00002024
     0.03453636     0.03457569    -0.00003933
     0.01436361     0.01437595    -0.00001234
     0.01586666     0.01583047     0.00003619
     0.03518381     0.03515796     0.00002585
     0.03280969     0.03282864    -0.00001895
    -0.04660742    -0.04661218     0.00000477
     0.02306285     0.02304795     0.00001489
    -0.03564686    -0.03568433     0.00003746
    -0.03307843    -0.03308133     0.00000290
     0.02123253     0.02121135     0.00002118
     0.02892734     0.02900062    -0.00007329
     0.03572368     0.03570558     0.00001810
     0.02365214     0.02367759    -0.00002545
     0.03493368     0.03491074     0.00002294
     0.01339891     0.01347350    -0.00007458
     0.03433775     0.03431302     0.00002473
     0.01558385     0.01553211     0.00005174
    -0.01740359    -0.01742572     0.00002213
    -0.01971908    -0.01970371    -0.00001538
     0.04015590     0.04012912     0.00002678
     0.02600728     0.02605251    -0.00004523
     0.02074302     0.02070767     0.00003535
    -0.02076139    -0.02081280     0.00005141
     0.02053766     0.02056120    -0.00002354
     0.03879040     0.03885594    -0.00006554
    -0.02093089    -0.02091723    -0.00001366
     0.01911799     0.01910843     0.00000955
     0.02957298     0.02959449    -0.00002150
     0.02317450     0.02314241     0.00003208
     0.01647992     0.01646295     0.00001698
     0.02582347     0.02583834    -0.00001487
     0.02120053     0.02117666     0.00002386
    -0.02778946    -0.02783079     0.00004132
     0.02606364     0.02603915     0.00002448
     0.01466832     0.01469333    -0.00002501
     0.01971783     0.01968923     0.00002861
     0.03407304     0.03406158     0.00001146
    -0.02819342    -0.02822803     0.00003461
     0.03275783     0.03274030     0.00001752
     0.02287615     0.02289757    -0.00002142
     0.02458451     0.02454550     0.00003901
    -0.02791417    -0.02789313    -0.00002104
     0.02528332     0.02523337     0.00004996
    -0.03271432    -0.03274937     0.00003506
     0.02786748     0.02784941     0.00001807
     0.03294355     0.03291459     0.00002896
    -0.02513951    -0.02512363    -0.00001588
    -0.03469950    -0.03469685    -0.00000265
    -0.03515907    -0.03514083    -0.00001824
    -0.04098878    -0.04100664     0.00001786
    -0.03320965    -0.03320273    -0.00000691
    -0.02740361    -0.02742023     0.00001662
    -0.03530332    -0.03530558     0.00000226
    -0.03530359    -0.03530558     0.00000199
    -0.00568634    -0.00567481    -0.00001153
    -0.00344363    -0.00354431     0.00010068
     0.00234097     0.00239298    -0.00005201
     0.00240502     0.00241684    -0.00001181
    -0.00084589    -0.00075561    -0.00009029
     0.00863423     0.00859411     0.00004012
    -0.01458060    -0.01465414     0.00007354
     0.00184871     0.00182852     0.00002019
    -0.02570056    -0.02571834     0.00001778
     0.00483247     0.00486518    -0.00003271
     0.00159157     0.00154999     0.00004157
    -0.00718898    -0.00725531     0.00006633
    -0.00725039    -0.00723244    -0.00001795
    -0.00891056    -0.00891586     0.00000530
     0.00353636     0.00358408    -0.00004771
    -0.04693110    -0.04813118     0.00120008
     0.00693537     0.00697435    -0.00003898
     0.00225460     0.00225760    -0.00000300
    -0.00001820    -0.00003115     0.00001295
    -0.00611875    -0.00613039     0.00001163
     0.01073010     0.01067418     0.00005592
     0.00197653     0.00196347     0.00001306
    -0.02529848    -0.02533642     0.00003794
     0.00237408     0.00233211     0.00004198
     0.00211190     0.00210648     0.00000542
    -0.00551997    -0.00549041    -0.00002956
     0.00974742     0.00957044     0.00017697
    -0.02126499    -0.02128894     0.00002395
    -0.03482625    -0.03484441     0.00001816
    -0.00432302    -0.00440317     0.00008015
    -0.00522927    -0.00528954     0.00006027
    -0.03334119    -0.03334848     0.00000729
    -0.02008116    -0.02006922    -0.00001194
    -0.01243386    -0.01241019    -0.00002367
    -0.00127526    -0.00130762     0.00003236
    -0.00153959    -0.00148913    -0.00005046
     0.00494888     0.00495434    -0.00000546
    -0.01455004    -0.01451449    -0.00003555
    -0.00300215    -0.00290118    -0.00010097
    -0.01683343    -0.01688805     0.00005462
     0.00091017     0.00086765     0.00004252
    -0.03577168    -0.03576514    -0.00000654
    -0.03579922    -0.03579320    -0.00000601
    -0.00132133    -0.00135621     0.00003488
     0.00770115     0.00765938     0.00004177
     0.00338110     0.00341329    -0.00003220
    -0.00203340    -0.00206834     0.00003494
     0.02787077     0.02785480     0.00001597
    -0.00183791    -0.00178238    -0.00005553
    -0.00597548    -0.00601125     0.00003577
     0.00250870     0.00247289     0.00003581
     0.01868532     0.01871586    -0.00003054
    -0.01041053    -0.01049151     0.00008098
    -0.01866935    -0.01868811     0.00001875
     0.01781962     0.01783164    -0.00001202
     0.01777524     0.01773594     0.00003930
    -0.02126641    -0.02122260    -0.00004381
    -0.02050119    -0.02053931     0.00003812
    -0.03502875    -0.03502929     0.00000054
    -0.00335699    -0.00340027     0.00004328
     0.00322869     0.00324615    -0.00001747
     0.00264650     0.00261854     0.00002796
    -0.00576802    -0.00572809    -0.00003993
    -0.00301742    -0.00279915    -0.00021827
    -0.03123679    -0.03124086     0.00000406
     0.01052142     0.01041385     0.00010757
     0.00307891     0.00308290    -0.00000398
    -0.03125824    -0.03126362     0.00000539
     0.00346273     0.00360194    -0.00013921
     0.00999066     0.01000373    -0.00001307
    -0.01969770    -0.01973260     0.00003490
     0.00278748     0.00276888     0.00001860
     0.00293184     0.00292374     0.00000810
    -0.01818344    -0.01815596    -0.00002747
    -0.03150363    -0.03152144     0.00001782
    -0.01190906    -0.01190354    -0.00000552
     0.01704578     0.01697257     0.00007322
    -0.00598887    -0.00600352     0.00001465
    -0.03468137    -0.03468394     0.00000257
    -0.00755100    -0.00759766     0.00004666
    -0.02254667    -0.02255762     0.00001094
    -0.00217416    -0.00219828     0.00002412
     0.00662483     0.00657262     0.00005221
     0.03497964     0.03497896     0.00000068
    -0.03240533    -0.03240941     0.00000408
    -0.01491089    -0.01488298    -0.00002791
    -0.03242824    -0.03243351     0.00000526
    -0.03355613    -0.03356084     0.00000471
    -0.03358046    -0.03358627     0.00000582
     0.00323508     0.00313557     0.00009951
     0.00578435     0.00577089     0.00001346
    -0.00060181    -0.00052461    -0.00007720
    -0.04753922    -0.04754913     0.00000991
    -0.03519649    -0.03526586     0.00006937
    -0.00070140    -0.00070195     0.00000055
    -0.00507933    -0.00505937    -0.00001996
     0.00194629     0.00196576    -0.00001946
     0.01850513     0.01852102    -0.00001589
    -0.00355315    -0.00354227    -0.00001089
    -0.00280389    -0.00284632     0.00004243
    -0.00120819    -0.00130639     0.00009820
    -0.00120819    -0.00130639     0.00009820
    -0.00289834    -0.00293443     0.00003609
    -0.00351160    -0.00350172    -0.00000988
    -0.00241123    -0.00246137     0.00005015
    -0.00294016    -0.00297288     0.00003271
    -0.00394927    -0.00393559    -0.00001368
    -0.00390347    -0.00386971    -0.00003376
    -0.00351606    -0.00350217    -0.00001390
    -0.00244704    -0.00246467     0.00001763
     0.00146795     0.00148907    -0.00002112
    -0.00962880    -0.00965752     0.00002871
    -0.00245675    -0.00247251     0.00001576
    -0.00257003    -0.00253588    -0.00003415
    -0.00434691    -0.00425492    -0.00009199
    -0.00347993    -0.00342415    -0.00005577
    -0.01404056    -0.01407568     0.00003512
    -0.00378489    -0.00378942     0.00000454
     0.01133520     0.01132050     0.00001470
    -0.00344725    -0.00342485    -0.00002240
    -0.00317995    -0.00318977     0.00000982
    -0.00269148    -0.00272809     0.00003661
    -0.00306022    -0.00299556    -0.00006466
    -0.00281317    -0.00285830     0.00004514
    -0.00249449    -0.00251976     0.00002527
     0.00131964     0.00133499    -0.00001535
     0.00091672     0.00091207     0.00000465
    -0.00267717    -0.00271440     0.00003724
     0.00122851     0.00124070    -0.00001219
     0.00099308     0.00099379    -0.00000071
     0.00114900     0.00115816    -0.00000915
     0.00114835     0.00115781    -0.00000946
    -0.00276800    -0.00269453    -0.00007346
    -0.00314915    -0.00316946     0.00002032
    -0.00256753    -0.00258790     0.00002037
    -0.00279763    -0.00284469     0.00004706
    -0.00263156    -0.00260279    -0.00002877
    -0.00263926    -0.00260820    -0.00003106
    -0.00319407    -0.00321752     0.00002344
    -0.00262587    -0.00266394     0.00003807
    -0.00259910    -0.00263555     0.00003645
     0.00330085     0.00339015    -0.00008930
     0.01141226     0.01144039    -0.00002813
     0.00895793     0.00889317     0.00006476
    -0.00364665    -0.00365095     0.00000430
    -0.00199201    -0.00193072    -0.00006129
    -0.00199201    -0.00193072    -0.00006129
    -0.00358213    -0.00357979    -0.00000235
    -0.00265172    -0.00268577     0.00003405
    -0.00315358    -0.00315946     0.00000588
    -0.00081074    -0.00085636     0.00004562
    -0.00271221    -0.00275659     0.00004437
    -0.00273932    -0.00274269     0.00000337
    -0.00273959    -0.00274269     0.00000310
    -0.00257597    -0.00254052    -0.00003544
    -0.00257597    -0.00254052    -0.00003545
     0.00492719     0.00493256    -0.00000537
    -0.00261063    -0.00258222    -0.00002841
    -0.00351892    -0.00351569    -0.00000323
    -0.00296321    -0.00292075    -0.00004246
    -0.00321677    -0.00323882     0.00002205
     0.00236396     0.00236835    -0.00000439
    -0.00264465    -0.00262322    -0.00002143
     0.00456678     0.00456605     0.00000072
    -0.00285145    -0.00289037     0.00003891
    -0.00308757    -0.00310268     0.00001511
    -0.00346673    -0.00347556     0.00000883
    -0.00288784    -0.00288995     0.00000212
    -0.00306397    -0.00308063     0.00001666
    -0.00293750    -0.00295346     0.00001596
    -0.00332316    -0.00330311    -0.00002006
    -0.00271240    -0.00270275    -0.00000966
    -0.00311361    -0.00314188     0.00002827
    -0.00300240    -0.00298063    -0.00002176
    -0.00291763    -0.00291995     0.00000231
     0.03424629     0.03423769     0.00000860
    -0.00324398    -0.00322283    -0.00002114
    -0.00303366    -0.00306333     0.00002967
    -0.00217294    -0.00214555    -0.00002739
    -0.00217294    -0.00214555    -0.00002739
    -0.00307551    -0.00307461    -0.00000090
    -0.00342896    -0.00343368     0.00000472
     0.02777325     0.02777770    -0.00000446
    -0.00335032    -0.00335849     0.00000817
    -0.00262895    -0.00264636     0.00001741
    -0.00262895    -0.00264636     0.00001741
    -0.00296310    -0.00297690     0.00001380
    -0.00307834    -0.00308512     0.00000677
     0.00579853     0.00578823     0.00001030
    -0.00330665    -0.00330999     0.00000335
    -0.00316466    -0.00316723     0.00000258
    -0.00234271    -0.00234249    -0.00000022
    -0.00234271    -0.00234249    -0.00000022
    -0.00249928    -0.00251194     0.00001265
    -0.00249928    -0.00251194     0.00001265
     0.00297902     0.00301760    -0.00003858
     0.00269069     0.00269045     0.00000024
     0.01771992     0.01773528    -0.00001536
    -0.00131684    -0.00138310     0.00006626
    -0.00035742    -0.00041588     0.00005846
    -0.00095049    -0.00100887     0.00005837
    -0.00961487    -0.00962251     0.00000764
    -0.00047582    -0.00053911     0.00006329
     0.02001585     0.01999804     0.00001781
    -0.00098432    -0.00104530     0.00006099
    -0.00128255    -0.00135282     0.00007026
    -0.00113828    -0.00120240     0.00006412
    -0.00774197    -0.00774810     0.00000614
    -0.00136468    -0.00143960     0.00007492
    -0.00144209    -0.00152305     0.00008095
    -0.00102946    -0.00109074     0.00006128
     0.04744308     0.04741759     0.00002549
    -0.02068944    -0.02074094     0.00005149
    -0.00981879    -0.00982699     0.00000820
    -0.00952782    -0.00954044     0.00001262
     0.04726871     0.04726903    -0.00000032
     0.05296786     0.05295451     0.00001335
    -0.00117882    -0.00124696     0.00006813
    -0.00122666    -0.00129736     0.00007070
    -0.00104519    -0.00110932     0.00006413
    -0.01192327    -0.01195522     0.00003195
     0.04154210     0.04155271    -0.00001061
    -0.00112642    -0.00119400     0.00006759
    -0.01722821    -0.01718311    -0.00004509
    -0.00126288    -0.00133672     0.00007384
    -0.00114748    -0.00121697     0.00006950
    -0.00131279    -0.00139116     0.00007837
    -0.00131396    -0.00139181     0.00007785
    -0.00647990    -0.00647902    -0.00000088
    -0.00108029    -0.00114909     0.00006880
    -0.00932434    -0.00933688     0.00001255
    -0.02273764    -0.02272450    -0.00001314
    -0.01528200    -0.01531076     0.00002876
    -0.03335351    -0.03335227    -0.00000124
    -0.00691052    -0.00690189    -0.00000863
    -0.00124405    -0.00132125     0.00007720
     0.02376681     0.02378254    -0.00001574
    -0.01162397    -0.01162886     0.00000489
     0.02843057     0.02841093     0.00001963
    -0.02503295    -0.02498224    -0.00005071
    -0.00709131    -0.00708744    -0.00000387
    -0.01010873    -0.01012287     0.00001414
    -0.00119613    -0.00127337     0.00007724
    -0.01108249    -0.01109989     0.00001740
    -0.00646798    -0.00647502     0.00000704
    -0.03433086    -0.03430981    -0.00002105
     0.04410914     0.04409736     0.00001178
    -0.00661419    -0.00661980     0.00000561
    -0.00789794    -0.00790544     0.00000750
    -0.00702680    -0.00701625    -0.00001054
    -0.01649824    -0.01656750     0.00006926
     0.04527621     0.04531023    -0.00003402
    -0.03938783    -0.03937897    -0.00000886
    -0.01308639    -0.01310953     0.00002314
    -0.01208904    -0.01210305     0.00001401
    -0.00820505    -0.00819433    -0.00001072
    -0.00637976    -0.00639104     0.00001127
    -0.00794172    -0.00795417     0.00001245
     0.04266253     0.04269138    -0.00002885
     0.03810435     0.03792689     0.00017746
     0.00309274     0.00308683     0.00000591
     0.04618899     0.04625066    -0.00006167
    -0.00997798    -0.00997648    -0.00000150
    -0.01211886    -0.01213049     0.00001162
    -0.01211886    -0.01213049     0.00001162
    -0.03430373    -0.03431807     0.00001434
    -0.01099971    -0.01099251    -0.00000721
     0.00816872     0.00816141     0.00000731
    -0.01011202    -0.01010609    -0.00000593
    -0.00695749    -0.00696700     0.00000951
    -0.01110118    -0.01106745    -0.00003374
    -0.01951658    -0.01953515     0.00001857
    -0.00853839    -0.00850870    -0.00002969
    -0.00864925    -0.00862051    -0.00002874
    -0.02436752    -0.02436804     0.00000051
    -0.01132573    -0.01130320    -0.00002253
    -0.01132573    -0.01130320    -0.00002253
    -0.01992652    -0.01998200     0.00005549
    -0.00881687    -0.00879537    -0.00002150
    -0.01402132    -0.01402500     0.00000368
    -0.01357987    -0.01357051    -0.00000936
     0.03720613     0.03712638     0.00007975
     0.03762962     0.03758077     0.00004885
    -0.03615060    -0.03618174     0.00003114
    -0.02020007    -0.02023126     0.00003119
    -0.01334618    -0.01331467    -0.00003151
    -0.01731229    -0.01734226     0.00002997
     0.04699355     0.04696336     0.00003019
    -0.03443312    -0.03444272     0.00000959
    -0.03185000    -0.03184702    -0.00000298
     0.03303740     0.03305323    -0.00001583
    -0.01804548    -0.01807828     0.00003280
     0.02081181     0.02077778     0.00003404
     0.05077204     0.05079982    -0.00002778
    -0.01702682    -0.01700457    -0.00002225
    -0.05031954    -0.05029680    -0.00002275
     0.01607913     0.01609782    -0.00001870
    -0.02464103    -0.02416634    -0.00047468
     0.00006279     0.00003689     0.00007856     0.00021949     0.00120008
