                  2.16001774244163335936
                  1.17045386640698345637
                  0.82649636119123393030
                  0.48205850374619474419
                 -0.47303159364011532206
                  0.32880977175154962877
                  0.19508757614632343813
                  0.00549636447166458163
                 -0.29324594900293315947
                 -0.41882448611393752191
                  0.37580109743807582623
                 -0.94357226841234143055
                  0.98562926252597204968
                  1.56294338165759172377
                  1.34301513994587828904
                  1.51411118154943191705
                  1.35827864601898662400
                 -1.24444091370322129642
                  0.92068339008826283187
                 -0.89744153442582963454
                 -0.33850744221591400063
                 -0.23564686340225401984
                  0.16069475240491803980
                 -0.25648041474674487805
                 -0.39147779803730420323
                  0.71899617873990007144
                 -0.74439462048639659653
                  0.85201861303883064114
                  1.40725991169359843092
                 -1.65163355319461757631
                  0.51132755169018917485
