    -0.00103343    -0.00121120     0.00017776
    -0.00747023    -0.00750992     0.00003969
    -0.00563668    -0.00556184    -0.00007484
    -0.00095749    -0.00107724     0.00011975
    -0.00051163    -0.00049402    -0.00001761
     0.02273479     0.02276189    -0.00002711
     0.02194552     0.02179838     0.00014714
    -0.02411051    -0.02411166     0.00000115
    -0.01091158    -0.01095593     0.00004435
    -0.00047024    -0.00049786     0.00002762
     0.01570511     0.01584198    -0.00013687
    -0.02315901    -0.02309622    -0.00006279
    -0.03150341    -0.03172960     0.00022619
    -0.00047141    -0.00051293     0.00004152
    -0.01143482    -0.01126381    -0.00017101
    -0.00247240    -0.00250898     0.00003659
    -0.01208986    -0.01215444     0.00006459
    -0.01363641    -0.01354899    -0.00008743
     0.02277601     0.02273567     0.00004034
     0.00002977     0.00009539    -0.00006562
     0.01393147     0.01398021    -0.00004874
    -0.00030360    -0.00026291    -0.00004069
     0.00007391     0.00022618    -0.00015227
     0.00893285     0.00911648    -0.00018363
     0.02382433     0.02377828     0.00004605
     0.01333850     0.01312125     0.00021726
     0.01761858     0.01766538    -0.00004680
    -0.04233945    -0.04231723    -0.00002222
     0.01439341     0.01451898    -0.00012557
     0.02824735     0.02832810    -0.00008074
    -0.00027677    -0.00026636    -0.00001040
     0.00283834     0.00277868     0.00005966
    -0.00417689    -0.00421418     0.00003729
     0.02639518     0.02641869    -0.00002351
    -0.00053179    -0.00054996     0.00001817
    -0.01616269    -0.01600000    -0.00016269
    -0.00479927    -0.00496059     0.00016132
    -0.00048191    -0.00051309     0.00003117
    -0.02854991    -0.02857869     0.00002878
     0.01998067     0.02003269    -0.00005203
     0.01113640     0.01105096     0.00008543
    -0.00666434    -0.00670274     0.00003840
    -0.00051879    -0.00066182     0.00014303
    -0.01757262    -0.01754422    -0.00002840
     0.02201864     0.02192750     0.00009114
    -0.00047721    -0.00048422     0.00000701
    -0.02422047    -0.02428667     0.00006620
     0.01964436     0.01986140    -0.00021704
     0.00225008     0.00230576    -0.00005568
     0.03225586     0.03216198     0.00009388
     0.02913561     0.02916452    -0.00002891
    -0.01619056    -0.01612752    -0.00006304
    -0.00200548    -0.00192168    -0.00008380
    -0.00045595    -0.00049081     0.00003485
     0.01208009     0.01198424     0.00009585
    -0.00896974    -0.00916167     0.00019192
     0.02620465     0.02615887     0.00004578
    -0.00098935    -0.00086223    -0.00012712
    -0.00859779    -0.00869766     0.00009987
     0.03272107     0.03266848     0.00005259
    -0.03343134    -0.03344845     0.00001711
     0.02419492     0.02413018     0.00006474
     0.00007391     0.00022618    -0.00015227
    -0.00065571    -0.00053990    -0.00011581
     0.01074531     0.01081734    -0.00007203
    -0.00058205    -0.00061497     0.00003292
    -0.00084671    -0.00068537    -0.00016134
    -0.03750039    -0.03743923    -0.00006117
     0.01409792     0.01422997    -0.00013205
    -0.02057867    -0.02064078     0.00006212
     0.02537503     0.02541318    -0.00003815
    -0.00045296    -0.00051922     0.00006626
    -0.01578070    -0.01568175    -0.00009895
     0.01248524     0.01254360    -0.00005837
    -0.00284914    -0.00287151     0.00002237
    -0.00600493    -0.00589056    -0.00011437
    -0.00050039    -0.00049061    -0.00000978
    -0.00059745    -0.00055659    -0.00004087
    -0.00019290    -0.00023650     0.00004360
     0.03147427     0.03147415     0.00000011
     0.00795645     0.00792095     0.00003549
    -0.00189810    -0.00206988     0.00017178
     0.03498712     0.03482727     0.00015985
     0.02151101     0.02145869     0.00005232
     0.01645249     0.01640563     0.00004686
     0.02972218     0.02972012     0.00000206
    -0.00037407    -0.00030982    -0.00006426
    -0.00654121    -0.00657716     0.00003595
    -0.00045661    -0.00052960     0.00007300
     0.02942996     0.02947043    -0.00004047
    -0.00057990    -0.00051542    -0.00006449
    -0.00422854    -0.00440514     0.00017659
     0.00193402     0.00202306    -0.00008903
     0.00932221     0.00929782     0.00002439
    -0.01980126    -0.01987076     0.00006950
     0.02062277     0.02068996    -0.00006719
    -0.00179149    -0.00167434    -0.00011715
    -0.00602283    -0.00599960    -0.00002323
    -0.00168770    -0.00164363    -0.00004407
     0.01996570     0.01989682     0.00006888
    -0.00504905    -0.00499932    -0.00004972
    -0.00656624    -0.00644830    -0.00011795
    -0.00377373    -0.00370367    -0.00007006
    -0.01289695    -0.01299402     0.00009708
    -0.00199840    -0.00198404    -0.00001437
    -0.00199840    -0.00198404    -0.00001437
    -0.00199840    -0.00198404    -0.00001437
    -0.00199840    -0.00198404    -0.00001437
    -0.00199813    -0.00198404    -0.00001410
    -0.00199813    -0.00198404    -0.00001410
    -0.00199813    -0.00198404    -0.00001410
    -0.00199813    -0.00198404    -0.00001410
    -0.00199813    -0.00198404    -0.00001410
    -0.00199813    -0.00198404    -0.00001410
    -0.00199813    -0.00198404    -0.00001410
    -0.00199813    -0.00198404    -0.00001410
     0.02287517     0.02296614    -0.00009097
    -0.00401749    -0.00392642    -0.00009107
    -0.00371278    -0.00367950    -0.00003328
    -0.00423755    -0.00419493    -0.00004262
    -0.00366341    -0.00363245    -0.00003096
    -0.00360031    -0.00356739    -0.00003292
     0.02466241     0.02470309    -0.00004067
    -0.00535474    -0.00530627    -0.00004847
    -0.00600618    -0.00592521    -0.00008097
    -0.00345293    -0.00341608    -0.00003685
    -0.00978497    -0.00974356    -0.00004140
    -0.00331184    -0.00327609    -0.00003576
    -0.00814437    -0.00814123    -0.00000314
    -0.00640229    -0.00636104    -0.00004126
    -0.00378622    -0.00371848    -0.00006774
    -0.01449997    -0.01448507    -0.00001490
    -0.00324942    -0.00323409    -0.00001533
    -0.00326196    -0.00325195    -0.00001001
    -0.00570280    -0.00560084    -0.00010196
    -0.00596259    -0.00585769    -0.00010489
    -0.01144544    -0.01140982    -0.00003561
    -0.00646189    -0.00633048    -0.00013141
    -0.00976045    -0.00968963    -0.00007082
    -0.01326027    -0.01322904    -0.00003123
    -0.00369776    -0.00366996    -0.00002779
    -0.00295189    -0.00296383     0.00001194
    -0.00518410    -0.00514652    -0.00003758
    -0.00361367    -0.00359056    -0.00002311
    -0.00386421    -0.00379660    -0.00006761
    -0.00317981    -0.00318109     0.00000128
    -0.00313543    -0.00313931     0.00000388
    -0.00417466    -0.00412693    -0.00004773
    -0.01162019    -0.01156431    -0.00005588
    -0.00351593    -0.00350578    -0.00001014
    -0.00784039    -0.00773797    -0.00010242
    -0.00615600    -0.00605714    -0.00009886
    -0.01331663    -0.01320529    -0.00011134
    -0.00777925    -0.00770302    -0.00007623
    -0.00395591    -0.00388751    -0.00006840
    -0.00475271    -0.00466432    -0.00008840
    -0.00722070    -0.00711629    -0.00010441
    -0.00327339    -0.00327506     0.00000167
    -0.00413349    -0.00403673    -0.00009676
    -0.00375493    -0.00372952    -0.00002540
    -0.00357786    -0.00350999    -0.00006787
    -0.00697896    -0.00687648    -0.00010248
    -0.00404827    -0.00397542    -0.00007285
    -0.00246312    -0.00242407    -0.00003905
    -0.00246285    -0.00242407    -0.00003878
    -0.00246285    -0.00242407    -0.00003878
    -0.00246285    -0.00242407    -0.00003878
    -0.00246285    -0.00242407    -0.00003878
    -0.00246285    -0.00242407    -0.00003878
    -0.00246285    -0.00242407    -0.00003878
    -0.00246285    -0.00242407    -0.00003878
    -0.00246285    -0.00242407    -0.00003878
    -0.00246285    -0.00242407    -0.00003878
    -0.00246285    -0.00242407    -0.00003878
    -0.00246285    -0.00242407    -0.00003878
    -0.00605170    -0.00596282    -0.00008889
    -0.00687790    -0.00675958    -0.00011831
    -0.00381071    -0.00376537    -0.00004534
    -0.00740713    -0.00727946    -0.00012767
    -0.00347228    -0.00344012    -0.00003216
    -0.00728386    -0.00716445    -0.00011941
    -0.00676149    -0.00663902    -0.00012246
    -0.00649710    -0.00638128    -0.00011582
    -0.00663351    -0.00651313    -0.00012038
    -0.00492668    -0.00484111    -0.00008557
    -0.00226807    -0.00224301    -0.00002505
    -0.00226807    -0.00224301    -0.00002505
    -0.00226807    -0.00224301    -0.00002505
    -0.00226780    -0.00224301    -0.00002478
    -0.00226780    -0.00224301    -0.00002478
    -0.00226780    -0.00224301    -0.00002478
    -0.00226780    -0.00224301    -0.00002478
    -0.00226780    -0.00224301    -0.00002478
    -0.00226780    -0.00224301    -0.00002478
    -0.00226780    -0.00224301    -0.00002478
    -0.00226780    -0.00224301    -0.00002478
    -0.00226780    -0.00224301    -0.00002478
    -0.00326392    -0.00324671    -0.00001721
    -0.00454144    -0.00446163    -0.00007982
    -0.00414574    -0.00408946    -0.00005628
    -0.02933287    -0.02919689    -0.00013598
    -0.05325783    -0.05328832     0.00003050
     0.06033891     0.06001564     0.00032327
     0.05203029     0.05207878    -0.00004848
     0.02469017     0.02467863     0.00001154
    -0.03290368    -0.03287171    -0.00003197
    -0.03169354    -0.03173376     0.00004022
    -0.03195262    -0.03186004    -0.00009258
    -0.04179487    -0.04181845     0.00002359
    -0.03662791    -0.03655704    -0.00007087
    -0.05422111    -0.05432549     0.00010438
    -0.02810754    -0.02803122    -0.00007632
    -0.04178006    -0.04176643    -0.00001364
    -0.02668964    -0.02683126     0.00014162
    -0.04171372    -0.04147993    -0.00023379
     0.04715559     0.04730302    -0.00014743
    -0.03008572    -0.03006817    -0.00001755
    -0.02983965    -0.02971691    -0.00012274
    -0.02888276    -0.02888589     0.00000312
     0.04762423     0.04765383    -0.00002960
    -0.05690100    -0.05683261    -0.00006839
    -0.02532849    -0.02529764    -0.00003085
    -0.04292885    -0.04292845    -0.00000040
    -0.03570547    -0.03569216    -0.00001331
     0.02515927     0.02538660    -0.00022733
    -0.02895049    -0.02893949    -0.00001101
    -0.05104764    -0.05098484    -0.00006280
    -0.05818524    -0.05816485    -0.00002038
    -0.03156026    -0.03167909     0.00011883
    -0.03942231    -0.03930866    -0.00011365
    -0.05054069    -0.05044940    -0.00009129
    -0.02949703    -0.02964008     0.00014304
    -0.04102963    -0.04106389     0.00003426
    -0.03389058    -0.03400459     0.00011400
    -0.04916967    -0.04902323    -0.00014644
    -0.03107216    -0.03106436    -0.00000780
    -0.04177419    -0.04179233     0.00001815
    -0.03017476    -0.03001562    -0.00015914
    -0.03164388    -0.03146769    -0.00017618
    -0.05028784    -0.05019495    -0.00009289
    -0.03255078    -0.03261738     0.00006660
    -0.04352793    -0.04354533     0.00001740
    -0.04456316    -0.04471032     0.00014716
    -0.04455347    -0.04466529     0.00011182
    -0.03846041    -0.03830851    -0.00015190
    -0.04068178    -0.04067557    -0.00000621
    -0.03427456    -0.03430162     0.00002705
    -0.06052406    -0.06047824    -0.00004581
    -0.04939397    -0.04945925     0.00006528
     0.01642659     0.01694741    -0.00052083
    -0.05031954    -0.05021967    -0.00009987
    -0.03495697    -0.03497755     0.00002058
    -0.04536685    -0.04527112    -0.00009573
    -0.04780807    -0.04763993    -0.00016813
    -0.05232309    -0.05223460    -0.00008849
    -0.04021418    -0.04028152     0.00006734
    -0.04318812    -0.04313897    -0.00004914
    -0.03361874    -0.03367882     0.00006008
    -0.03018575    -0.03026806     0.00008230
    -0.03876126    -0.03883982     0.00007856
    -0.04694789    -0.04691090    -0.00003698
    -0.03809042    -0.03817547     0.00008505
    -0.03654217    -0.03666230     0.00012013
    -0.03205501    -0.03196088    -0.00009413
    -0.03261200    -0.03270383     0.00009183
    -0.05618381    -0.05626984     0.00008603
     0.05745499     0.05731172     0.00014327
     0.04562843     0.04563932    -0.00001088
     0.04791702     0.04835901    -0.00044199
    -0.04559877    -0.04556821    -0.00003057
    -0.03918372    -0.03932583     0.00014212
    -0.05799005    -0.05792994    -0.00006011
    -0.04264054    -0.04277867     0.00013813
    -0.03403181    -0.03394831    -0.00008350
    -0.03887693    -0.03878184    -0.00009509
    -0.04489071    -0.04503841     0.00014771
    -0.04467176    -0.04451159    -0.00016017
    -0.04204690    -0.04204941     0.00000251
    -0.04610433    -0.04599636    -0.00010797
    -0.03643199    -0.03652176     0.00008977
    -0.05329598    -0.05321162    -0.00008435
    -0.05926243    -0.05929283     0.00003041
    -0.04013609    -0.04023212     0.00009604
    -0.03807393    -0.03809446     0.00002053
    -0.04255039    -0.04260468     0.00005429
    -0.04546761    -0.04540525    -0.00006236
    -0.04598460    -0.04596388    -0.00002073
    -0.04308466    -0.04307189    -0.00001277
    -0.05111599    -0.05103273    -0.00008326
    -0.03878335    -0.03867232    -0.00011104
    -0.04133355    -0.04130170    -0.00003185
    -0.04490042    -0.04491585     0.00001543
    -0.05407624    -0.05407401    -0.00000223
    -0.06420916    -0.06433316     0.00012401
    -0.05506420    -0.05507682     0.00001262
    -0.06777222    -0.06772868    -0.00004353
    -0.06704431    -0.06663395    -0.00041036
    -0.06867857    -0.06861821    -0.00006036
    -0.06441868    -0.06447801     0.00005933
    -0.06949418    -0.06936829    -0.00012589
    -0.03355613    -0.03359921     0.00004308
     0.04867733     0.04867307     0.00000426
     0.03045659     0.03063977    -0.00018318
     0.05049405     0.05051024    -0.00001620
     0.02730608     0.02755597    -0.00024988
     0.00673204     0.00672397     0.00000808
    -0.00162923    -0.00159768    -0.00003155
     0.04036219     0.04047363    -0.00011145
     0.03132730     0.03115073     0.00017657
     0.02635880     0.02626882     0.00008998
     0.04489479     0.04488018     0.00001461
     0.04146887     0.04147183    -0.00000295
     0.04037329     0.04041157    -0.00003828
     0.03651635     0.03639032     0.00012603
     0.03297130     0.03306902    -0.00009772
     0.03064579     0.03049420     0.00015158
     0.01037712     0.01034506     0.00003205
     0.00122612     0.00129098    -0.00006486
     0.00494888     0.00484222     0.00010666
     0.02572850     0.02588723    -0.00015873
     0.04244427     0.04237841     0.00006586
     0.02155068     0.02142538     0.00012530
     0.04116038     0.04118603    -0.00002566
     0.04152409     0.04157837    -0.00005428
    -0.00217457    -0.00218546     0.00001089
     0.02609801     0.02598092     0.00011709
     0.00373316     0.00379379    -0.00006064
     0.01981735     0.01982518    -0.00000783
     0.00941201     0.00949008    -0.00007807
     0.04567706     0.04567924    -0.00000218
     0.03151990     0.03165040    -0.00013050
     0.04490611     0.04495739    -0.00005129
     0.04584670     0.04582561     0.00002109
     0.05068028     0.05054599     0.00013429
     0.02576148     0.02586314    -0.00010166
     0.04287608     0.04282498     0.00005110
     0.04473628     0.04474538    -0.00000910
     0.03453598     0.03438328     0.00015271
     0.02604674     0.02611529    -0.00006856
     0.03749073     0.03750997    -0.00001924
     0.05028370     0.05038697    -0.00010327
     0.05919864     0.05932047    -0.00012183
     0.00980619     0.00981981    -0.00001361
     0.01925829     0.01926266    -0.00000437
     0.04380396     0.04375514     0.00004883
     0.04677580     0.04674947     0.00002633
     0.02223663     0.02246415    -0.00022753
    -0.00188338    -0.00182441    -0.00005897
     0.00153646     0.00170461    -0.00016815
     0.05163086     0.05163279    -0.00000193
     0.02591289     0.02599817    -0.00008529
     0.02262610     0.02255656     0.00006955
     0.03210440     0.03225334    -0.00014894
    -0.03468137    -0.03467913    -0.00000225
     0.01001278     0.01010832    -0.00009554
     0.04768287     0.04765197     0.00003090
    -0.00069756    -0.00078633     0.00008877
     0.02325744     0.02335388    -0.00009645
     0.01946833     0.01943644     0.00003189
     0.04512802     0.04510408     0.00002393
    -0.00019380    -0.00006759    -0.00012621
     0.02209075     0.02205981     0.00003094
     0.03497964     0.03485518     0.00012445
     0.03626197     0.03609722     0.00016475
     0.02777325     0.02787365    -0.00010040
     0.01011172     0.01028645    -0.00017473
     0.02895757     0.02885460     0.00010297
     0.01607913     0.01619347    -0.00011434
     0.01554867     0.01552911     0.00001956
     0.04641337     0.04642252    -0.00000915
     0.03424629     0.03447567    -0.00022938
     0.02764568     0.02757905     0.00006663
     0.02873648     0.02871688     0.00001960
     0.04610210     0.04589014     0.00021196
     0.03055485     0.03045798     0.00009687
     0.02965636     0.02954615     0.00011021
     0.01531492     0.01543572    -0.00012080
     0.02899809     0.02874319     0.00025489
     0.02757645     0.02746726     0.00010920
     0.01088390     0.01090986    -0.00002596
     0.04018376     0.04031873    -0.00013497
    -0.03579922    -0.03572576    -0.00007345
    -0.03577168    -0.03569620    -0.00007548
     0.01771992     0.01771501     0.00000491
     0.01825979     0.01819402     0.00006577
     0.01602585     0.01615126    -0.00012542
    -0.00110633    -0.00121300     0.00010666
     0.01104012     0.01103707     0.00000305
     0.03440205     0.03443368    -0.00003163
     0.02508060     0.02511659    -0.00003599
     0.04305285     0.04300627     0.00004658
     0.01801429     0.01799677     0.00001752
     0.00941917     0.00941417     0.00000500
     0.03303740     0.03306392    -0.00002652
     0.03381793     0.03380280     0.00001513
     0.02081181     0.02099775    -0.00018593
     0.04130144     0.04143999    -0.00013855
     0.03236816     0.03246746    -0.00009930
     0.03643583     0.03641278     0.00002305
     0.02929654     0.02929631     0.00000023
    -0.00964976    -0.00962609    -0.00002367
    -0.00459698    -0.00461266     0.00001567
     0.00102818     0.00105633    -0.00002815
     0.00622109     0.00616095     0.00006015
     0.01350136     0.01346197     0.00003939
    -0.01726048    -0.01719077    -0.00006971
     0.02487306     0.02479363     0.00007942
    -0.02687927    -0.02683575    -0.00004352
    -0.00430702    -0.00418135    -0.00012567
    -0.03038407    -0.03049300     0.00010893
    -0.03815679    -0.03820878     0.00005200
    -0.02253203    -0.02258717     0.00005514
    -0.00372714    -0.00381853     0.00009138
    -0.02220093    -0.02217992    -0.00002101
     0.00643500     0.00654077    -0.00010576
    -0.00592463    -0.00591869    -0.00000594
     0.00396228     0.00393594     0.00002634
    -0.01629516    -0.01631470     0.00001954
    -0.02417669    -0.02424777     0.00007108
     0.02365214     0.02358350     0.00006864
     0.01911799     0.01915975    -0.00004177
     0.01045353     0.01039022     0.00006330
    -0.00087988    -0.00084665    -0.00003323
    -0.01676371    -0.01667263    -0.00009108
     0.00130111     0.00127878     0.00002234
     0.00024330     0.00033374    -0.00009044
    -0.00748147    -0.00753652     0.00005505
    -0.01153893    -0.01161615     0.00007721
     0.02065624     0.02059896     0.00005729
    -0.00355119    -0.00359855     0.00004735
     0.00902841     0.00901622     0.00001219
     0.01158070     0.01163185    -0.00005115
    -0.01187698    -0.01193842     0.00006144
    -0.01220221    -0.01233241     0.00013020
     0.01492833     0.01490192     0.00002641
     0.00706832     0.00710070    -0.00003238
    -0.00651296    -0.00650913    -0.00000383
    -0.00645808    -0.00652678     0.00006870
     0.01971783     0.01974482    -0.00002698
    -0.01547917    -0.01549816     0.00001899
     0.02039167     0.02033400     0.00005767
    -0.03156796    -0.03139552    -0.00017243
    -0.01657546    -0.01670700     0.00013154
     0.00665808     0.00667476    -0.00001668
    -0.02625651    -0.02608851    -0.00016801
     0.00221903     0.00233028    -0.00011124
     0.01079119     0.01076821     0.00002299
    -0.01704464    -0.01714460     0.00009996
     0.00956420     0.00953741     0.00002680
    -0.00197013    -0.00197143     0.00000129
     0.00832649     0.00828271     0.00004379
     0.00171655     0.00170429     0.00001226
    -0.01055323    -0.01052260    -0.00003063
    -0.02671636    -0.02679077     0.00007441
     0.01623200     0.01621583     0.00001617
     0.01000418     0.01010050    -0.00009632
     0.01063127     0.01059460     0.00003667
    -0.00044899    -0.00054828     0.00009930
    -0.02027335    -0.02019120    -0.00008215
    -0.00027421    -0.00029056     0.00001635
     0.01466832     0.01466310     0.00000522
    -0.01398649    -0.01396885    -0.00001764
    -0.00362069    -0.00352574    -0.00009495
    -0.03537774    -0.03533415    -0.00004359
     0.01407795     0.01411195    -0.00003400
     0.00122647     0.00122040     0.00000607
     0.00712623     0.00720043    -0.00007421
    -0.00394056    -0.00394718     0.00000662
    -0.01097650    -0.01101533     0.00003883
     0.00805925     0.00810562    -0.00004636
    -0.01865145    -0.01856366    -0.00008779
    -0.00558084    -0.00563665     0.00005581
    -0.00422718    -0.00425287     0.00002569
    -0.02147280    -0.02143188    -0.00004093
    -0.01381756    -0.01379738    -0.00002018
    -0.02999770    -0.02991348    -0.00008422
     0.00525123     0.00525583    -0.00000461
    -0.00223525    -0.00214254    -0.00009272
    -0.02521208    -0.02530800     0.00009591
    -0.00946407    -0.00940820    -0.00005587
    -0.02203782    -0.02194390    -0.00009392
    -0.00941182    -0.00952137     0.00010955
     0.01564187     0.01562133     0.00002054
    -0.01377089    -0.01378659     0.00001570
    -0.00138699    -0.00137151    -0.00001548
    -0.02177686    -0.02167700    -0.00009987
    -0.01737580    -0.01748902     0.00011322
    -0.01160234    -0.01155107    -0.00005127
    -0.02103761    -0.02103611    -0.00000150
    -0.00579676    -0.00581559     0.00001883
    -0.01584750    -0.01582617    -0.00002133
    -0.01752661    -0.01752676     0.00000016
    -0.03256680    -0.03240559    -0.00016121
    -0.02233549    -0.02245355     0.00011807
    -0.02202819    -0.02207324     0.00004506
    -0.01482022    -0.01483046     0.00001024
    -0.01577618    -0.01584072     0.00006454
    -0.00439352    -0.00438893    -0.00000459
    -0.01136451    -0.01122946    -0.00013505
    -0.01543770    -0.01532910    -0.00010860
    -0.03226533    -0.03221441    -0.00005092
    -0.03541747    -0.03538854    -0.00002893
    -0.02817154    -0.02803071    -0.00014083
    -0.03384079    -0.03379948    -0.00004130
    -0.02923284    -0.02920256    -0.00003028
    -0.01120159    -0.01116073    -0.00004086
    -0.01141882    -0.01144852     0.00002969
     0.01612130     0.01603027     0.00009104
     0.00565953     0.00558806     0.00007148
    -0.01701484    -0.01699507    -0.00001978
    -0.00072418    -0.00078269     0.00005851
    -0.01299118    -0.01293305    -0.00005813
    -0.02854042    -0.02848579    -0.00005463
    -0.03032636    -0.03026150    -0.00006485
    -0.03360652    -0.03354460    -0.00006192
    -0.01372161    -0.01373840     0.00001679
    -0.01369236    -0.01372150     0.00002914
    -0.03568515    -0.03557161    -0.00011354
    -0.03794922    -0.03801979     0.00007057
    -0.01193317    -0.01200695     0.00007378
    -0.01707705    -0.01708266     0.00000561
    -0.00732531    -0.00736597     0.00004066
    -0.02146557    -0.02141444    -0.00005113
    -0.03099401    -0.03104158     0.00004756
    -0.02482250    -0.02480809    -0.00001441
    -0.01018503    -0.01018863     0.00000360
    -0.03471422    -0.03483698     0.00012276
    -0.03526106    -0.03528586     0.00002480
    -0.01916234    -0.01909775    -0.00006459
    -0.02291052    -0.02280193    -0.00010859
    -0.01806735    -0.01799582    -0.00007153
    -0.02763022    -0.02742811    -0.00020211
    -0.02882431    -0.02880649    -0.00001782
    -0.01348828    -0.01352439     0.00003611
    -0.02123857    -0.02128076     0.00004219
    -0.01210327    -0.01229786     0.00019459
    -0.02387249    -0.02390457     0.00003207
    -0.00912621    -0.00916379     0.00003758
    -0.01133047    -0.01132398    -0.00000649
    -0.02871887    -0.02874486     0.00002599
    -0.01885499    -0.01885203    -0.00000296
    -0.01944836    -0.01938403    -0.00006433
    -0.02629227    -0.02632145     0.00002918
    -0.03230854    -0.03220086    -0.00010769
    -0.04100367    -0.04087430    -0.00012937
    -0.01170449    -0.01180818     0.00010369
    -0.02222762    -0.02232892     0.00010130
    -0.02308347    -0.02338058     0.00029710
    -0.00905715    -0.00943972     0.00038257
    -0.01691879    -0.01688098    -0.00003781
    -0.01356863    -0.01362864     0.00006001
    -0.01913940    -0.01921520     0.00007580
    -0.03132578    -0.03115354    -0.00017223
     0.00441137     0.00435127     0.00006011
    -0.03537888    -0.03537338    -0.00000551
    -0.02691750    -0.02690095    -0.00001655
    -0.03236590    -0.03236494    -0.00000096
    -0.03793958    -0.03801356     0.00007397
    -0.00987028    -0.00992647     0.00005619
    -0.02147642    -0.02142802    -0.00004841
    -0.02044318    -0.02044847     0.00000529
    -0.01704363    -0.01728760     0.00024397
    -0.00869967    -0.00867753    -0.00002214
    -0.01902424    -0.01913841     0.00011417
    -0.01756095    -0.01768670     0.00012576
    -0.01155308    -0.01147130    -0.00008178
    -0.02911863    -0.02905345    -0.00006518
    -0.02132730    -0.02132948     0.00000217
    -0.02227135    -0.02232228     0.00005093
    -0.03048761    -0.03041489    -0.00007272
    -0.02529004    -0.02526582    -0.00002422
    -0.02254278    -0.02249065    -0.00005213
    -0.02681693    -0.02671452    -0.00010241
    -0.01522594    -0.01528314     0.00005720
    -0.01848067    -0.01849398     0.00001331
    -0.02565163    -0.02581840     0.00016677
    -0.01544627    -0.01549180     0.00004553
    -0.02792076    -0.02781239    -0.00010837
    -0.01989000    -0.01997062     0.00008062
    -0.02038149    -0.02040616     0.00002467
    -0.02778699    -0.02779470     0.00000771
    -0.01371073    -0.01366875    -0.00004197
    -0.02383761    -0.02385986     0.00002225
    -0.01665949    -0.01674377     0.00008428
    -0.03215787    -0.03232839     0.00017052
    -0.03285652    -0.03296482     0.00010830
    -0.01478781    -0.01484997     0.00006216
    -0.02721759    -0.02716087    -0.00005672
    -0.02557601    -0.02557157    -0.00000444
    -0.01659016    -0.01656380    -0.00002635
    -0.03283925    -0.03288439     0.00004514
    -0.02374607    -0.02374778     0.00000171
    -0.02879699    -0.02877385    -0.00002315
    -0.02206865    -0.02228634     0.00021769
    -0.02594543    -0.02584097    -0.00010446
    -0.01957182    -0.01956558    -0.00000623
    -0.01829163    -0.01823370    -0.00005793
    -0.02075037    -0.02073392    -0.00001645
    -0.02116942    -0.02115776    -0.00001167
    -0.00316191    -0.00319426     0.00003235
    -0.00171837    -0.00167076    -0.00004761
    -0.02942359    -0.02947132     0.00004773
    -0.00164340    -0.00159333    -0.00005008
    -0.01831811    -0.01828093    -0.00003717
     0.03689978     0.03681042     0.00008936
     0.02867261     0.02877784    -0.00010523
     0.04027941     0.04023904     0.00004037
    -0.02622138    -0.02625232     0.00003093
     0.03808187     0.03813916    -0.00005729
    -0.00132457    -0.00129095    -0.00003362
     0.03749231     0.03748976     0.00000255
     0.05108943     0.05125601    -0.00016658
     0.03787403     0.03796460    -0.00009057
    -0.02683851    -0.02673659    -0.00010192
    -0.02334906    -0.02323096    -0.00011810
     0.04251801     0.04269482    -0.00017681
     0.04518875     0.04516239     0.00002636
     0.04610022     0.04598367     0.00011656
    -0.02399144    -0.02391941    -0.00007203
    -0.02395519    -0.02389832    -0.00005687
    -0.02395519    -0.02389832    -0.00005687
     0.03975605     0.03974284     0.00001321
     0.04622238     0.04634205    -0.00011967
    -0.03730929    -0.03725348    -0.00005581
     0.01515484     0.01517156    -0.00001672
    -0.01958771    -0.01955829    -0.00002941
    -0.02793815    -0.02797308     0.00003494
     0.03809553     0.03812953    -0.00003399
    -0.02208784    -0.02210431     0.00001647
     0.01667990     0.01682092    -0.00014102
    -0.02518607    -0.02512643    -0.00005964
     0.05688921     0.05688073     0.00000848
     0.05214053     0.05215497    -0.00001445
     0.01356436     0.01358776    -0.00002340
     0.04167043     0.04172993    -0.00005950
    -0.03021460    -0.03021181    -0.00000279
    -0.02147367    -0.02158486     0.00011118
    -0.01991182    -0.01986035    -0.00005147
    -0.01421770    -0.01412229    -0.00009541
    -0.02089633    -0.02087592    -0.00002041
     0.05296786     0.05298126    -0.00001340
    -0.02647360    -0.02649638     0.00002278
    -0.02020007    -0.02020925     0.00000918
    -0.02346743    -0.02340585    -0.00006158
    -0.03990270    -0.03989249    -0.00001021
     0.01417857     0.01420905    -0.00003048
     0.04170629     0.04185055    -0.00014425
     0.04882457     0.04889154    -0.00006697
     0.04438248     0.04435086     0.00003161
    -0.02082558    -0.02079262    -0.00003296
     0.05037628     0.05046253    -0.00008626
    -0.03728978    -0.03738978     0.00010000
    -0.03571492    -0.03574449     0.00002957
    -0.02641349    -0.02636754    -0.00004596
     0.05312329     0.05308140     0.00004189
    -0.02224215    -0.02223144    -0.00001071
    -0.02503382    -0.02504487     0.00001105
     0.00816872     0.00822962    -0.00006090
     0.04048801     0.04050323    -0.00001522
    -0.02905362    -0.02922394     0.00017031
    -0.02362239    -0.02362211    -0.00000029
    -0.03433133    -0.03435845     0.00002712
    -0.02163088    -0.02163601     0.00000514
     0.04766229     0.04779105    -0.00012876
     0.00977044     0.00970609     0.00006435
    -0.02767191    -0.02764017    -0.00003174
     0.05906621     0.05887756     0.00018864
    -0.03296083    -0.03298056     0.00001974
    -0.02961217    -0.02967339     0.00006123
    -0.03160651    -0.03161551     0.00000900
    -0.02895898    -0.02894137    -0.00001762
    -0.03027158    -0.03026774    -0.00000384
    -0.02166456    -0.02161689    -0.00004767
     0.05976654     0.05978511    -0.00001856
     0.02680221     0.02694598    -0.00014377
     0.04557548     0.04555955     0.00001593
    -0.03417867    -0.03433375     0.00015508
     0.05636096     0.05648023    -0.00011927
     0.04042741     0.04058302    -0.00015561
     0.06032068     0.06042673    -0.00010605
    -0.02059584    -0.02048643    -0.00010940
     0.05968823     0.05964208     0.00004616
    -0.02240768    -0.02240503    -0.00000265
     0.04137304     0.04140029    -0.00002726
    -0.02489445    -0.02490693     0.00001248
     0.04609919     0.04609241     0.00000678
    -0.03129701    -0.03131107     0.00001405
     0.03046541     0.03060703    -0.00014163
    -0.03443312    -0.03439362    -0.00003950
    -0.00981833    -0.00980459    -0.00001374
    -0.05612806    -0.05609246    -0.00003559
     0.06027646     0.06010551     0.00017095
     0.00274019     0.00274680    -0.00000661
     0.05797171     0.05807873    -0.00010702
    -0.02464103    -0.02486279     0.00022177
    -0.04425257    -0.04454995     0.00029738
    -0.04753922    -0.04746846    -0.00007075
    -0.00979136    -0.00979704     0.00000568
     0.01749151     0.01750363    -0.00001212
    -0.04098878    -0.04110707     0.00011829
    -0.00111523    -0.00105564    -0.00005959
    -0.00111523    -0.00105564    -0.00005959
    -0.00111523    -0.00105564    -0.00005959
    -0.00111523    -0.00105564    -0.00005959
    -0.00111523    -0.00105564    -0.00005959
    -0.03900845    -0.03898223    -0.00002622
    -0.01374619    -0.01373204    -0.00001415
     0.03284667     0.03259979     0.00024688
    -0.00189266    -0.00183048    -0.00006218
     0.03284403     0.03259715     0.00024688
    -0.00184311    -0.00177826    -0.00006485
     0.01597208     0.01582414     0.00014793
     0.01199181     0.01200141    -0.00000960
    -0.03096509    -0.03096815     0.00000306
     0.00272949     0.00270252     0.00002697
    -0.00145361    -0.00143263    -0.00002097
    -0.03257940    -0.03264049     0.00006108
    -0.03444613    -0.03443848    -0.00000765
    -0.00168526    -0.00164100    -0.00004425
     0.01388521     0.01388312     0.00000209
    -0.00139720    -0.00139027    -0.00000693
    -0.00131426    -0.00130329    -0.00001097
    -0.00147078    -0.00144517    -0.00002560
    -0.00155083    -0.00151472    -0.00003611
    -0.00177982    -0.00176682    -0.00001300
    -0.00137605    -0.00136731    -0.00000874
    -0.02442214    -0.02439516    -0.00002697
    -0.00160446    -0.00156151    -0.00004296
    -0.00175592    -0.00172313    -0.00003279
    -0.00082600    -0.00080748    -0.00001852
    -0.00082600    -0.00080748    -0.00001852
    -0.00082600    -0.00080748    -0.00001852
    -0.00082600    -0.00080748    -0.00001852
    -0.00082600    -0.00080748    -0.00001852
    -0.00082600    -0.00080748    -0.00001852
    -0.00082600    -0.00080748    -0.00001852
    -0.00082600    -0.00080748    -0.00001852
    -0.00082600    -0.00080748    -0.00001852
    -0.00082600    -0.00080748    -0.00001852
    -0.00082600    -0.00080748    -0.00001852
    -0.00082600    -0.00080748    -0.00001852
     0.00290427     0.00285759     0.00004668
    -0.00137091    -0.00135737    -0.00001354
    -0.03938783    -0.03949294     0.00010511
    -0.00186991    -0.00182348    -0.00004643
    -0.01505141    -0.01492922    -0.00012218
     0.04663828     0.04658073     0.00005755
    -0.02179814    -0.02175611    -0.00004204
    -0.00141635    -0.00140266    -0.00001370
    -0.03592861    -0.03601106     0.00008245
    -0.00157491    -0.00154357    -0.00003135
    -0.00155429    -0.00152364    -0.00003064
     0.01531242     0.01520854     0.00010388
    -0.02966025    -0.02975501     0.00009476
    -0.03510291    -0.03507589    -0.00002701
     0.01312726     0.01321158    -0.00008431
    -0.03641681    -0.03646378     0.00004697
    -0.02210452    -0.02201698    -0.00008754
    -0.03206339    -0.03208676     0.00002337
    -0.03836079    -0.03853410     0.00017332
    -0.00045536    -0.00054506     0.00008971
    -0.00339261    -0.00343538     0.00004277
    -0.00243839    -0.00241831    -0.00002008
     0.00146022     0.00145135     0.00000887
    -0.03850623    -0.03874813     0.00024189
     0.00982532     0.00986803    -0.00004271
    -0.01095533    -0.01103465     0.00007932
    -0.01935622    -0.01936216     0.00000594
    -0.03566161    -0.03564734    -0.00001427
    -0.03394400    -0.03399964     0.00005564
     0.00176988     0.00172416     0.00004572
     0.01010669     0.01011448    -0.00000779
    -0.03434744    -0.03434626    -0.00000118
    -0.02746456    -0.02752411     0.00005955
     0.00348464     0.00348714    -0.00000250
    -0.02617991    -0.02624711     0.00006720
    -0.00862936    -0.00859588    -0.00003348
    -0.03484851    -0.03482797    -0.00002054
    -0.02632748    -0.02640474     0.00007726
    -0.04742732    -0.04739617    -0.00003115
    -0.01375873    -0.01378105     0.00002232
    -0.03719318    -0.03714616    -0.00004701
    -0.01931641    -0.01928407    -0.00003234
    -0.03915011    -0.03923864     0.00008853
    -0.03719258    -0.03717206    -0.00002051
    -0.03806451    -0.03802831    -0.00003621
    -0.02513951    -0.02523461     0.00009510
    -0.01351323    -0.01358687     0.00007364
    -0.01048746    -0.01056091     0.00007345
    -0.03902586    -0.03894697    -0.00007889
    -0.02791417    -0.02793537     0.00002119
    -0.03515907    -0.03517587     0.00001680
    -0.03320965    -0.03325642     0.00004677
    -0.03469950    -0.03468420    -0.00001530
    -0.03207063    -0.03192800    -0.00014263
    -0.03149013    -0.03148916    -0.00000097
    -0.02740361    -0.02748907     0.00008546
    -0.03239371    -0.03243460     0.00004089
    -0.03311087    -0.03326748     0.00015661
    -0.03746532    -0.03749392     0.00002861
    -0.00180025    -0.00164792    -0.00015233
    -0.00180025    -0.00164792    -0.00015233
    -0.00276389    -0.00264569    -0.00011820
    -0.00209811    -0.00188941    -0.00020869
     0.03009152     0.02972672     0.00036480
     0.03742134     0.03725901     0.00016233
    -0.00251754    -0.00237050    -0.00014704
     0.00060042     0.00067202    -0.00007160
     0.02943091     0.02961426    -0.00018335
    -0.01807519    -0.01789215    -0.00018304
     0.00362287     0.00382804    -0.00020518
     0.01397792     0.01387998     0.00009793
    -0.00231436    -0.00213555    -0.00017881
    -0.00543387    -0.00540862    -0.00002525
    -0.00142267    -0.00121220    -0.00021047
    -0.00142294    -0.00121220    -0.00021074
    -0.00216453    -0.00199938    -0.00016515
    -0.00271847    -0.00258881    -0.00012966
     0.01718399     0.01718678    -0.00000278
    -0.00703284    -0.00694111    -0.00009173
    -0.00228023    -0.00209331    -0.00018692
    -0.00221049    -0.00201269    -0.00019780
    -0.01262135    -0.01237531    -0.00024603
    -0.00208066    -0.00186441    -0.00021626
    -0.01610688    -0.01585219    -0.00025470
     0.00665838     0.00676467    -0.00010628
    -0.00161230    -0.00142601    -0.00018629
    -0.00161230    -0.00142601    -0.00018629
    -0.00190257    -0.00169745    -0.00020512
    -0.00210162    -0.00188675    -0.00021487
    -0.00250407    -0.00234683    -0.00015724
     0.03054171     0.03021447     0.00032723
    -0.00205304    -0.00186790    -0.00018514
     0.03527096     0.03506766     0.00020331
    -0.00252369    -0.00236601    -0.00015768
    -0.01251906    -0.01233109    -0.00018797
    -0.00910637    -0.00904910    -0.00005728
     0.02964044     0.02965517    -0.00001473
     0.03543154     0.03524295     0.00018859
    -0.00247822    -0.00231198    -0.00016624
    -0.00198850    -0.00206873     0.00008023
    -0.00747848    -0.00760274     0.00012426
    -0.00237055    -0.00218810    -0.00018245
    -0.00224687    -0.00204629    -0.00020058
    -0.01175053    -0.01171277    -0.00003776
    -0.00230883    -0.00211573    -0.00019310
     0.00014985     0.00023907    -0.00008922
     0.02401688     0.02372270     0.00029417
     0.00945688     0.00956915    -0.00011227
     0.01622196     0.01583841     0.00038355
    -0.00385694    -0.00373545    -0.00012150
     0.02818177     0.02821019    -0.00002842
     0.00474890     0.00468722     0.00006169
    -0.02610625    -0.02591757    -0.00018868
     0.02285166     0.02250120     0.00035045
     0.00751750     0.00755715    -0.00003965
     0.03044105     0.03008274     0.00035831
     0.03056900     0.03058899    -0.00001999
     0.01208496     0.01324354    -0.00115859
     0.02030190     0.02020352     0.00009838
    -0.02296943    -0.02301969     0.00005026
    -0.01140339    -0.01132904    -0.00007435
     0.03698800     0.03704623    -0.00005822
     0.03256468     0.03253196     0.00003272
     0.02695054     0.02655026     0.00040028
     0.05616743     0.05606029     0.00010714
     0.02790675     0.02799073    -0.00008398
     0.03150883     0.03153455    -0.00002573
     0.03063091     0.03026389     0.00036702
     0.02409862     0.02369684     0.00040178
     0.02807203     0.02772366     0.00034837
     0.00561727     0.00552436     0.00009291
     0.01179682     0.01188074    -0.00008393
     0.00018749     0.00018362     0.00000386
    -0.00067710    -0.00081416     0.00013705
    -0.00894204    -0.00883015    -0.00011190
    -0.04658132    -0.04658732     0.00000600
     0.03232884     0.03199600     0.00033284
     0.03246016     0.03249173    -0.00003157
     0.03094052     0.03061138     0.00032913
    -0.02974702    -0.02977277     0.00002575
     0.02793066     0.02756684     0.00036383
     0.00882860     0.00873809     0.00009051
    -0.00177252    -0.00176382    -0.00000871
     0.03342301     0.03346036    -0.00003735
    -0.00249284    -0.00257254     0.00007970
     0.03439734     0.03444028    -0.00004293
     0.00173445     0.00175680    -0.00002234
    -0.01821892    -0.01830468     0.00008575
     0.03538248     0.03543129    -0.00004881
     0.03637912     0.03643318    -0.00005406
    -0.02433732    -0.02460246     0.00026514
    -0.04656203    -0.04648306    -0.00007897
     0.02332380     0.02334364    -0.00001984
    -0.04705929    -0.04683020    -0.00022909
     0.02840741     0.02851194    -0.00010453
    -0.02415280    -0.02413257    -0.00002023
    -0.02419748    -0.02419616    -0.00000132
    -0.02223508    -0.02224457     0.00000949
    -0.02567721    -0.02559798    -0.00007923
    -0.00066401    -0.00083141     0.00016739
    -0.00084913    -0.00097638     0.00012724
    -0.00066374    -0.00083141     0.00016766
    -0.00066374    -0.00083141     0.00016766
    -0.00066374    -0.00083141     0.00016766
    -0.00066374    -0.00083141     0.00016766
    -0.00066374    -0.00083141     0.00016766
    -0.00088037    -0.00100520     0.00012483
     0.02944920     0.02942800     0.00002120
    -0.00147769    -0.00165833     0.00018064
     0.02290880     0.02280558     0.00010322
    -0.00142073    -0.00165931     0.00023857
    -0.00108530    -0.00116598     0.00008068
     0.03548438     0.03551060    -0.00002622
    -0.00150874    -0.00170055     0.00019182
    -0.00143932    -0.00167863     0.00023931
     0.03303590     0.03306098    -0.00002507
    -0.00160800    -0.00185940     0.00025140
     0.02464519     0.02479232    -0.00014713
     0.05745750     0.05746283    -0.00000533
     0.02682273     0.02697131    -0.00014858
    -0.00164901    -0.00189354     0.00024453
    -0.00111126    -0.00119192     0.00008066
    -0.00025527    -0.00041797     0.00016270
    -0.00113471    -0.00126857     0.00013386
    -0.00158286    -0.00179463     0.00021178
    -0.00145004    -0.00163328     0.00018324
     0.03183297     0.03192334    -0.00009037
    -0.00145290    -0.00169305     0.00024015
    -0.00162283    -0.00184935     0.00022652
     0.02674313     0.02643486     0.00030827
     0.03720613     0.03705283     0.00015330
     0.03148200     0.03147695     0.00000504
    -0.00131684    -0.00147806     0.00016122
    -0.00108421    -0.00128709     0.00020288
     0.03498252     0.03486941     0.00011311
    -0.00108255    -0.00116648     0.00008393
     0.02425767     0.02447344    -0.00021577
     0.03192775     0.03181874     0.00010900
     0.03372242     0.03361259     0.00010983
    -0.00142816    -0.00161895     0.00019079
    -0.00035742    -0.00054435     0.00018693
    -0.00047582    -0.00068675     0.00021093
     0.02886927     0.02872528     0.00014399
     0.02753735     0.02743305     0.00010430
    -0.00093066    -0.00108755     0.00015689
    -0.04074018    -0.04069284    -0.00004734
    -0.00113828    -0.00128734     0.00014906
    -0.00125439    -0.00147962     0.00022523
    -0.00095049    -0.00109903     0.00014853
    -0.00105939    -0.00114893     0.00008954
    -0.00130949    -0.00154049     0.00023099
     0.03165947     0.03153065     0.00012882
     0.02534278     0.02531268     0.00003010
    -0.00136468    -0.00155464     0.00018997
     0.02311161     0.02300012     0.00011149
    -0.00117882    -0.00133998     0.00016115
    -0.00098432    -0.00114084     0.00015652
    -0.01359342    -0.01367962     0.00008620
    -0.00144209    -0.00165661     0.00021451
    -0.00128255    -0.00150918     0.00022662
    -0.00102946    -0.00120853     0.00017907
    -0.00126288    -0.00144430     0.00018142
     0.03468524     0.03462983     0.00005541
    -0.02530814    -0.02537257     0.00006443
    -0.00104519    -0.00122311     0.00017792
     0.03325925     0.03335593    -0.00009668
    -0.00131396    -0.00151262     0.00019866
    -0.00122666    -0.00144590     0.00021924
    -0.00108029    -0.00125005     0.00016975
    -0.00112642    -0.00132620     0.00019978
     0.02388357     0.02375292     0.00013065
    -0.00131279    -0.00153488     0.00022209
    -0.00114748    -0.00135501     0.00020753
     0.01057658     0.01068693    -0.00011036
     0.03626195     0.03636329    -0.00010134
     0.03617871     0.03616581     0.00001290
    -0.01649824    -0.01668830     0.00019007
     0.02860311     0.02853134     0.00007177
    -0.00124405    -0.00145902     0.00021497
    -0.00119613    -0.00139773     0.00020160
     0.02626838     0.02639424    -0.00012586
     0.03173947     0.03163173     0.00010774
    -0.00507933    -0.00502465    -0.00005468
     0.03187653     0.03181804     0.00005849
     0.01105969     0.01104489     0.00001480
     0.04086693     0.04076021     0.00010672
     0.03629765     0.03616701     0.00013064
     0.02698287     0.02698328    -0.00000041
     0.03022940     0.03029909    -0.00006969
     0.03648669     0.03653428    -0.00004759
     0.01972975     0.01960478     0.00012497
     0.04369928     0.04386947    -0.00017019
     0.04855978     0.04859493    -0.00003515
     0.03706155     0.03699496     0.00006659
     0.04360189     0.04355782     0.00004407
     0.03587903     0.03582358     0.00005545
    -0.01108154    -0.01112693     0.00004539
     0.03804508     0.03796098     0.00008410
     0.03135916     0.03128028     0.00007888
    -0.00247890    -0.00239494    -0.00008396
     0.02366060     0.02360995     0.00005065
     0.01876756     0.01879637    -0.00002881
     0.01237441     0.01242772    -0.00005331
     0.01185614     0.01196506    -0.00010892
    -0.00174855    -0.00176860     0.00002005
     0.01147276     0.01155842    -0.00008567
    -0.00321511    -0.00317801    -0.00003710
     0.01391071     0.01389991     0.00001080
    -0.02699193    -0.02708915     0.00009723
     0.00739706     0.00737972     0.00001734
     0.01117857     0.01119870    -0.00002013
     0.01629391     0.01626961     0.00002430
     0.01916860     0.01923601    -0.00006741
     0.01352360     0.01355321    -0.00002961
     0.01453991     0.01452046     0.00001946
     0.00570800     0.00574870    -0.00004070
     0.01463589     0.01471072    -0.00007483
     0.02387780     0.02386980     0.00000800
     0.01867466     0.01868535    -0.00001069
     0.01070227     0.01081171    -0.00010944
     0.01951957     0.01955338    -0.00003381
    -0.02036024    -0.02037908     0.00001884
     0.00698119     0.00685862     0.00012257
     0.01789543     0.01797867    -0.00008323
    -0.01142788    -0.01147555     0.00004767
     0.01794107     0.01805882    -0.00011776
     0.00869845     0.00863655     0.00006190
     0.01249495     0.01259412    -0.00009917
     0.00705654     0.00718852    -0.00013198
     0.01619763     0.01611559     0.00008204
    -0.01869961    -0.01865255    -0.00004706
     0.02217287     0.02225117    -0.00007830
     0.01234874     0.01234167     0.00000708
    -0.00887733    -0.00883409    -0.00004325
     0.00981041     0.00986548    -0.00005507
     0.01617818     0.01624411    -0.00006593
     0.02218237     0.02209378     0.00008859
     0.02053401     0.02059498    -0.00006096
     0.00315638     0.00319571    -0.00003932
    -0.00192469    -0.00186589    -0.00005880
     0.01280252     0.01294466    -0.00014214
    -0.00810238    -0.00802346    -0.00007892
     0.01368466     0.01383127    -0.00014661
     0.03003827     0.03010550    -0.00006723
     0.00309274     0.00305248     0.00004026
    -0.01501938    -0.01498156    -0.00003782
     0.01812964     0.01819526    -0.00006562
     0.01687288     0.01688239    -0.00000951
     0.01208830     0.01217084    -0.00008254
     0.01468999     0.01471241    -0.00002242
     0.00516965     0.00520493    -0.00003529
     0.00033239     0.00039499    -0.00006261
     0.00450593     0.00458683    -0.00008090
     0.00407031     0.00409550    -0.00002520
     0.00924725     0.00927485    -0.00002761
     0.02105767     0.02103665     0.00002102
     0.02124401     0.02125309    -0.00000908
     0.00750917     0.00752025    -0.00001108
     0.04010009     0.04013380    -0.00003371
    -0.00201838    -0.00195425    -0.00006413
     0.00300898     0.00298870     0.00002028
    -0.02679282    -0.02672114    -0.00007168
     0.01843120     0.01848096    -0.00004976
     0.00393877     0.00396374    -0.00002497
     0.01751151     0.01754931    -0.00003780
     0.02403500     0.02405893    -0.00002392
     0.01631116     0.01621316     0.00009799
     0.02139248     0.02145062    -0.00005814
     0.00948344     0.00950479    -0.00002135
    -0.00236932    -0.00245326     0.00008393
     0.01581324     0.01578906     0.00002418
     0.01891779     0.01891206     0.00000573
     0.01946754     0.01956072    -0.00009317
     0.02782176     0.02788517    -0.00006340
     0.01617363     0.01622852    -0.00005488
    -0.01970752    -0.01956430    -0.00014322
     0.01998791     0.02003527    -0.00004737
     0.02358977     0.02364791    -0.00005814
     0.02259813     0.02265488    -0.00005675
     0.00847425     0.00855132    -0.00007707
    -0.01211982    -0.01200565    -0.00011417
     0.00772074     0.00772449    -0.00000375
     0.00675729     0.00682349    -0.00006619
     0.01436720     0.01448912    -0.00012191
    -0.00963316    -0.00947481    -0.00015834
     0.00642230     0.00647294    -0.00005065
     0.00510951     0.00512955    -0.00002004
     0.01633807     0.01631915     0.00001892
     0.01338504     0.01344753    -0.00006249
     0.00616338     0.00614731     0.00001607
     0.01601896     0.01597366     0.00004531
     0.02199358     0.02200435    -0.00001077
    -0.00732560    -0.00722888    -0.00009673
     0.01231201     0.01234235    -0.00003034
     0.01178522     0.01180294    -0.00001772
    -0.02020739    -0.02023922     0.00003183
     0.01935189     0.01941020    -0.00005830
     0.01514945     0.01519677    -0.00004732
     0.01514276     0.01518807    -0.00004531
    -0.02728399    -0.02724206    -0.00004192
     0.01874320     0.01869275     0.00005046
    -0.02552039    -0.02544521    -0.00007518
    -0.03211433    -0.03217297     0.00005864
    -0.01222371    -0.01235429     0.00013058
    -0.03852996    -0.03857394     0.00004398
    -0.02816161    -0.02830717     0.00014556
    -0.02067897    -0.02091648     0.00023751
    -0.03224843    -0.03219596    -0.00005247
    -0.02551329    -0.02550153    -0.00001175
    -0.01564244    -0.01564443     0.00000199
    -0.02193757    -0.02200467     0.00006710
    -0.02881569    -0.02881682     0.00000114
     0.00047127     0.00049979    -0.00002852
    -0.02459727    -0.02461205     0.00001478
    -0.03455979    -0.03460558     0.00004578
    -0.01494634    -0.01498203     0.00003569
    -0.02587000    -0.02581718    -0.00005282
    -0.02748236    -0.02745505    -0.00002731
    -0.01853808    -0.01853750    -0.00000058
    -0.02577533    -0.02582458     0.00004925
    -0.01641279    -0.01640824    -0.00000455
    -0.01934545    -0.01936804     0.00002259
    -0.02488342    -0.02507908     0.00019565
    -0.02126641    -0.02115838    -0.00010803
     0.02714268     0.02710154     0.00004113
     0.02792781     0.02803444    -0.00010663
    -0.01208485    -0.01226193     0.00017709
     0.01066447     0.01064297     0.00002150
    -0.03421225    -0.03420860    -0.00000365
    -0.01890261    -0.01904393     0.00014132
    -0.00715774    -0.00713149    -0.00002625
    -0.00795533    -0.00771818    -0.00023715
     0.02671913     0.02675084    -0.00003171
     0.03437416     0.03454045    -0.00016630
    -0.02034255    -0.02033872    -0.00000384
    -0.00472735    -0.00490276     0.00017540
    -0.02312791    -0.02333707     0.00020916
    -0.02540545    -0.02532940    -0.00007605
     0.03615898     0.03634268    -0.00018370
    -0.02840754    -0.02846868     0.00006114
     0.01025823     0.01029003    -0.00003180
    -0.02090779    -0.02102999     0.00012220
    -0.02901226    -0.02896658    -0.00004568
    -0.01402820    -0.01419779     0.00016959
    -0.02667619    -0.02673177     0.00005558
     0.01459205     0.01492427    -0.00033221
    -0.01992652    -0.02005921     0.00013269
    -0.01986736    -0.02001511     0.00014775
    -0.01652183    -0.01667528     0.00015345
     0.01982537     0.01978414     0.00004124
    -0.00150471    -0.00156371     0.00005900
     0.03589190     0.03591383    -0.00002193
    -0.02634800    -0.02642944     0.00008144
    -0.01013496    -0.01018040     0.00004543
    -0.02431577    -0.02436192     0.00004615
     0.02512226     0.02514147    -0.00001922
    -0.03442273    -0.03443775     0.00001502
    -0.03322859    -0.03323448     0.00000589
    -0.02555100    -0.02564693     0.00009593
    -0.02425318    -0.02426585     0.00001267
     0.01091865     0.01082447     0.00009418
    -0.03580191    -0.03581689     0.00001498
    -0.01572453    -0.01580437     0.00007984
    -0.00000961    -0.00008159     0.00007198
    -0.00522404    -0.00523324     0.00000920
     0.00692658     0.00701929    -0.00009272
    -0.03286452    -0.03292220     0.00005767
    -0.03587555    -0.03600682     0.00013127
     0.02124662     0.02125117    -0.00000455
     0.00603804     0.00595877     0.00007928
    -0.03032227    -0.03034913     0.00002686
    -0.01930803    -0.01944680     0.00013877
    -0.02511350    -0.02523170     0.00011820
    -0.01548619    -0.01564040     0.00015420
    -0.04927424    -0.04930164     0.00002740
    -0.04318423    -0.04321516     0.00003093
    -0.00273790    -0.00291401     0.00017611
    -0.03473261    -0.03482655     0.00009393
     0.00048142     0.00050658    -0.00002515
    -0.00695305    -0.00688384    -0.00006922
    -0.02622435    -0.02632980     0.00010545
    -0.01634406    -0.01629919    -0.00004487
     0.00395537     0.00409408    -0.00013872
    -0.01684554    -0.01681303    -0.00003251
    -0.00817686    -0.00816482    -0.00001204
    -0.02605866    -0.02600097    -0.00005769
     0.04141246     0.04160069    -0.00018823
     0.00943158     0.00946146    -0.00002989
    -0.01976009    -0.01973593    -0.00002416
    -0.01587814    -0.01589551     0.00001736
    -0.02772108    -0.02754618    -0.00017490
     0.01018996     0.01020136    -0.00001141
    -0.00092132    -0.00100254     0.00008122
     0.01576840     0.01578308    -0.00001468
     0.02275634     0.02271303     0.00004330
    -0.00565591    -0.00556764    -0.00008827
    -0.00315690    -0.00320745     0.00005055
    -0.01043187    -0.01031437    -0.00011750
    -0.00609704    -0.00608773    -0.00000931
    -0.00117156    -0.00122328     0.00005172
    -0.00116408    -0.00121100     0.00004692
    -0.00091096    -0.00095691     0.00004595
    -0.00085672    -0.00093246     0.00007574
     0.02845925     0.02832954     0.00012971
     0.02639415     0.02642588    -0.00003173
    -0.03335874    -0.03336399     0.00000525
    -0.00086603    -0.00094074     0.00007471
    -0.00086595    -0.00094074     0.00007479
    -0.00112533    -0.00117813     0.00005281
    -0.03227583    -0.03226069    -0.00001514
    -0.03227583    -0.03226069    -0.00001514
    -0.00082524    -0.00091421     0.00008897
    -0.02521061    -0.02518838    -0.00002223
    -0.00335397    -0.00311022    -0.00024374
    -0.00038559    -0.00046530     0.00007971
    -0.00056543    -0.00066632     0.00010089
    -0.02639771    -0.02641793     0.00002022
    -0.00091974    -0.00097502     0.00005528
    -0.00099150    -0.00107000     0.00007850
    -0.00097716    -0.00103648     0.00005932
     0.01531598     0.01540709    -0.00009111
    -0.00088252    -0.00095508     0.00007256
    -0.02721073    -0.02722090     0.00001017
     0.00489797     0.00500245    -0.00010449
    -0.00048491    -0.00053288     0.00004797
    -0.02010609    -0.02016303     0.00005695
     0.02828273     0.02815826     0.00012447
    -0.00089730    -0.00096611     0.00006881
    -0.03185000    -0.03183202    -0.00001798
    -0.00091294    -0.00097549     0.00006254
     0.02506231     0.02501262     0.00004969
     0.03203858     0.03208493    -0.00004635
     0.00171489     0.00187287    -0.00015798
     0.00005508     0.00014758    -0.00009250
    -0.02018405    -0.01996483    -0.00021922
     0.02823255     0.02814644     0.00008611
     0.02475319     0.02480868    -0.00005549
    -0.03209191    -0.03207270    -0.00001921
     0.00362994     0.00347851     0.00015144
     0.01118603     0.01113914     0.00004689
     0.01137431     0.01133302     0.00004129
     0.02140962     0.02141378    -0.00000416
     0.03136052     0.03129338     0.00006715
     0.03431718     0.03441334    -0.00009616
    -0.03430373    -0.03422501    -0.00007872
    -0.00117757    -0.00123528     0.00005771
    -0.00047103    -0.00053551     0.00006449
    -0.00043435    -0.00051067     0.00007633
    -0.02948318    -0.02948293    -0.00000025
     0.04809811     0.04825824    -0.00016013
     0.00978015     0.00966188     0.00011828
     0.01493652     0.01506420    -0.00012768
    -0.00090581    -0.00099907     0.00009326
     0.00006955    -0.00003826     0.00010781
    -0.02398564    -0.02394889    -0.00003675
     0.01704578     0.01678626     0.00025952
    -0.03822764    -0.03817268    -0.00005496
    -0.00074954    -0.00085780     0.00010826
    -0.02379856    -0.02368731    -0.00011125
     0.01479132     0.01471873     0.00007259
    -0.02923393    -0.02903759    -0.00019634
    -0.00083090    -0.00093310     0.00010220
     0.00715347     0.00712543     0.00002804
    -0.03183324    -0.03181100    -0.00002224
    -0.00070698    -0.00081824     0.00011126
    -0.00016942    -0.00027125     0.00010183
     0.01749899     0.01739387     0.00010512
     0.01901464     0.01897636     0.00003828
     0.01502964     0.01489487     0.00013477
    -0.02736682    -0.02735847    -0.00000835
     0.02787077     0.02798877    -0.00011799
     0.01820164     0.01819803     0.00000361
     0.01386534     0.01394742    -0.00008208
     0.04242941     0.04219760     0.00023181
     0.01980632     0.01984500    -0.00003867
    -0.03587544    -0.03588672     0.00001128
     0.01538388     0.01549517    -0.00011129
     0.01084273     0.01067646     0.00016627
    -0.00005293    -0.00016468     0.00011176
    -0.01253093    -0.01245089    -0.00008004
     0.00778186     0.00769825     0.00008361
    -0.02273764    -0.02270596    -0.00003168
     0.02621569     0.02614585     0.00006984
    -0.02538428    -0.02522524    -0.00015903
     0.02076868     0.02080605    -0.00003737
     0.01452095     0.01443323     0.00008772
     0.01023186     0.01012847     0.00010339
     0.00597323     0.00572515     0.00024807
     0.01314141     0.01307060     0.00007082
    -0.03519649    -0.03519783     0.00000135
    -0.03099693    -0.03096380    -0.00003313
    -0.00301742    -0.00304849     0.00003107
     0.04506252     0.04511840    -0.00005588
    -0.00003586    -0.00024293     0.00020706
    -0.00909856    -0.00921027     0.00011171
     0.02456892     0.02452440     0.00004452
     0.00170098     0.00161982     0.00008116
     0.02875778     0.02880729    -0.00004951
    -0.03088201    -0.03084847    -0.00003354
     0.02398991     0.02402733    -0.00003742
    -0.01840736    -0.01845528     0.00004792
    -0.01840774    -0.01845528     0.00004753
    -0.01736130    -0.01739610     0.00003481
     0.00726160     0.00709216     0.00016944
    -0.03482562    -0.03473098    -0.00009464
    -0.03124020    -0.03132773     0.00008753
     0.01963922     0.01971939    -0.00008018
    -0.01047138    -0.01043134    -0.00004004
     0.02923401     0.02930095    -0.00006694
    -0.01529666    -0.01531822     0.00002156
    -0.01529683    -0.01531823     0.00002140
    -0.00707208    -0.00709069     0.00001861
    -0.03396332    -0.03390680    -0.00005652
    -0.02181360    -0.02154203    -0.00027157
    -0.03276667    -0.03277197     0.00000529
    -0.03190704    -0.03186273    -0.00004431
     0.00181543     0.00177988     0.00003555
    -0.01760326    -0.01764446     0.00004119
    -0.01604694    -0.01607479     0.00002786
    -0.01010873    -0.01006225    -0.00004648
    -0.01681582    -0.01685055     0.00003473
    -0.01681626    -0.01685055     0.00003429
    -0.01175282    -0.01173822    -0.00001460
    -0.02349766    -0.02344665    -0.00005101
     0.00527539     0.00526438     0.00001101
     0.03032385     0.03053693    -0.00021308
    -0.01666085    -0.01670205     0.00004120
     0.01669650     0.01656142     0.00013508
     0.01274492     0.01275812    -0.00001320
     0.00437276     0.00448043    -0.00010767
    -0.01360210    -0.01358440    -0.00001770
    -0.03207360    -0.03206098    -0.00001261
    -0.00774197    -0.00762269    -0.00011927
     0.01202384     0.01204580    -0.00002196
     0.01303736     0.01297993     0.00005743
    -0.01590658    -0.01593959     0.00003301
     0.00404171     0.00405997    -0.00001827
    -0.00789794    -0.00777978    -0.00011816
    -0.02822509    -0.02819455    -0.00003055
     0.00711866     0.00706543     0.00005323
    -0.01214180    -0.01219190     0.00005010
    -0.01544456    -0.01546801     0.00002345
    -0.01523854    -0.01526036     0.00002182
     0.01962629     0.01969541    -0.00006911
     0.00488341     0.00475685     0.00012656
    -0.01135183    -0.01129832    -0.00005351
    -0.01394281    -0.01394897     0.00000615
    -0.01495040    -0.01497342     0.00002302
    -0.01121003    -0.01117448    -0.00003555
    -0.02176533    -0.02184306     0.00007773
    -0.02126047    -0.02122485    -0.00003562
    -0.00932434    -0.00923607    -0.00008827
     0.02914209     0.02920540    -0.00006331
    -0.01295281    -0.01294416    -0.00000865
    -0.01056643    -0.01051598    -0.00005045
    -0.01149746    -0.01145765    -0.00003981
     0.01600557     0.01614096    -0.00013539
    -0.01323627    -0.01323676     0.00000048
    -0.00405031    -0.00391961    -0.00013069
    -0.03047259    -0.03046252    -0.00001006
    -0.01117612    -0.01115550    -0.00002063
     0.01147589     0.01150834    -0.00003246
    -0.01187943    -0.01185712    -0.00002231
     0.02843057     0.02859659    -0.00016603
     0.01312013     0.01320313    -0.00008300
     0.00867907     0.00869848    -0.00001941
    -0.03547870    -0.03553490     0.00005620
     0.00297788     0.00300929    -0.00003141
    -0.00225531    -0.00228040     0.00002510
     0.02806041     0.02806326    -0.00000285
     0.01991454     0.01990434     0.00001021
     0.02835584     0.02838312    -0.00002727
     0.01194313     0.01193106     0.00001207
    -0.00721192    -0.00715068    -0.00006123
    -0.03831706    -0.03837947     0.00006241
    -0.04286245    -0.04281176    -0.00005069
    -0.04102146    -0.04104878     0.00002732
     0.00234451     0.00227029     0.00007422
     0.01330242     0.01326662     0.00003580
    -0.04163965    -0.04159336    -0.00004630
    -0.03473397    -0.03461973    -0.00011424
    -0.04435298    -0.04437494     0.00002196
    -0.04563515    -0.04563519     0.00000003
     0.02835758     0.02836052    -0.00000294
    -0.01727858    -0.01714032    -0.00013826
    -0.03097995    -0.03085626    -0.00012369
    -0.00066578    -0.00065575    -0.00001003
    -0.03891650    -0.03894759     0.00003109
    -0.02322897    -0.02324719     0.00001822
    -0.03441231    -0.03442551     0.00001320
    -0.01894114    -0.01881877    -0.00012237
    -0.00123281    -0.00123038    -0.00000243
    -0.00530666    -0.00541996     0.00011331
    -0.01638887    -0.01647515     0.00008627
    -0.00280702    -0.00277422    -0.00003280
     0.02867939     0.02870116    -0.00002177
     0.02815483     0.02812726     0.00002757
     0.02846314     0.02845298     0.00001016
    -0.01628035    -0.01624644    -0.00003391
     0.02221665     0.02227622    -0.00005956
     0.02287356     0.02302523    -0.00015166
    -0.00571167    -0.00583137     0.00011970
    -0.01480025    -0.01487121     0.00007097
    -0.00070431    -0.00055295    -0.00015136
    -0.00070431    -0.00055295    -0.00015136
     0.02590761     0.02579344     0.00011416
    -0.02510484    -0.02511589     0.00001104
    -0.00173633    -0.00182397     0.00008764
     0.01322579     0.01322404     0.00000176
     0.00307891     0.00311050    -0.00003159
    -0.00187353    -0.00197653     0.00010300
     0.03278371     0.03274518     0.00003853
     0.01727128     0.01726200     0.00000928
    -0.02034555    -0.02043513     0.00008958
    -0.00111648    -0.00100717    -0.00010932
     0.02689895     0.02706414    -0.00016519
    -0.00439894    -0.00450594     0.00010700
     0.02074555     0.02072330     0.00002225
    -0.00060850    -0.00046840    -0.00014010
    -0.00060877    -0.00046840    -0.00014037
    -0.01944607    -0.01952833     0.00008226
    -0.02480176    -0.02462896    -0.00017280
     0.00322869     0.00325596    -0.00002727
     0.00401607     0.00398762     0.00002845
     0.02937589     0.02939898    -0.00002309
    -0.00943329    -0.00936910    -0.00006419
     0.00338110     0.00340253    -0.00002143
    -0.00066711    -0.00051834    -0.00014878
    -0.00066711    -0.00051834    -0.00014878
     0.02892755     0.02904327    -0.00011571
     0.03405919     0.03398341     0.00007577
     0.00385379     0.00384287     0.00001092
    -0.00283907    -0.00293312     0.00009405
     0.00353636     0.00354963    -0.00001326
    -0.05094361    -0.05096027     0.00001667
     0.00369392     0.00369663    -0.00000271
    -0.00256954    -0.00267114     0.00010160
     0.00420661     0.00419949     0.00000712
     0.02007977     0.02014054    -0.00006077
    -0.00138852    -0.00123642    -0.00015210
    -0.02641616    -0.02641167    -0.00000449
    -0.00203340    -0.00188323    -0.00015017
    -0.03276254    -0.03272071    -0.00004182
    -0.03394593    -0.03397427     0.00002834
    -0.00711338    -0.00715856     0.00004518
     0.01458533     0.01457990     0.00000543
     0.01815568     0.01802980     0.00012588
    -0.03487379    -0.03495548     0.00008169
    -0.00582076    -0.00592644     0.00010568
     0.00746787     0.00750056    -0.00003270
    -0.01687530    -0.01683369    -0.00004162
    -0.01674975    -0.01684708     0.00009733
    -0.00227027    -0.00239926     0.00012899
     0.03046404     0.03023370     0.00023034
     0.01888688     0.01888963    -0.00000275
     0.00316169     0.00311819     0.00004350
    -0.00060181    -0.00068849     0.00008669
     0.01473211     0.01477076    -0.00003865
    -0.02608791    -0.02590245    -0.00018546
     0.01404641     0.01393337     0.00011304
     0.01851672     0.01859499    -0.00007827
     0.00401047     0.00404014    -0.00002967
    -0.00445216    -0.00457598     0.00012381
    -0.01837977    -0.01847714     0.00009737
     0.01597297     0.01584863     0.00012435
     0.01159600     0.01159901    -0.00000301
     0.01386260     0.01400010    -0.00013750
     0.00532159     0.00538111    -0.00005952
    -0.00125581    -0.00121453    -0.00004128
    -0.00036836    -0.00048442     0.00011606
    -0.01923418    -0.01935104     0.00011686
     0.04727622     0.04723105     0.00004517
    -0.01834964    -0.01840354     0.00005389
     0.01260325     0.01256398     0.00003927
     0.01769437     0.01761038     0.00008398
     0.00074935     0.00071807     0.00003127
    -0.00030931    -0.00038860     0.00007929
     0.00252865     0.00246946     0.00005919
    -0.01933951    -0.01944386     0.00010434
     0.00357155     0.00352702     0.00004452
     0.01415860     0.01409633     0.00006227
     0.02152260     0.02149062     0.00003198
     0.01057595     0.01045662     0.00011933
    -0.01538461    -0.01540715     0.00002254
    -0.02058155    -0.02055772    -0.00002383
     0.02422994     0.02425842    -0.00002848
     0.00508211     0.00518187    -0.00009976
    -0.01835677    -0.01847809     0.00012132
     0.00403958     0.00394663     0.00009296
    -0.01589782    -0.01565673    -0.00024109
    -0.01309605    -0.01312985     0.00003380
     0.03307400     0.03296841     0.00010559
    -0.00310436    -0.00319435     0.00008999
     0.02967372     0.02963499     0.00003872
     0.04478341     0.04465401     0.00012940
     0.02769817     0.02791604    -0.00021787
     0.04119442     0.04115416     0.00004025
    -0.01661269    -0.01659064    -0.00002205
     0.02351970     0.02362147    -0.00010177
     0.00010669     0.00009840     0.00013634     0.00018650     0.00115859
