3852
14896
20629
22940
20431
25416
30402
24741
5868
28106
24941
18757
32032
2804
4200
30811
29432
3253
17518
19535
21978
577
7577
3421
27528
7928
29325
16478
24500
16869
22440
14329
14792
5520
24424
8116
23338
7989
19035
8240
15800
14790
20546
21474
30334
9147
24511
18884
1418
24195
15581
23944
15300
8004
14104
22895
4613
14075
975
25219
20022
6233
27330
17817
2052
32039
26592
32060
8625
10048
26587
17831
13839
26623
19386
3801
4673
16715
22987
3579
18484
31452
26366
22269
6037
30090
26063
20060
8788
6257
11036
6652
14610
22888
535
19654
11443
19130
288
16066
29119
29408
21303
21939
12589
29230
29444
29189
29428
27380
14636
26113
32494
15333
28966
26037
26776
26379
8428
32470
32472
13418
11059
10226
32441
32442
32443
32447
32448
32450
32451
32444
32452
32449
32446
32445
32411
13767
28080
12116
28376
11790
9274
32483
32481
12648
32505
32507
32506
10882
27261
10156
13019
32510
32502
10696
32508
32504
13070
16806
26659
8011
13223
28582
32503
32509
26713
24043
29418
15759
26289
10970
26230
32471
32482
28932
27890
25520
28076
22730
28374
25915
28553
28512
23177
25829
29455
23224
32522
32521
32520
32519
32518
32512
32516
32515
32514
32513
32517
32523
32372
32371
32380
32369
32379
32378
32370
32377
32376
32373
32375
28923
28946
25113
28978
28448
29310
29473
29159
29413
29461
32288
32289
32286
32287
32295
32291
32294
32293
32290
32296
32285
32292
28903
20994
28648
32461
32457
29195
29458
29478
28875
29437
28584
32417
29142
29379
28989
29154
22811
29065
29129
29356
29410
29010
29492
32489
32499
29362
25658
29498
28855
29203
28971
29382
29162
29222
28392
29236
32460
32458
29486
29469
27726
32459
28681
28652
29168
27425
28431
28782
29494
28407
27820
29298
29476
29406
29496
26687
28997
28698
32465
29402
29321
29479
29225
24406
25796
29235
29343
27949
29436
28679
28520
14035
28536
379
28812
17316
18677
28599
28612
21794
28972
27579
27992
29017
29100
28931
20305
28766
380
29009
25584
28492
25687
27682
381
28384
29061
28830
23386
28126
13630
28877
29160
382
14612
28248
15533
20598
17087
29137
19696
25933
383
29166
29074
28270
29158
27911
28532
24215
384
28737
27247
28890
28537
26757
27823
385
28738
28935
20206
28389
22646
27938
28421
28840
28409
29364
28910
28054
29012
20560
29096
27638
28618
21229
9987
29081
29426
28427
28437
28739
25365
28362
28619
28957
21798
28296
28033
23065
27446
20066
29149
29477
29431
29414
29400
8646
13731
295
16946
29079
28735
11725
19183
7920
8332
17167
9626
6839
7882
23011
10020
8090
8847
307
12952
26624
10130
7886
296
14988
7664
15381
7723
19316
10624
7563
16710
7080
27732
20294
10047
7448
306
9581
7500
297
8637
18127
15040
8684
12294
305
298
10711
22016
14204
304
25158
7881
299
20032
303
300
302
7515
301
22365
9310
12655
11257
18146
21175
11498
28926
12006
8176
12842
15507
10493
11659
28689
28047
12376
19788
12333
14246
10886
10924
9283
11326
9762
7637
10382
8079
8527
10386
9880
12537
11353
13182
8208
12241
9425
12686
11110
19973
32236
32226
29069
24023
31973
25310
6482
7307
10674
27770
7791
27966
8053
7058
9125
19308
6862
6964
28885
17343
29216
32068
32058
6728
24940
7374
23625
27825
7372
7047
27743
24607
9589
13374
24456
29113
7288
22755
6805
27587
27735
11410
16574
7619
12140
29210
7838
8205
32152
32142
22522
8525
16638
8648
29066
7544
27717
24027
29416
11001
26883
32057
29068
8541
27142
13456
32141
9659
6709
28379
6733
14515
7188
8102
10273
27609
28036
7645
7518
29028
7902
29001
23232
9592
29306
24556
28440
29190
10119
7054
21009
9128
7509
28142
26432
24967
27240
23710
27997
28718
14172
12395
29509
27363
29043
28844
28581
20376
10457
29378
15442
28709
22296
29115
29056
29148
13739
9138
29487
28601
21542
12056
29224
27603
26967
28365
26041
28746
28786
441
14663
28784
29022
15371
28969
29341
29434
29076
28310
29463
29438
29456
29454
442
24632
15765
28690
13272
28892
29095
13680
29172
29124
29218
28881
443
28948
27764
29511
21523
28656
28678
28939
26389
444
32454
32464
27231
29495
29500
29467
445
29255
29383
27780
32453
29505
29215
29258
446
11200
29453
29466
28044
29506
447
448
450
449
28824
23522
29157
29474
28976
25377
29071
29483
29481
29490
27817
24961
24747
21311
25992
28627
27407
24877
15651
28799
29151
26988
25204
26419
20777
21643
29178
16489
18252
26482
28864
28452
11526
18436
28234
26939
28825
23032
25157
29086
27885
24022
24576
25212
19587
20607
28415
28588
28751
28765
23070
12549
14054
28643
28502
12373
12711
27607
19819
22902
17487
25068
24266
28865
22351
21494
25935
14421
25202
27664
26099
25865
19311
23991
26373
14793
20829
27361
19574
23630
13486
21087
28583
17777
25547
27235
16459
25590
27738
18576
15659
23031
27778
28320
28026
25626
23484
16106
19765
25006
23002
21696
28139
28763
16534
24639
27032
28716
19946
20555
