                 -1.75194908471480781387
                 -1.41302561806040638537
                 -1.10429949122564718955
                  0.78459723211781406960
                 -0.76385433852453488157
                 -0.12559628106543305193
                  0.29405730086673076418
                 -0.01712573935515842097
                 -0.22982877873302756666
                 -0.38254310058020224439
                  0.68939888977027374839
                  0.80466092197628347193
                 -1.17563664171973858430
                  1.34246489650841360763
                  1.50895430549944631338
                 -1.65284851945267541318
                  1.50539763128313319740
                 -1.12812890182449176990
                  0.96726058166805595206
                  0.67570844162590593118
                 -0.45275613724767133084
                  0.28630622344409362157
                 -0.00722617444315047826
                 -0.17082875513995088301
                 -0.47436812315927218142
                  0.73570007238122925308
                  0.86436222458823319670
                 -1.06784347115636246706
                 -1.47113233611974392190
                 -1.64119105875947868256
                 -0.20333096007049547560
