    -0.00103343    -0.00146454     0.00043110
    -0.00747023    -0.00748557     0.00001534
    -0.00563668    -0.00576848     0.00013181
    -0.00095749    -0.00140781     0.00045032
    -0.00051163    -0.00047750    -0.00003413
     0.02273479     0.02262593     0.00010885
     0.02194552     0.02254579    -0.00060027
    -0.02411051    -0.02438159     0.00027108
    -0.01091158    -0.01079938    -0.00011219
    -0.00047024    -0.00040196    -0.00006828
     0.01570511     0.01567077     0.00003433
    -0.02315901    -0.02317620     0.00001719
    -0.03150341    -0.03174102     0.00023761
    -0.00047141    -0.00036920    -0.00010221
    -0.01143482    -0.01132648    -0.00010834
    -0.00247240    -0.00215824    -0.00031415
    -0.01208986    -0.01235513     0.00026527
    -0.01363641    -0.01405306     0.00041665
     0.02277601     0.02310641    -0.00033040
     0.00002977    -0.00001460     0.00004437
     0.01393147     0.01403403    -0.00010256
    -0.00030360    -0.00042845     0.00012486
     0.00007391    -0.00018330     0.00025720
     0.00893285     0.00911480    -0.00018196
     0.02382433     0.02393101    -0.00010668
     0.01333850     0.01317865     0.00015985
     0.01761858     0.01796771    -0.00034913
    -0.04233945    -0.04249383     0.00015438
     0.01439341     0.01426811     0.00012530
     0.02824735     0.02843125    -0.00018390
    -0.00027677    -0.00023908    -0.00003769
     0.00283834     0.00256473     0.00027361
    -0.00417689    -0.00408050    -0.00009640
     0.02639518     0.02625106     0.00014412
    -0.00053179    -0.00074989     0.00021809
    -0.01616269    -0.01638260     0.00021991
    -0.00479927    -0.00450459    -0.00029468
    -0.00048191    -0.00042119    -0.00006072
    -0.02854991    -0.02858699     0.00003708
     0.01998067     0.02014277    -0.00016210
     0.01113640     0.01062515     0.00051124
    -0.00666434    -0.00663471    -0.00002963
    -0.00051879    -0.00093822     0.00041944
    -0.01757262    -0.01824047     0.00066785
     0.02201864     0.02179222     0.00022642
    -0.00047721    -0.00040963    -0.00006757
    -0.02422047    -0.02416647    -0.00005401
     0.01964436     0.01983838    -0.00019402
     0.00225008     0.00278464    -0.00053456
     0.03225586     0.03246145    -0.00020559
     0.02913561     0.02935680    -0.00022119
    -0.01619056    -0.01634068     0.00015013
    -0.00200548    -0.00156672    -0.00043876
    -0.00045595    -0.00039295    -0.00006300
     0.01208009     0.01183629     0.00024380
    -0.00896974    -0.00872612    -0.00024363
     0.02620465     0.02607068     0.00013397
    -0.00098935    -0.00100108     0.00001173
    -0.00859779    -0.00845851    -0.00013928
     0.03272107     0.03232887     0.00039220
    -0.03343134    -0.03373596     0.00030462
     0.02419492     0.02351644     0.00067848
     0.00007391    -0.00018330     0.00025720
    -0.00065571    -0.00069304     0.00003733
     0.01074531     0.01036107     0.00038425
    -0.00058205    -0.00083107     0.00024902
    -0.00084671    -0.00087184     0.00002513
    -0.03750039    -0.03745668    -0.00004371
     0.01409792     0.01399856     0.00009936
    -0.02057867    -0.02046276    -0.00011590
     0.02537503     0.02538923    -0.00001421
    -0.00045296    -0.00034234    -0.00011062
    -0.01578070    -0.01620960     0.00042891
     0.01248524     0.01245904     0.00002620
    -0.00284914    -0.00313921     0.00029007
    -0.00600493    -0.00640475     0.00039982
    -0.00050039    -0.00055064     0.00005025
    -0.00059745    -0.00064975     0.00005230
    -0.00019290    -0.00054089     0.00034799
     0.03147427     0.03105409     0.00042017
     0.00795645     0.00792957     0.00002687
    -0.00189810    -0.00208064     0.00018254
     0.03498712     0.03507865    -0.00009153
     0.02151101     0.02140137     0.00010964
     0.01645249     0.01641498     0.00003751
     0.02972218     0.02976735    -0.00004517
    -0.00037407    -0.00051889     0.00014482
    -0.00654121    -0.00634535    -0.00019586
    -0.00045661    -0.00033317    -0.00012344
     0.02942996     0.03007711    -0.00064716
    -0.00057990    -0.00062393     0.00004403
    -0.00422854    -0.00427543     0.00004689
     0.00193402     0.00193190     0.00000212
     0.00932221     0.00897080     0.00035141
    -0.01980126    -0.01972072    -0.00008055
     0.02062277     0.02094962    -0.00032684
    -0.00179149    -0.00137380    -0.00041769
    -0.00602283    -0.00585767    -0.00016517
    -0.00168770    -0.00118471    -0.00050299
     0.01996570     0.01972366     0.00024204
    -0.00504905    -0.00483932    -0.00020972
    -0.00656624    -0.00644810    -0.00011815
    -0.00377373    -0.00374483    -0.00002890
    -0.01289695    -0.01304342     0.00014648
    -0.00199840    -0.00193580    -0.00006261
    -0.00199840    -0.00193580    -0.00006261
    -0.00199840    -0.00193580    -0.00006261
    -0.00199840    -0.00193580    -0.00006261
    -0.00199813    -0.00193580    -0.00006234
    -0.00199813    -0.00193580    -0.00006234
    -0.00199813    -0.00193580    -0.00006234
    -0.00199813    -0.00193580    -0.00006234
    -0.00199813    -0.00193580    -0.00006234
    -0.00199813    -0.00193580    -0.00006234
    -0.00199813    -0.00193580    -0.00006234
    -0.00199813    -0.00193580    -0.00006234
     0.02287517     0.02300027    -0.00012510
    -0.00401749    -0.00390685    -0.00011063
    -0.00371278    -0.00355422    -0.00015856
    -0.00423755    -0.00405568    -0.00018187
    -0.00366341    -0.00364165    -0.00002176
    -0.00360031    -0.00357578    -0.00002454
     0.02466241     0.02487142    -0.00020900
    -0.00535474    -0.00514196    -0.00021278
    -0.00600618    -0.00584978    -0.00015640
    -0.00345293    -0.00341849    -0.00003445
    -0.00978497    -0.00973479    -0.00005018
    -0.00331184    -0.00325953    -0.00005232
    -0.00814437    -0.00795593    -0.00018844
    -0.00640229    -0.00619604    -0.00020626
    -0.00378622    -0.00376228    -0.00002394
    -0.01449997    -0.01407712    -0.00042285
    -0.00324942    -0.00314708    -0.00010234
    -0.00326196    -0.00314909    -0.00011287
    -0.00570280    -0.00562719    -0.00007561
    -0.00596259    -0.00587646    -0.00008613
    -0.01144544    -0.01120974    -0.00023570
    -0.00646189    -0.00634160    -0.00012029
    -0.00976045    -0.00968969    -0.00007076
    -0.01326027    -0.01286803    -0.00039224
    -0.00369776    -0.00368721    -0.00001055
    -0.00295189    -0.00291510    -0.00003679
    -0.00518410    -0.00498610    -0.00019799
    -0.00361367    -0.00360472    -0.00000896
    -0.00386421    -0.00384154    -0.00002266
    -0.00317981    -0.00309365    -0.00008616
    -0.00313543    -0.00305652    -0.00007891
    -0.00417466    -0.00415975    -0.00001491
    -0.01162019    -0.01129550    -0.00032469
    -0.00351593    -0.00340052    -0.00011541
    -0.00784039    -0.00767797    -0.00016242
    -0.00615600    -0.00606891    -0.00008709
    -0.01331663    -0.01326259    -0.00005404
    -0.00777925    -0.00774287    -0.00003637
    -0.00395591    -0.00392853    -0.00002738
    -0.00475271    -0.00462937    -0.00012335
    -0.00722070    -0.00708483    -0.00013587
    -0.00327339    -0.00319331    -0.00008008
    -0.00413349    -0.00394328    -0.00019021
    -0.00375493    -0.00375217    -0.00000276
    -0.00357786    -0.00331138    -0.00026648
    -0.00697896    -0.00684940    -0.00012956
    -0.00404827    -0.00400709    -0.00004118
    -0.00246312    -0.00232321    -0.00013991
    -0.00246285    -0.00232321    -0.00013964
    -0.00246285    -0.00232321    -0.00013964
    -0.00246285    -0.00232321    -0.00013964
    -0.00246285    -0.00232321    -0.00013964
    -0.00246285    -0.00232321    -0.00013964
    -0.00246285    -0.00232321    -0.00013964
    -0.00246285    -0.00232321    -0.00013964
    -0.00246285    -0.00232321    -0.00013964
    -0.00246285    -0.00232321    -0.00013964
    -0.00246285    -0.00232321    -0.00013964
    -0.00246285    -0.00232321    -0.00013964
    -0.00605170    -0.00599671    -0.00005499
    -0.00687790    -0.00677833    -0.00009956
    -0.00381071    -0.00364123    -0.00016948
    -0.00740713    -0.00733225    -0.00007487
    -0.00347228    -0.00337674    -0.00009555
    -0.00728386    -0.00719054    -0.00009332
    -0.00676149    -0.00665532    -0.00010616
    -0.00649710    -0.00637244    -0.00012466
    -0.00663351    -0.00651479    -0.00011872
    -0.00492668    -0.00485761    -0.00006906
    -0.00226807    -0.00224065    -0.00002742
    -0.00226807    -0.00224065    -0.00002742
    -0.00226807    -0.00224065    -0.00002742
    -0.00226780    -0.00224065    -0.00002715
    -0.00226780    -0.00224065    -0.00002715
    -0.00226780    -0.00224065    -0.00002715
    -0.00226780    -0.00224065    -0.00002715
    -0.00226780    -0.00224065    -0.00002715
    -0.00226780    -0.00224065    -0.00002715
    -0.00226780    -0.00224065    -0.00002715
    -0.00226780    -0.00224065    -0.00002715
    -0.00226780    -0.00224065    -0.00002715
    -0.00326392    -0.00321729    -0.00004664
    -0.00454144    -0.00446925    -0.00007220
    -0.00414574    -0.00410672    -0.00003901
    -0.02933287    -0.02940658     0.00007372
    -0.05325783    -0.05322610    -0.00003172
     0.06033891     0.05992907     0.00040984
     0.05203029     0.05244993    -0.00041963
     0.02469017     0.02377470     0.00091547
    -0.03290368    -0.03312221     0.00021853
    -0.03169354    -0.03188535     0.00019181
    -0.03195262    -0.03209092     0.00013831
    -0.04179487    -0.04125237    -0.00054250
    -0.03662791    -0.03677667     0.00014875
    -0.05422111    -0.05418666    -0.00003444
    -0.02810754    -0.02783959    -0.00026795
    -0.04178006    -0.04160977    -0.00017029
    -0.02668964    -0.02653869    -0.00015094
    -0.04171372    -0.04200869     0.00029496
     0.04715559     0.04760329    -0.00044770
    -0.03008572    -0.02985003    -0.00023569
    -0.02983965    -0.02954340    -0.00029626
    -0.02888276    -0.02892524     0.00004248
     0.04762423     0.04813771    -0.00051349
    -0.05690100    -0.05683603    -0.00006496
    -0.02532849    -0.02482979    -0.00049870
    -0.04292885    -0.04299888     0.00007003
    -0.03570547    -0.03576075     0.00005527
     0.02515927     0.02531855    -0.00015928
    -0.02895049    -0.02885335    -0.00009715
    -0.05104764    -0.05108570     0.00003807
    -0.05818524    -0.05818008    -0.00000515
    -0.03156026    -0.03184645     0.00028620
    -0.03942231    -0.03982234     0.00040004
    -0.05054069    -0.05090970     0.00036901
    -0.02949703    -0.02966741     0.00017037
    -0.04102963    -0.04083878    -0.00019085
    -0.03389058    -0.03405365     0.00016307
    -0.04916967    -0.04938122     0.00021155
    -0.03107216    -0.03099049    -0.00008168
    -0.04177419    -0.04203386     0.00025968
    -0.03017476    -0.03048646     0.00031170
    -0.03164388    -0.03134666    -0.00029721
    -0.05028784    -0.05018719    -0.00010065
    -0.03255078    -0.03252265    -0.00002813
    -0.04352793    -0.04338701    -0.00014092
    -0.04456316    -0.04437842    -0.00018474
    -0.04455347    -0.04482784     0.00027437
    -0.03846041    -0.03850453     0.00004412
    -0.04068178    -0.04073453     0.00005274
    -0.03427456    -0.03435557     0.00008101
    -0.06052406    -0.06045070    -0.00007336
    -0.04939397    -0.04918393    -0.00021004
     0.01642659     0.01631842     0.00010816
    -0.05031954    -0.05030533    -0.00001421
    -0.03495697    -0.03489770    -0.00005927
    -0.04536685    -0.04530997    -0.00005688
    -0.04780807    -0.04763414    -0.00017393
    -0.05232309    -0.05360886     0.00128577
    -0.04021418    -0.04006227    -0.00015191
    -0.04318812    -0.04285501    -0.00033311
    -0.03361874    -0.03358708    -0.00003166
    -0.03018575    -0.03013528    -0.00005048
    -0.03876126    -0.03870872    -0.00005254
    -0.04694789    -0.04736866     0.00042077
    -0.03809042    -0.03818357     0.00009315
    -0.03654217    -0.03679255     0.00025038
    -0.03205501    -0.03222197     0.00016696
    -0.03261200    -0.03327081     0.00065881
    -0.05618381    -0.05610714    -0.00007668
     0.05745499     0.05654821     0.00090678
     0.04562843     0.04539044     0.00023799
     0.04791702     0.04757192     0.00034510
    -0.04559877    -0.04536338    -0.00023540
    -0.03918372    -0.03959091     0.00040719
    -0.05799005    -0.05783268    -0.00015737
    -0.04264054    -0.04269300     0.00005246
    -0.03403181    -0.03409034     0.00005853
    -0.03887693    -0.03858965    -0.00028729
    -0.04489071    -0.04469807    -0.00019264
    -0.04467176    -0.04472105     0.00004929
    -0.04204690    -0.04199307    -0.00005383
    -0.04610433    -0.04655539     0.00045106
    -0.03643199    -0.03654747     0.00011548
    -0.05329598    -0.05341027     0.00011430
    -0.05926243    -0.05896246    -0.00029997
    -0.04013609    -0.03990826    -0.00022782
    -0.03807393    -0.03811034     0.00003642
    -0.04255039    -0.04224014    -0.00031025
    -0.04546761    -0.04539077    -0.00007685
    -0.04598460    -0.04570090    -0.00028370
    -0.04308466    -0.04281802    -0.00026664
    -0.05111599    -0.05129255     0.00017656
    -0.03878335    -0.03873408    -0.00004928
    -0.04133355    -0.04127905    -0.00005451
    -0.04490042    -0.04507079     0.00017037
    -0.05407624    -0.05379244    -0.00028380
    -0.06420916    -0.06455268     0.00034352
    -0.05506420    -0.05469055    -0.00037365
    -0.06777222    -0.06769205    -0.00008016
    -0.06704431    -0.06683855    -0.00020576
    -0.06867857    -0.06878936     0.00011079
    -0.06441868    -0.06316562    -0.00125307
    -0.06949418    -0.06904859    -0.00044559
    -0.03355613    -0.03343471    -0.00012142
     0.04867733     0.04904190    -0.00036457
     0.03045659     0.03024339     0.00021320
     0.05049405     0.05032794     0.00016611
     0.02730608     0.02795848    -0.00065239
     0.00673204     0.00641168     0.00032036
    -0.00162923    -0.00153614    -0.00009309
     0.04036219     0.04043871    -0.00007652
     0.03132730     0.03109644     0.00023086
     0.02635880     0.02672174    -0.00036294
     0.04489479     0.04490290    -0.00000811
     0.04146887     0.04186046    -0.00039159
     0.04037329     0.04010846     0.00026483
     0.03651635     0.03653559    -0.00001924
     0.03297130     0.03297561    -0.00000430
     0.03064579     0.03002529     0.00062050
     0.01037712     0.01047847    -0.00010135
     0.00122612     0.00118559     0.00004052
     0.00494888     0.00518800    -0.00023912
     0.02572850     0.02606558    -0.00033708
     0.04244427     0.04237882     0.00006545
     0.02155068     0.02161901    -0.00006833
     0.04116038     0.04104292     0.00011746
     0.04152409     0.04165948    -0.00013539
    -0.00217457    -0.00099714    -0.00117743
     0.02609801     0.02591155     0.00018646
     0.00373316     0.00361993     0.00011323
     0.01981735     0.02001755    -0.00020021
     0.00941201     0.00948212    -0.00007011
     0.04567706     0.04610025    -0.00042319
     0.03151990     0.03148589     0.00003401
     0.04490611     0.04495449    -0.00004839
     0.04584670     0.04588217    -0.00003547
     0.05068028     0.05077838    -0.00009810
     0.02576148     0.02568218     0.00007930
     0.04287608     0.04288832    -0.00001224
     0.04473628     0.04496059    -0.00022431
     0.03453598     0.03438228     0.00015371
     0.02604674     0.02609595    -0.00004922
     0.03749073     0.03772097    -0.00023024
     0.05028370     0.05036711    -0.00008341
     0.05919864     0.05919340     0.00000524
     0.00980619     0.00985197    -0.00004577
     0.01925829     0.01913070     0.00012758
     0.04380396     0.04377972     0.00002424
     0.04677580     0.04684041    -0.00006461
     0.02223663     0.02240485    -0.00016822
    -0.00188338    -0.00169210    -0.00019129
     0.00153646     0.00184195    -0.00030549
     0.05163086     0.05152296     0.00010790
     0.02591289     0.02588197     0.00003092
     0.02262610     0.02233461     0.00029149
     0.03210440     0.03216056    -0.00005616
    -0.03468137    -0.03459509    -0.00008628
     0.01001278     0.01001949    -0.00000671
     0.04768287     0.04777723    -0.00009436
    -0.00069756    -0.00080743     0.00010986
     0.02325744     0.02402965    -0.00077221
     0.01946833     0.01940608     0.00006225
     0.04512802     0.04515779    -0.00002977
    -0.00019380     0.00025898    -0.00045278
     0.02209075     0.02248677    -0.00039602
     0.03497964     0.03529141    -0.00031177
     0.03626197     0.03610122     0.00016075
     0.02777325     0.02849552    -0.00072227
     0.01011172     0.01044730    -0.00033558
     0.02895757     0.02885607     0.00010150
     0.01607913     0.01638990    -0.00031077
     0.01554867     0.01553695     0.00001171
     0.04641337     0.04650907    -0.00009570
     0.03424629     0.03485310    -0.00060681
     0.02764568     0.02751623     0.00012945
     0.02873648     0.02871652     0.00001996
     0.04610210     0.04608695     0.00001515
     0.03055485     0.03056899    -0.00001414
     0.02965636     0.02972693    -0.00007057
     0.01531492     0.01536175    -0.00004683
     0.02899809     0.02876618     0.00023191
     0.02757645     0.02753161     0.00004485
     0.01088390     0.01076556     0.00011835
     0.04018376     0.04018237     0.00000140
    -0.03579922    -0.03583831     0.00003910
    -0.03577168    -0.03580676     0.00003508
     0.01771992     0.01741700     0.00030292
     0.01825979     0.01844552    -0.00018573
     0.01602585     0.01609316    -0.00006732
    -0.00110633    -0.00115907     0.00005274
     0.01104012     0.01102090     0.00001922
     0.03440205     0.03450281    -0.00010076
     0.02508060     0.02517104    -0.00009044
     0.04305285     0.04306621    -0.00001336
     0.01801429     0.01806150    -0.00004721
     0.00941917     0.00923800     0.00018117
     0.03303740     0.03299709     0.00004030
     0.03381793     0.03377485     0.00004308
     0.02081181     0.02079625     0.00001556
     0.04130144     0.04134031    -0.00003887
     0.03236816     0.03251348    -0.00014532
     0.03643583     0.03646202    -0.00002619
     0.02929654     0.02969322    -0.00039668
    -0.00964976    -0.00967898     0.00002923
    -0.00459698    -0.00461408     0.00001710
     0.00102818     0.00113595    -0.00010777
     0.00622109     0.00651229    -0.00029120
     0.01350136     0.01374766    -0.00024629
    -0.01726048    -0.01720508    -0.00005540
     0.02487306     0.02510086    -0.00022780
    -0.02687927    -0.02723969     0.00036042
    -0.00430702    -0.00422539    -0.00008163
    -0.03038407    -0.03015250    -0.00023157
    -0.03815679    -0.03997054     0.00181375
    -0.02253203    -0.02238589    -0.00014614
    -0.00372714    -0.00332863    -0.00039852
    -0.02220093    -0.02176814    -0.00043279
     0.00643500     0.00736280    -0.00092780
    -0.00592463    -0.00569231    -0.00023232
     0.00396228     0.00407581    -0.00011353
    -0.01629516    -0.01638771     0.00009255
    -0.02417669    -0.02407919    -0.00009750
     0.02365214     0.02322528     0.00042686
     0.01911799     0.01895187     0.00016612
     0.01045353     0.01060256    -0.00014904
    -0.00087988    -0.00093606     0.00005618
    -0.01676371    -0.01735302     0.00058931
     0.00130111     0.00165791    -0.00035680
     0.00024330     0.00056824    -0.00032495
    -0.00748147    -0.00742276    -0.00005871
    -0.01153893    -0.01124218    -0.00029675
     0.02065624     0.02089724    -0.00024100
    -0.00355119    -0.00348779    -0.00006340
     0.00902841     0.00917036    -0.00014195
     0.01158070     0.01155009     0.00003062
    -0.01187698    -0.01200339     0.00012641
    -0.01220221    -0.01222103     0.00001882
     0.01492833     0.01499529    -0.00006696
     0.00706832     0.00715245    -0.00008413
    -0.00651296    -0.00661842     0.00010546
    -0.00645808    -0.00646308     0.00000500
     0.01971783     0.01956351     0.00015432
    -0.01547917    -0.01535631    -0.00012286
     0.02039167     0.02047259    -0.00008092
    -0.03156796    -0.03185272     0.00028477
    -0.01657546    -0.01659758     0.00002212
     0.00665808     0.00692107    -0.00026299
    -0.02625651    -0.02631239     0.00005588
     0.00221903     0.00236132    -0.00014229
     0.01079119     0.01071040     0.00008079
    -0.01704464    -0.01727073     0.00022609
     0.00956420     0.00935968     0.00020453
    -0.00197013    -0.00199490     0.00002476
     0.00832649     0.00841621    -0.00008972
     0.00171655     0.00143973     0.00027682
    -0.01055323    -0.01019494    -0.00035829
    -0.02671636    -0.02640160    -0.00031476
     0.01623200     0.01633391    -0.00010191
     0.01000418     0.01020276    -0.00019858
     0.01063127     0.01053835     0.00009292
    -0.00044899     0.00003103    -0.00048002
    -0.02027335    -0.02015631    -0.00011704
    -0.00027421    -0.00023944    -0.00003477
     0.01466832     0.01482332    -0.00015500
    -0.01398649    -0.01397126    -0.00001522
    -0.00362069    -0.00363431     0.00001362
    -0.03537774    -0.03537760    -0.00000014
     0.01407795     0.01380999     0.00026796
     0.00122647     0.00159690    -0.00037043
     0.00712623     0.00716776    -0.00004154
    -0.00394056    -0.00387966    -0.00006090
    -0.01097650    -0.01101457     0.00003807
     0.00805925     0.00820069    -0.00014144
    -0.01865145    -0.01871482     0.00006338
    -0.00558084    -0.00557126    -0.00000958
    -0.00422718    -0.00424696     0.00001978
    -0.02147280    -0.02162705     0.00015425
    -0.01381756    -0.01388631     0.00006875
    -0.02999770    -0.02983664    -0.00016106
     0.00525123     0.00547910    -0.00022787
    -0.00223525    -0.00245975     0.00022450
    -0.02521208    -0.02483713    -0.00037495
    -0.00946407    -0.00935705    -0.00010702
    -0.02203782    -0.02217492     0.00013710
    -0.00941182    -0.00938951    -0.00002231
     0.01564187     0.01571209    -0.00007022
    -0.01377089    -0.01387814     0.00010724
    -0.00138699    -0.00141315     0.00002616
    -0.02177686    -0.02200483     0.00022796
    -0.01737580    -0.01756511     0.00018930
    -0.01160234    -0.01165811     0.00005577
    -0.02103761    -0.02090956    -0.00012806
    -0.00579676    -0.00567658    -0.00012018
    -0.01584750    -0.01552874    -0.00031877
    -0.01752661    -0.01751220    -0.00001441
    -0.03256680    -0.03268760     0.00012080
    -0.02233549    -0.02211421    -0.00022128
    -0.02202819    -0.02196371    -0.00006448
    -0.01482022    -0.01475013    -0.00007009
    -0.01577618    -0.01581436     0.00003818
    -0.00439352    -0.00405377    -0.00033975
    -0.01136451    -0.01156784     0.00020333
    -0.01543770    -0.01560325     0.00016555
     0.00025928     0.00021977     0.00062206     0.00029698     0.00181375
