                 -1.27298586260677426552
                 -1.39852011747467996905
                  1.08277810952929520738
                  1.18678908067263688686
                  0.95284139289040015175
                 -0.70977417269683418244
                  0.47566863549339649664
                  0.15256067369337683592
                 -0.53498947737139124214
                 -0.45322788597265900590
                 -0.58482237765382971695
                 -0.99211259590109357465
                  1.30215276340973407088
                 -1.37195869996441510708
                 -1.54514462467392066358
                  1.69742700964342474457
                 -1.52085440946709882226
                  1.33631428786785932949
                  1.11193430031950013515
                  0.54759947871171932299
                 -0.26743499456465485986
                  0.31649786751543967922
                 -0.04494555658005600779
                 -0.12930103458886393897
                  0.34042644434993268865
                  0.82490169074563479690
                  0.92690686606089944810
                  1.14402041743522109307
                 -1.27780278459207763397
                  1.68804068043836830171
                 -0.46793410603620666510
