                 -1.42136535829656218688
                 -1.28478223946564296121
                 -1.06540778191364360339
                  0.99438531148058539877
                 -0.69363821177068651913
                 -0.78745135715184233494
                  0.46530022545801830169
                  0.43872764569389072209
                  0.37009192550900682495
                 -0.45745909259581524209
                 -1.06688988237188953079
                  1.21385957297442037550
                 -0.83899143372152507059
                  1.10815595848303760640
                  1.77594020012514142159
                  1.69190009268900265482
                 -1.39844336863270957139
                 -1.09848609426817978019
                  0.97037003865339688247
                  0.73199152585315163666
                 -0.54049786603504557103
                  0.25944200001498063379
                 -0.16333293402295906427
                 -0.27892769970217556885
                  0.61960217639542281010
                  0.65348408044800088135
                  1.16239771679400893944
                 -1.25822724389401097156
                  1.39374457177703425792
                  1.66236117397108218441
                  0.48074345775424093263
