49	2	1
15	15	
1	1006
  0.0541842829057199	  0.1350382824641063	  0.1028140005708283	  0.0808274914305135	  0.0117280532552035	  0.0090713076749631	  0.0408419396339448	  0.0526260938033361	  0.0385319098194729	  0.0526277675808892	  0.0128688578958507	  0.0349225647065768	  0.0782293765128481	  0.0058852985380098	  0.0215461304773807	  0.0770850245846771	  0.0363693839431703	  0.0007897724335645	  0.0045851585634036	  0.0079551659479091	  0.0045853042868650	  0.0070930858814314	  0.0205754373056020	  0.0029067970645120	  0.0022483227138577	  0.0102111523103878	  0.0139601798201338	  0.0182692939820576	  0.0139724675544693	  0.0010210765254475	  0.0017686151791450	  0.0024439626812095	  0.0044361892421159	  0.0082370923970868	  0.0082371203982217	  0.0159237277366876	  0.0205748337084173	  0.0436011329309125	  0.0205761424775803	  0.0013025085673205	  0.0047254956612206	  0.0366107215518760	  0.0034157670152333	  0.0097447243369872	  0.0318039078163828	  0.0006385113084472	  0.0042037414877297	  0.0436197306075463	  0.0128017117236111	  0.0649165442743262
  0.0543081703992479	  0.1352417751153107	  0.7496490914067200	  0.2249815211352726	  0.0117280784653980	  0.0090713150881153	  0.0409369305283490	  0.0527041079294688	  0.1431295510618842	  0.0527057817058099	  0.0128960711336400	  0.0349672640846003	  0.1763880250275451	  0.0058853138861208	  0.0215461570603354	  0.2862853768365308	  0.0571497682232909	  0.0007897724344829	  0.0045851682283781	  0.0079733745454090	  0.0045853139518394	  0.0070930915654753	  0.0206053460209570	  0.0029068026022059	  0.0022483243422374	  0.0102315767748416	  0.0139773164729541	  0.0347609524562272	  0.0139896042070235	  0.0010210765285707	  0.0017686151824383	  0.0024439626827181	  0.0044362010102997	  0.0082371025883442	  0.0082371305894789	  0.0159601449316874	  0.0206047424242369	  0.1112585577051676	  0.0206060511924706	  0.0013025119387003	  0.0047255015004563	  0.0696143144740905	  0.0034213089172305	  0.0097545430423993	  0.0459538725501495	  0.0006385113103487	  0.0042037414916306	  0.1112804346850194	  0.0157972878564039	 -0.0045776354522802
                  0.41765981974023741463
                 -0.37720875820451288396
                 -0.19547511847631957038
                  0.13732649597618856729
                 -0.39693787733413926633
                 -0.38711710658132514329
                  0.01388687914904337961
                 -0.33660720963878132395
                 -0.12484378097108804473
                 -0.26168083541221776045
                  0.02944680096342083137
                 -0.21489462902670047884
                 -0.26225408863539340087
                  0.02909962191378701740
                 -0.09945648833557131641
                  0.34064481246010280824
                  0.02340986628072750167
                 -0.34430838656775786255
                 -0.19418645817931950992
                 -0.00351218218986638214
                  0.16004802186945080167
                 -0.45089046319260578377
                 -0.03632722435749994455
                 -0.37730241009085668802
                 -0.33857282386304587973
                  0.07833290915789679898
                 -0.07273234786093350779
                 -0.31151432655965044516
                  0.12901689853005232633
                 -0.26104066705965822681
                  0.37302416421448403305
                  0.24326516400362541148
                  0.22544861997941609277
                  0.51809543688992432120
                 -0.19155792366724261333
                  0.22434554021736027862
                  0.27225199320709997375
                 -0.03880860426213122993
                 -0.19201615886414624690
                  0.30084096296591911202
                  0.21660506574324497886
                 -0.21400200196966084887
                  0.38659588105073922071
                  0.19715484118814705083
                  0.15029775680041601582
                 -0.00420197618094697144
                  0.34084616063747064096
                  0.16855324767340346126
                  0.03414442176162094805
                  0.23670047690781315097
                 -0.01333247735639602957
                 -0.30316549560623129445
                 -0.16906338476442012153
                 -0.18236587605684098645
                 -0.07243627625589840746
                 -0.10468232228698437503
                 -0.01453745061211296138
                 -0.31788115907689884487
                  0.01635732176599114657
                 -0.23998511559588986408
                  0.20160511985731585649
                 -0.14702694794937065659
                  0.19970732063777263399
                 -0.36530844450881616581
                 -0.23960409318106090648
                 -0.01552078681606970136
                 -0.04971197840720329580
                  0.15808553797633748128
                 -0.03113097195624903862
                  0.05150362507892611297
                 -0.17740917279689430441
                 -0.10236344176096846825
                 -0.19407367879105494324
                 -0.10274371316843221302
                 -0.19444741667622042480
                 -0.17950284430349677800
                 -0.08268638969552233320
                  0.04829974503631266625
                 -0.12407779218371511876
                 -0.00641125562054545295
                 -0.03198655709187991913
                  0.15740438596605019206
                  0.26561082373355093811
                 -0.10318544673928140010
                 -0.22326385123294575918
                  0.08933522459894481516
                 -0.29434080185506505956
                 -0.07141939168151448247
                  0.31101007211718351142
                 -0.31545252787845790010
                  0.19457014766782265713
                 -0.07448044639099749009
                 -0.17206090843915469724
                 -0.29285953121133989629
                  0.19651079665423898390
                 -0.25657075246319971384
                  0.14038716277908333541
                  0.33157440705529273028
                 -0.08442257637353113575
                  0.17331700769210595103
                  0.14088004113941579587
                 -0.05767466651283566226
                  0.19590904775365058921
                  0.43282964684906993780
                 -0.13353009969593587769
                 -0.23512954767148588897
                 -0.34324863379516723505
                 -0.22329840527999955668
                 -0.33948910837088619452
                  0.09758434879506065751
                  0.24448222228334229311
                  0.21463291692232452923
                  0.20010303089120420883
                 -0.26256056599268667862
                  0.06722743790130730757
                  0.33015079544747633067
                  0.06169259181844603118
                  0.27205274209909430239
                  0.12214649395307708435
                  0.04122296083672254835
                  0.19623029753653570273
                 -0.30546386414867188197
                  0.12829118713567672083
                  0.19533263519215238180
                 -0.19707884937896685829
                 -0.00391818149269706085
                  0.18280841443430118076
                  0.30636544010616512113
                 -0.20885341567338683300
                 -0.12494210440740749490
                  0.08750035525925786706
                 -0.06354038957361052287
                 -0.10884019712791888346
                 -0.31367590628563007948
                  0.04542784322114363366
                 -0.01669666288175716481
                 -0.11134696092482929131
                  0.03954590643224047825
                 -0.35245695181836794729
                 -0.00712144388085606504
                 -0.02940396192605546424
                  0.09143206183003621534
                 -0.12924536195076732903
                  0.00593033885021030001
                 -0.14909693109109986575
                  0.59315515766175219703
                 -0.21088220160100867862
                 -0.06036253688478004226
                  0.24920788982849664817
                  0.23530315104328436426
                 -0.18096544462179317558
                 -0.09147647398957438336
                  0.28199760299337645053
                 -0.00788243244360136396
                  0.20623168764241311957
                 -0.23514642664744364597
                  0.31907620530015406990
                  0.25816588154581054937
                  0.12977743885146122982
                 -0.16946230577945547990
                 -0.30672542308358641261
                  0.30776218385790699017
                  0.27516951154563379367
                 -0.13497460813992048778
                  0.11297206975454179845
                  0.30676175142278439001
                 -0.20611889519731665943
                 -0.17664691154729400546
                  0.32646959394352054185
                  0.06673346018105290323
                  0.08240698510388394515
                 -0.23201445905330428388
                 -0.22868682501877510282
                  0.04554410579691941380
                 -0.27457372362460324977
                 -0.14886177777308767789
                 -0.17407698907959001655
                 -0.20200182423523896369
                  0.16173751897338062289
                  0.11877246040804106952
                 -0.14599590401943224327
                 -0.14056556508435538722
                 -0.20402917874180070967
                 -0.29591443811921880336
                 -0.19307939711969546170
                 -0.12884013139542505044
                  0.15649083631337409872
                  0.24299990286698200381
                  0.05022757655725463427
                 -0.30124448433721207063
                  0.16970904865965161235
                 -0.19548445939182210185
                 -0.15818903869368283743
                  0.13779349212932659463
                  0.34730107164176454715
                  0.31511350539736859844
                 -0.03204339805041942629
                  0.47790800772602304303
                 -0.16284666986999940530
                  0.16926750532361439783
                  0.34279863261921800222
                  0.13670202954453375410
                 -0.28321634396804667988
                  0.48137163315214548387
                  0.16983018399655308572
                  0.25041917818191566925
                  0.12759179360378147816
                 -0.14025973905163907629
                  0.23786438666992851254
                  0.17466869455900224661
                  0.19320177007739519626
                 -0.10068704342137779761
                 -0.20995313683821603679
                  0.04274095751877615007
                 -0.11842101071308729077
                 -0.27161459467032295079
                 -0.08382832031293557806
                  0.05431143844911557467
                  0.03573850051754108581
                 -0.28217315580878143955
                 -0.03969629797265566973
                  0.18047467405222625270
                  0.02415155578630624744
                 -0.08373237659845586545
                 -0.26066126984728954508
                 -0.20761922970556528911
                  0.28349234132021516874
                  0.05207250647709955882
                 -0.24726566138404007522
                  0.23577272270929863773
                 -0.01003344303342532974
                 -0.03720016700633554246
                  0.29591152345731541740
                  0.17823760902342453138
                 -0.39400263165700943890
                  0.22769425860092415426
                  0.26380308425467063893
                  0.26020795975278038226
                 -0.26697294378847508112
                  0.20081142309783853173
                  0.13638912237550748774
                  0.19343028383433868989
                 -0.44583200948218709714
                 -0.24641461567441969027
                 -0.09874784234858384468
                  0.22397548359156846387
                 -0.18282301978814680110
                  0.13129728818926220124
                 -0.25839626802969928310
                  0.15971260188806885028
                 -0.31579300633428181166
                 -0.01767688129958921300
                  0.23661639301951886694
                  0.01516314884976415096
                 -0.30641803136964584908
                 -0.21982634900451780702
                 -0.06676835168504796636
                 -0.04823931285594630636
                 -0.09080864882177387687
                 -0.10625736439369296016
                  0.10426785823715770118
                  0.16476048552419705895
                 -0.22211141515309867911
                 -0.36644286897560779392
                  0.27492749187343690220
                  0.12921446131180966410
                  0.19252990394462898838
                 -0.17185641462902923049
                 -0.31460472503856107274
                 -0.27725500301174188511
                 -0.12240315413720710691
                  0.33842628837315458235
                 -0.06169969791289120487
                  0.24210402407580811079
                  0.16384924436391659630
                  0.18870588957400785679
                  0.16421133692599163001
                  0.22320887618638859951
                  0.02102162753132674061
                  0.09252626056778731622
                 -0.26219828681462908904
                  0.46435717485469679700
                 -0.22367474644834933750
                  0.06336088810855720899
                 -0.36615859668366457225
                  0.26718386199819060822
                  0.33292370476655641642
                  0.10967792214869966083
                 -0.22693493835637748579
                 -0.24441667625376403694
                 -0.12480483483174201198
                 -0.03740777235758075553
                 -0.26538489814814308909
                 -0.14260895137375215191
                 -0.30198879431834030340
                 -0.04901783737275772906
                  0.14132905339804144318
                 -0.32312778906699984871
                 -0.17379784519552768374
                  0.10972869013751918033
                  0.07196900422441834810
                 -0.23956101506590751771
                  0.04049993926514094261
                 -0.14728319462739764001
                 -0.32697844569442602314
                  0.22586043210460224340
                 -0.36287430532581643750
                  0.13458730007637859094
                 -0.04602299033415301749
                  0.08460113943070909914
                  0.41140836608766973015
                 -0.30345203498727735258
                  0.05212070030449197922
                  0.09186664311668781002
                 -0.19581297163619074131
                  0.02790920036869306078
                  0.21551116221161525921
                  0.28285287786619905948
                  0.25460850181635313882
                 -0.00134807435920216486
                 -0.20542553249091394241
                 -0.01686118033434378868
                 -0.27730802415945532413
                  0.15022642088959001216
                 -0.02670117609358004657
                  0.18598618519668275173
                  0.28755371615544111918
                  0.26399942442594248604
                 -0.18108430769744196520
                 -0.08310235982752257888
                  0.04914517450987518354
                 -0.13285365476023339171
                  0.29964450248281498945
                 -0.26980688826537929659
                  0.03715764131482879318
                 -0.24778228303352528572
                  0.36695301050553763567
                  0.05167199653225448136
                  0.26642550120370939171
                 -0.02921264908042131569
                  0.21725883656959846246
                  0.41666851104816415852
                 -0.16030442081234422269
                  0.04760133071491091244
                  0.03945572728185220424
                 -0.31723731649033864999
                 -0.24692494829157388136
                  0.15175996380624837134
                 -0.16257609106991188774
                  0.34963833030861107831
                 -0.12338483828408021437
                  0.23336283229169776932
                  0.09763445241206235303
                 -0.37910072318792253920
                  0.20774488349948486143
                  0.23849705124501557885
                  0.23146266199820578202
                  0.16840576308326543620
                 -0.18002167673857866204
                  0.15527928092712781072
                  0.08280657507078062474
                 -0.17666245551125278612
                  0.10960609426101551589
                 -0.14105645291372453931
                  0.03100484260552707413
                 -0.12868083253052373105
                 -0.08982911092836101674
                 -0.28655144571179347324
                  0.20300981046064950353
                  0.19362513689244639781
                 -0.37434576117417178720
                 -0.29893225793898464682
                 -0.03777929547059713511
                 -0.44850740584220422091
                 -0.22177426591553250912
                 -0.36355088552224562592
                  0.19799498137886320515
                 -0.26118000454431616886
                  0.21281807623814638641
                 -0.18373071867348383934
                  0.18796805223211029978
                  0.09970440371094159426
                  0.05703980566663451740
                  0.19549368156773772043
                 -0.06126021234124788550
                  0.17819507608965731715
                  0.06710456248626740783
                  0.03964498126660259691
                  0.09695877323118701208
                  0.43443710843167471225
                 -0.10899170260563527390
                  0.01828295989584402884
                  0.14740134792893516691
                 -0.27968132493696001850
                 -0.11199591118187214589
                 -0.00619484629058793604
                  0.30291133119025948073
                 -0.25842725157618179344
                  0.24968289440748925312
                  0.28192481959074272568
                  0.01036551810390190509
                  0.28966557226743733233
                 -0.15472859327253524198
                 -0.17648983484436289726
                 -0.06077275152588016566
                  0.11957021039708137788
                 -0.19846261361869810269
                  0.17140081594687939237
                 -0.24938762163790517690
                  0.04246266612870185087
                  0.12624715053730187209
                  0.19162793887249304770
                  0.18634175767248026268
                 -0.05766050859207185603
                 -0.25470731783770678147
                  0.15090361800803275827
                  0.03390414091635762101
                 -0.03575301296400337780
                 -0.29221829127450371644
                  0.15388005581963440371
                  0.33129471682903238738
                  0.35070718107587894874
                  0.09014971515245788491
                 -0.14390611113997442416
                 -0.13623789456648591201
                 -0.37360519020872123841
                  0.20814386448020597009
                 -0.11360062426123811175
                 -0.08534830169109951237
                  0.18097236935201377328
                  0.23809694422520677470
                  0.02713525087239145386
                 -0.29718053649223696855
                  0.11966187378287554410
                 -0.23986191935816067455
                  0.34314850904049409852
                  0.03785536120032902130
                  0.08455835139066611439
                  0.13063155109030288870
                 -0.11042751708181411385
                 -0.04554533770348170862
                  0.15931274806612957806
                  0.32157244358805614493
                  0.21063683574764180406
                 -0.02285218038916963373
                 -0.26061118505380809207
                 -0.29615800064130587410
                 -0.09695173090437041175
                 -0.05262581475524148733
                  0.38460751614295773937
                 -0.26887568522429455831
                 -0.01198509825528154375
                 -0.16622394841125839871
                 -0.19230731092760466883
                  0.34529934649279453440
                 -0.13164162480755609019
                 -0.28204696490903896633
                 -0.29427442919436269664
                  0.34678200712617063273
                 -0.28571460104787466117
                 -0.11977569838418715420
                  0.13556085065485706798
                  0.14126374066731503532
                 -0.17430030970583670902
                  0.15560973231284422336
                  0.24385553122229411405
                  0.24198050856307323775
                  0.26169963634261705909
                 -0.08424300406385221152
                  0.07308761421955059512
                 -0.17702336980829455615
                  0.13947785201065496241
                 -0.31144145743429357820
                  0.03280580098133634159
                 -0.22800420417684225116
                  0.02869483867313895806
                  0.09442785475479598123
                 -0.21911858100570905106
                  0.33660962485988510373
                 -0.07870359360463471954
                 -0.25347834509804534342
                  0.02030479902756895591
                  0.18371081868757746514
                  0.21048225942893863949
                 -0.12829945823963750939
                 -0.28515057561819173726
                 -0.18209149034661142874
                  0.29505850326142130102
                  0.00776618733449392640
                  0.05135923129881740656
                 -0.06515910744182455694
                  0.03494156523562674810
                  0.23889940107412407921
                  0.18506562116621236291
                  0.05208201624182665773
                 -0.27686774364247734859
                  0.10775566432243434412
                 -0.01907181699198340352
                  0.28182683664945451518
                  0.18892801076180146258
                 -0.07648966101036509813
                  0.14381400568393357120
                 -0.33207813254933304936
                 -0.26240346796279712116
                  0.28927004091096392147
                 -0.17148887920614205860
                 -0.01328675280211188796
                  0.26446698475453900290
                  0.34729911676167402046
                 -0.26898182321892016855
                  0.04411609575458955157
                  0.05906646753848882048
                  0.09906635453816327319
                 -0.29666845011308895508
                  0.23848672554202857143
                  0.09914427226988964392
                  0.35862279297606708406
                 -0.33872178415707160370
                  0.00334146043695063896
                  0.28209484355731462291
                  0.15661618181575046038
                 -0.06650015815524905338
                 -0.25942165793773391824
                  0.03625930562840094795
                 -0.19874559442952705046
                  0.25367084495729758098
                 -0.17957351399055221375
                  0.00789704044292971995
                  0.16908255447191733456
                 -0.33943276733812710599
                 -0.07687788282032202714
                 -0.05801827058338418497
                 -0.03551725485037843938
                  0.26886428510488774579
                 -0.06157806580284867770
                 -0.02637563877121165690
                  0.24866821218721188447
                 -0.34883599984625357493
                  0.23713074381570301008
                 -0.08774136918694527831
                 -0.36053526525043566586
                 -0.11289178644018700581
                  0.12062276561061367752
                  0.17045678047948040201
                 -0.26077338717366987941
                 -0.19235216903619914430
                 -0.21861495622825372065
                  0.17396732873937800767
                  0.23315396974285229614
                  0.29415689798798644317
                  0.05779078424658712354
                  0.12628682113721215186
                  0.05027765184780597085
                 -0.20606199021922699810
                  0.07629848586894610873
                 -0.20359749430385959412
                  0.23967695586703846589
                  0.29682614192205147852
                 -0.19350284181518093152
                  0.33392973426469862996
                  0.18205010587996606208
                 -0.33572013172963172112
                  0.16554192032533729395
                  0.19695647880895325588
                 -0.23724692649244133458
                  0.17866040346969996877
                  0.02904278477265656577
                  0.01155282532933838563
                  0.01674813131464129162
                 -0.30478648534797653236
                  0.11727031499062028075
                 -0.14284660517194594509
                 -0.26862574973657066257
                 -0.27496798394096061413
                  0.12854800442591612919
                 -0.36326067031800501894
                 -0.00829236949348215006
                  0.11877205634027832026
                 -0.11610853202277744700
                  0.24584961706474303678
                 -0.14388664175966953129
                 -0.16292064034553396801
                  0.22822417899068986324
                  0.39296143188944210323
                  0.08553960043355039733
                 -0.06532519871555697577
                  0.11320105307131549111
                 -0.18293649959907479219
                 -0.16680553264524974888
                  0.15238953274099986679
                 -0.22683263649604376577
                 -0.01289891759039471855
                 -0.10594010314216249780
                  0.28330847888789328914
                 -0.27668124433646290594
                 -0.00213869633875935980
                  0.13570815078250239583
                  0.26533190639743531314
                  0.14625585742158025981
                 -0.30396823577044829179
                 -0.15608814364927597884
                  0.38139803289085688620
                  0.20348377111921817084
                  0.14316893213168485621
                 -0.38958055473262614976
                 -0.32113635352468561379
                  0.35652752694480710494
                  0.01992374982204182104
                  0.23799502570172617610
                 -0.15330669234611321583
                  0.07872610504358300287
                 -0.23828973860050148281
                 -0.22136121070349651374
                 -0.18980328205758936755
                 -0.05240212309753546766
                  0.09016626573074720818
                 -0.14888378942979962893
                 -0.17896228046782400312
                  0.25673547000236823790
                  0.18122616532909502363
                  0.18523736960903697257
                 -0.31305287093366518381
                 -0.30694668150563858555
                 -0.21234976297521032662
                  0.07319768043919368250
                 -0.32613356108195679095
                 -0.08460959612525015272
                  0.08841456803826561184
                 -0.14067923454365985347
                 -0.05559475866781031506
                  0.13584511487731673607
                 -0.06310056564471179519
                  0.11954816106453516888
                 -0.08215072263256974205
                 -0.10591416840339357153
                  0.08731642001392896091
                 -0.34722786138235328668
                  0.32972317000277034937
                  0.04904711173079580322
                 -0.20158055587854048496
                  0.13016270499329102295
                  0.11016427004168123649
                 -0.31773829885701959652
                  0.32642380638401913284
                  0.33658739103315821195
                  0.08282015889986292512
                 -0.22487762713389458646
                 -0.01941339079155162892
                  0.08325153036768516424
                  0.26543650889309811092
                 -0.09049794757143418689
                 -0.27896601824307537543
                  0.14935966747906237462
                 -0.11687989168188381295
                  0.00265071345930527596
                  0.29171578424786981376
                 -0.09611149230005557043
                 -0.01178179302759771105
                 -0.28415334194968588921
                 -0.24922165608251137248
                 -0.09190828104907286522
                  0.11456959130697451366
                 -0.31389472057741751865
                  0.28977781484128911638
                  0.28379669782129984812
                  0.02406981296309757337
                  0.09529414298612587375
                  0.04679464765922451003
                  0.23009818875822618534
                  0.30489479787532164368
                 -0.35176426644883118655
                  0.25801947840968247894
                  0.19308993831732879087
                  0.21403867286243247192
                 -0.23616677277085953990
                  0.33025717234567170122
                  0.28347168669571787269
                 -0.22822481183273865546
                 -0.22030662356542971003
                 -0.13289479945146109863
                  0.19770030052787862518
                 -0.09390119235947234910
                  0.03617415246948183644
                 -0.23988875763889991322
                 -0.10173283654347255178
                  0.12019157546907895118
                 -0.16830022986159945408
                  0.16589433654065358081
                  0.06575675790632519446
                 -0.81287939433968137148
                 -0.06412104793452531870
                  0.09062606193126720999
                 -0.24670001895672130643
                  0.00169987466019731401
                  0.66745831796112053969
                 -0.39383910026638924151
                  0.28665488941220590435
                 -0.29298917839968585675
                 -0.54546311260639535057
                  0.00576712798970808928
                  0.22474751448542540366
                  0.07457322920653917941
                 -0.49327963454766987628
                  0.19763548566682012653
                 -0.24313285107502946580
                  0.22404243792484529463
                 -0.10902880187200446327
                  0.11633984827854614019
                  0.00048280205501935458
                 -0.24975262200925077427
                  0.05820658678763221405
                  0.19788480473548464289
                 -0.12501950596145064432
                  0.15921256514518566938
                 -0.18129050875320740221
                 -0.13966012753116746614
                  0.23068663300811623196
                  0.03729835387045201539
                 -0.07571326893829205540
                  0.05986202262944304020
                  0.21770509226623188659
                  0.00426434385035008492
                  0.15531770772372044398
                  0.07702926657707795388
                  0.06214779533243793702
                 -0.06989286965444375943
                  0.30669845238819076760
                 -0.56760323605272955394
                 -0.20499903482662573673
                  0.34478520852222249715
                 -0.04752402953915901840
                  0.25861999223842518925
                  0.13226591573296858639
                  0.33214733280503505597
                 -0.19400484972387832538
                  0.22507505662058005513
                 -0.52904474617429597672
                 -0.33681631783459431428
                 -0.02606311894009883876
                 -0.23182614011472099658
                  0.26432974274713955110
                  0.76947828684643326813
                  0.00157262697144553007
                 -0.29642542101853253111
                  0.01118654229512931579
                  0.78060932405114102917
                 -0.41989795774996691025
                  0.80022347167494911613
                  0.17001297421685940270
                  0.24743387264902194644
                 -0.63454292837455095189
                  0.23203826703140131849
                 -0.38359558116135322736
                 -0.30721625856658774101
                 -0.74718013746258349350
                  0.21361383885088780499
                  0.10702098207474412817
                 -0.54115558887956971557
                  0.20591143127668651291
                 -0.41010390372101002132
                 -0.79854578235849338341
                  0.51472959162570308678
                  0.02702373085827379506
                  0.01062581067053839680
                 -0.26942225534665237285
                  0.06911256997862649798
                  0.58800228813520027948
                 -0.63526374314061218040
                 -0.20141345822062622917
                  0.74801014218714334536
                  0.48747725319231233199
                 -0.38107856379395782520
                 -0.65786877077571148664
                  0.52039164290088624210
                  0.05892446189699029890
                  0.35942052881682245991
                  0.58324733917743032396
                  0.09551271153744225750
                 -0.24330827376837957376
                 -0.87533213286202415926
                  0.67784689790445762370
                 -0.66282646506387732366
                 -0.31979996612424183011
                 -0.34315285150670044034
                  0.00083820881293865932
                  0.32003592242103878762
                  0.04300833381838992803
                 -0.64219683031573870924
                 -0.01041014284407550811
                  0.65158893523128080805
                  0.64445437184759668536
                  0.25198955950569079665
                 -0.48290170348526878508
                  0.16592332801557954647
                 -0.06332077110085403138
                  0.15855280547936173585
                  0.48400118105152289960
                 -0.52453193513608775689
                 -0.51979880511394827014
                 -0.39037007558944541996
                  0.56041048403362103691
                 -0.40178337312409745374
                 -0.51996460676988232041
                 -0.49544088856742707350
                  0.03445261861934149211
                  0.53969177079276231535
                 -0.22954358541013133999
                  0.20453765181733479794
                 -0.59796517921236758131
                  0.45766407610565507103
                 -0.68426035296507126127
                 -0.00510213117193133482
                 -0.49712414278602212736
                  0.03966346647895627187
                  0.59088745762731176292
                  0.86438780860478958701
                  0.59659149183457926835
                 -0.05222828477760499410
                  0.27185342021821617964
                 -0.57089640510445383015
                 -0.33606622178016143376
                 -0.03435831067003671663
                 -0.03052728038373481514
                 -0.65562792057924890177
                  0.48388204121384942313
                  0.42966463961681755634
                 -0.68002052277030666794
                  0.21725928596298874074
                  0.57938717298343334061
                 -0.10914463405508897931
                 -0.60613049643758021290
                 -0.53347614003199950172
                  0.16303426223805661532
                  0.54148887486104502198
                 -0.58239492366798473189
                  0.00646339922291713862
                 -0.36643406252351162777
                 -0.14526424929989065205
                  0.10391326160986945337
                 -0.02861374689186721790
                 -0.43601071006578251410
                 -0.49921155343575129848
                  0.18534773224236181233
                 -0.47817760676258885821
                 -0.69446617687193956669
                 -0.27721726746138075637
                 -0.59725183423759120593
                  0.38308015916548587843
                 -0.11669590607007337968
                  0.52166068447089131155
                 -0.15629013322735743619
                  0.47823249805984180405
                 -0.06898422302433687703
                 -0.08771148835001310595
                  0.23173598245666737760
                 -0.50042066367150417339
                 -0.64647565435962672797
                 -0.54387408416591132010
                 -0.01333082869901505360
                 -0.29147289737400899901
                  0.61722916062906185708
                  0.56655650307955307543
                 -0.15021398849162906353
                  0.31394763095881839110
                 -0.42665092976271679071
                 -0.02957260489020810401
                  0.13269787406326893908
                  0.09743293124435653541
                  0.59139714764014827963
                  0.57007331951850026552
                 -0.20614628203318488553
                  0.70133314482748931873
                  0.75875566550580064717
                  0.57171929553982414607
                 -0.21659645427489493397
                  0.18632788007149905796
                 -0.09820243897257513455
                  0.58562051067206843946
                  0.04658923410469086729
                 -0.42485643548082846488
                  0.25028329522524100925
                  0.09558450201341019137
                 -0.40124708655646823541
                  0.27315886522229709810
                 -0.26203313615856110852
                  0.42830858777457747610
                  0.53547531663296299431
                 -0.09226176288729388830
                  0.72369533890787551833
                  0.17723677834864190461
                 -0.54305424463577733896
                 -0.39401140062920614326
                  0.35916177628470719041
                 -0.57868376528177922768
                  0.22512106429396772089
                 -0.19558039413616587487
                  0.30796412991645938373
                 -0.71877091433971074252
                  0.14283064174009740821
                 -0.09496761578710298524
                  0.47509600462822509925
                  0.35916994169266819315
                 -0.01935947653254585163
                  0.26460728257107613004
                 -0.46479938456484243270
                  0.37266743660046325326
                  0.29072698348806208513
                 -0.40664415649118768048
                  0.41748137468681079110
                 -0.71384879114921473420
                 -0.71042270687865283207
                  0.45414407571715637024
                 -0.04449470445886775927
                 -0.55456545662056000445
                  0.30822278039567768682
                  0.56537660254628296919
                 -0.06132679944091617985
                 -0.31299851704576908684
                 -0.22165898103638551064
                  0.30272672881951695478
                 -0.49356945179043981708
                  0.68192193765542252759
                 -0.63582608824019226645
                  0.35599070989830305933
                 -0.62601484599851953128
                  0.31277062387849724479
                 -0.38050059488545506792
                 -0.41949605109751414433
                  0.45191675010793769252
                 -0.35435296341164668199
                 -0.20873848739511985384
                  0.55633746578097564850
                 -0.45675008285103341210
                 -0.78409663988755340380
                 -0.29303200845864790791
                  0.29755653287105476856
                  0.29710902393330196336
                  0.19695492434446343344
                 -0.11944061202151227963
                  0.55664805600605804514
                  0.29197686679069118076
                 -0.53786636501268136890
                  0.68314110269337646741
                  0.39906285860219081751
                  0.24102940784822146636
                 -0.15104176784970393954
                  0.74375783946536422331
                  0.85781341301045455072
                  0.82336388521910996996
                  0.16752014770317133485
                  0.40875495120874805188
                 -0.43101430373016952347
                  0.31961507336110522859
                  0.48624876058771654419
                  0.04463436348918872754
                 -0.07312911663378635074
                  0.05939466868146626305
                 -0.04407059262670159211
                  0.15504559977704046592
                 -0.27185040441613267381
                 -0.92149546757621614290
                 -0.70661587831736472065
                 -1.10694295765751649085
                 -0.84448086664715338312
                  0.50516273502470443457
                  1.04849546227289236455
                 -0.29094165999986709714
                  0.77834245710618910064
                  0.16652450721386205523
                  0.69811103005478103434
                  0.67814819440305951215
                 -0.37455802899288243024
                 -0.37504458744331026221
                  0.38320907659368763643
                  0.34894466458713524482
