    -0.00078195    -0.00096147     0.00017952
     0.03039585     0.03017068     0.00022517
    -0.00259267    -0.00326723     0.00067456
     0.02471656     0.02646426    -0.00174770
    -0.00592648    -0.00563754    -0.00028893
    -0.02022952    -0.02105842     0.00082890
    -0.00030341    -0.00009436    -0.00020905
     0.03259769     0.03281160    -0.00021392
    -0.00096690    -0.00076416    -0.00020274
    -0.00952545    -0.00947588    -0.00004957
     0.02082338     0.02006691     0.00075647
     0.01503903     0.01444197     0.00059705
    -0.00836549    -0.00775233    -0.00061316
    -0.00070159    -0.00079505     0.00009346
    -0.00162283    -0.00189293     0.00027010
    -0.00132362    -0.00087033    -0.00045329
    -0.02178163    -0.02178218     0.00000056
    -0.00098293    -0.00086725    -0.00011568
    -0.02882113    -0.02924186     0.00042073
     0.00014779     0.00044316    -0.00029538
     0.02409740     0.02417075    -0.00007335
    -0.00244497    -0.00259833     0.00015336
    -0.01681275    -0.01651980    -0.00029295
    -0.00438052    -0.00450213     0.00012162
    -0.00024322     0.00005790    -0.00030111
    -0.01070803    -0.01074922     0.00004119
    -0.00023187     0.00006608    -0.00029795
    -0.02017286    -0.02010233    -0.00007053
     0.04359261     0.04230030     0.00129232
    -0.01929802    -0.01869379    -0.00060423
    -0.02246607    -0.02214243    -0.00032365
    -0.02559108    -0.02494272    -0.00064836
     0.00427458     0.00377819     0.00049639
    -0.00045549    -0.00018591    -0.00026958
     0.03403334     0.03324244     0.00079089
    -0.00635930    -0.00497056    -0.00138874
    -0.00515356    -0.00544969     0.00029613
    -0.00642787    -0.00635134    -0.00007653
    -0.00178787    -0.00216187     0.00037400
    -0.01569887    -0.01650028     0.00080140
     0.02822648     0.02801966     0.00020682
     0.00391640     0.00339273     0.00052367
    -0.02374751    -0.02364953    -0.00009798
     0.01960232     0.01962997    -0.00002765
    -0.00066978    -0.00102330     0.00035352
    -0.01461104    -0.01450938    -0.00010166
     0.00979131     0.00981805    -0.00002674
     0.01354909     0.01364268    -0.00009358
    -0.00075193    -0.00030445    -0.00044748
     0.03313729     0.03310898     0.00002831
     0.01794338     0.01727408     0.00066930
    -0.02040751    -0.02029651    -0.00011100
    -0.01384831    -0.01358945    -0.00025886
    -0.01055258    -0.01077756     0.00022498
     0.01305989     0.01313803    -0.00007815
    -0.04271480    -0.04277179     0.00005699
    -0.00045770    -0.00018072    -0.00027698
    -0.02018862    -0.02017856    -0.00001006
    -0.00054425    -0.00111618     0.00057193
     0.00595524     0.00535665     0.00059859
     0.02194639     0.02160706     0.00033933
    -0.00819860    -0.00662215    -0.00157645
    -0.02827151    -0.02838445     0.00011294
     0.03090775     0.03202312    -0.00111537
    -0.00573287    -0.00604806     0.00031519
    -0.00160387    -0.00168150     0.00007764
    -0.00199740    -0.00202783     0.00003043
    -0.00681019    -0.00762798     0.00081779
    -0.01344615    -0.01329031    -0.00015584
    -0.02367608    -0.02301444    -0.00066165
     0.03156113     0.03201282    -0.00045170
    -0.02061848    -0.02039389    -0.00022458
     0.02064786     0.02037068     0.00027719
     0.02129043     0.02278333    -0.00149290
     0.01153700     0.01072230     0.00081470
    -0.00057283    -0.00052087    -0.00005196
     0.00014387     0.00044134    -0.00029747
    -0.01402548    -0.01364312    -0.00038237
     0.02782960     0.02846670    -0.00063710
    -0.00065920    -0.00039779    -0.00026140
    -0.01846557    -0.01928947     0.00082391
    -0.00002822     0.00022155    -0.00024977
     0.02134611     0.02137824    -0.00003213
     0.02835582     0.02834344     0.00001238
    -0.00049280    -0.00030249    -0.00019031
    -0.00013910    -0.00047747     0.00033837
    -0.02003166    -0.01967859    -0.00035307
     0.00674872     0.00684035    -0.00009163
    -0.01022351    -0.00998916    -0.00023434
    -0.00455818    -0.00373491    -0.00082327
     0.02967255     0.02997691    -0.00030436
    -0.00474507    -0.00490953     0.00016446
     0.02545579     0.02660686    -0.00115107
     0.02731150     0.02718575     0.00012574
    -0.00007951    -0.00009575     0.00001624
    -0.01181937    -0.01181681    -0.00000257
    -0.02093005    -0.02110964     0.00017959
     0.03899569     0.03852413     0.00047156
     0.03439734     0.03291167     0.00148567
    -0.02353886    -0.02362621     0.00008735
    -0.02468696    -0.02486015     0.00017319
    -0.02468696    -0.02486015     0.00017319
    -0.02338383    -0.02378116     0.00039733
    -0.04761255    -0.04802477     0.00041222
    -0.02255435    -0.02278039     0.00022604
    -0.02663336    -0.02636133    -0.00027203
    -0.02663363    -0.02636133    -0.00027230
    -0.02564562    -0.02564181    -0.00000381
    -0.02564589    -0.02564181    -0.00000408
    -0.02427411    -0.02463971     0.00036560
    -0.03333202    -0.03368687     0.00035485
    -0.02495007    -0.02513943     0.00018936
    -0.02568910    -0.02548792    -0.00020118
    -0.03734385    -0.03687393    -0.00046991
    -0.03309321    -0.03195721    -0.00113600
    -0.02635953    -0.02766046     0.00130092
    -0.02512612    -0.02533129     0.00020516
    -0.02419568    -0.02457655     0.00038087
    -0.03190130    -0.03216955     0.00026825
    -0.03259905    -0.03262539     0.00002634
    -0.03259905    -0.03262539     0.00002634
    -0.02342198    -0.02364113     0.00021915
    -0.02349943    -0.02370126     0.00020184
    -0.02702893    -0.02713265     0.00010372
    -0.02647268    -0.02637002    -0.00010266
    -0.02647268    -0.02637002    -0.00010266
    -0.02647268    -0.02637002    -0.00010266
    -0.02647268    -0.02637002    -0.00010266
    -0.02647268    -0.02637002    -0.00010266
    -0.02647268    -0.02637002    -0.00010266
    -0.02647295    -0.02637002    -0.00010293
    -0.02647295    -0.02637002    -0.00010293
    -0.02647295    -0.02637002    -0.00010293
    -0.02647295    -0.02637002    -0.00010293
    -0.02647295    -0.02637002    -0.00010293
    -0.02647295    -0.02637002    -0.00010293
    -0.02369459    -0.02359511    -0.00009948
    -0.05104764    -0.05069046    -0.00035717
    -0.02706406    -0.02808709     0.00102302
    -0.02442285    -0.02461141     0.00018856
    -0.02545658    -0.02570410     0.00024752
    -0.04168126    -0.04413512     0.00245386
    -0.03406988    -0.03421446     0.00014458
    -0.02765167    -0.02822206     0.00057039
    -0.02765167    -0.02822206     0.00057039
    -0.02456614    -0.02463158     0.00006544
    -0.02675287    -0.02666071    -0.00009216
    -0.02675287    -0.02666071    -0.00009216
    -0.02664139    -0.02631071    -0.00033068
    -0.02718913    -0.02704578    -0.00014335
    -0.02708472    -0.02782504     0.00074033
    -0.03614956    -0.03605072    -0.00009885
    -0.02707334    -0.02691350    -0.00015984
    -0.03270436    -0.03364886     0.00094451
    -0.03270436    -0.03364886     0.00094451
    -0.02516321    -0.02504549    -0.00011772
    -0.02773039    -0.02799868     0.00026829
    -0.02773039    -0.02799868     0.00026829
    -0.02593732    -0.02574215    -0.00019517
    -0.03990035    -0.03968683    -0.00021353
    -0.02631243    -0.02635217     0.00003974
    -0.03367485    -0.03293740    -0.00073746
    -0.04464276    -0.04495380     0.00031104
    -0.03156880    -0.03292059     0.00135179
    -0.03025914    -0.03119207     0.00093293
    -0.03025914    -0.03119207     0.00093293
    -0.03357673    -0.03367928     0.00010255
    -0.06867857    -0.06873592     0.00005734
    -0.06777222    -0.06971418     0.00194196
    -0.03328924    -0.03316619    -0.00012305
    -0.02801420    -0.02773432    -0.00027988
    -0.04156169    -0.04171596     0.00015427
    -0.03329574    -0.03376996     0.00047422
    -0.03475754    -0.03410292    -0.00065462
    -0.02942702    -0.02860742    -0.00081960
    -0.02986885    -0.02929470    -0.00057415
    -0.03295288    -0.03334801     0.00039513
    -0.03295302    -0.03334801     0.00039500
    -0.03278504    -0.03314594     0.00036090
    -0.02990352    -0.02949868    -0.00040484
    -0.03230936    -0.03253087     0.00022152
    -0.03028290    -0.02990333    -0.00037957
    -0.03045909    -0.03011768    -0.00034141
    -0.03162877    -0.03162546    -0.00000332
    -0.03095829    -0.03067246    -0.00028583
    -0.03156888    -0.03143448    -0.00013440
    -0.03673553    -0.03629222    -0.00044331
    -0.06949418    -0.06937716    -0.00011702
    -0.03288330    -0.03255828    -0.00032502
    -0.03288330    -0.03255828    -0.00032502
    -0.03288330    -0.03255828    -0.00032502
    -0.03288330    -0.03255828    -0.00032502
    -0.03288330    -0.03255828    -0.00032502
    -0.03288330    -0.03255828    -0.00032502
    -0.03288330    -0.03255828    -0.00032502
    -0.03288330    -0.03255828    -0.00032502
    -0.03288330    -0.03255828    -0.00032502
    -0.03288330    -0.03255828    -0.00032502
    -0.03288330    -0.03255828    -0.00032502
    -0.03288330    -0.03255828    -0.00032502
     0.00053544     0.00048693     0.00029411     0.00117461     0.00245386
