                  1.46222261039734946486
                  1.22010309645371894938
                  1.04840765537467839330
                 -0.89930813220628080806
                 -0.61947079224823553556
                  0.43206793368842794090
                  0.21703272545883958711
                 -0.05488481337303210278
                  0.27498036247088197825
                  0.37243645546625403497
                  0.58964475913133918006
                  0.81391601926531409461
                 -1.03855524419984246443
                 -1.28491104081649099022
                  1.50745207156632843315
                 -1.68098832272754106221
                 -1.42540433106186625878
                 -1.17925344584203983800
                  0.96469536726866955689
                  0.71082102758837684142
                 -0.41334894712317948873
                 -0.24445273412460460927
                  0.00629790111254352122
                 -0.33133101018481408984
                 -0.46624654826466799262
                  0.66117375813738543666
                 -0.95771258518435387064
                 -1.20074495051971830151
                 -1.47684846484885290430
                 -1.76864183688626175339
                  0.60888803247840694866
