    -0.00103343    -0.00148596     0.00045252
    -0.00747023    -0.00752339     0.00005316
    -0.00563668    -0.00581702     0.00018034
    -0.00095749    -0.00142842     0.00047093
    -0.00051163    -0.00036076    -0.00015087
     0.02273479     0.02238073     0.00035406
     0.02194552     0.02233609    -0.00039057
    -0.02411051    -0.02422691     0.00011640
    -0.01091158    -0.01073340    -0.00017818
    -0.00047024    -0.00027140    -0.00019884
     0.01570511     0.01571286    -0.00000775
    -0.02315901    -0.02313116    -0.00002786
    -0.03150341    -0.03151166     0.00000825
    -0.00047141    -0.00022688    -0.00024453
    -0.01143482    -0.01145784     0.00002302
    -0.00247240    -0.00253216     0.00005976
    -0.01208986    -0.01211406     0.00002421
    -0.01363641    -0.01345463    -0.00018179
     0.02277601     0.02309838    -0.00032237
     0.00002977     0.00002733     0.00000244
     0.01393147     0.01391343     0.00001804
    -0.00030360    -0.00041693     0.00011334
     0.00007391    -0.00009264     0.00016655
     0.00893285     0.00913007    -0.00019722
     0.02382433     0.02426239    -0.00043806
     0.01333850     0.01335997    -0.00002146
     0.01761858     0.01805859    -0.00044001
    -0.04233945    -0.04229981    -0.00003964
     0.01439341     0.01424493     0.00014848
     0.02824735     0.02895316    -0.00070581
    -0.00027677    -0.00010585    -0.00017091
     0.00283834     0.00301827    -0.00017993
    -0.00417689    -0.00400528    -0.00017162
     0.02639518     0.02633638     0.00005880
    -0.00053179    -0.00066957     0.00013777
    -0.01616269    -0.01616539     0.00000270
    -0.00479927    -0.00462647    -0.00017280
    -0.00048191    -0.00028233    -0.00019959
    -0.02854991    -0.02850928    -0.00004064
     0.01998067     0.02000479    -0.00002412
     0.01113640     0.01051728     0.00061912
    -0.00666434    -0.00667586     0.00001152
    -0.00051879    -0.00102427     0.00050549
    -0.01757262    -0.01792207     0.00034945
     0.02201864     0.02201955    -0.00000092
    -0.00047721    -0.00028353    -0.00019368
    -0.02422047    -0.02420410    -0.00001637
     0.01964436     0.01982356    -0.00017920
     0.00225008     0.00233602    -0.00008593
     0.03225586     0.03190711     0.00034875
     0.02913561     0.02935543    -0.00021982
    -0.01619056    -0.01629172     0.00010116
    -0.00200548    -0.00219210     0.00018662
    -0.00045595    -0.00026718    -0.00018878
     0.01208009     0.01189374     0.00018635
    -0.00896974    -0.00912228     0.00015254
     0.02620465     0.02601293     0.00019172
    -0.00098935    -0.00100847     0.00001912
    -0.00859779    -0.00863063     0.00003284
     0.03272107     0.03192909     0.00079198
    -0.03343134    -0.03356874     0.00013740
     0.02419492     0.02400998     0.00018494
     0.00007391    -0.00009264     0.00016655
    -0.00065571    -0.00068023     0.00002452
     0.01074531     0.01066076     0.00008456
    -0.00058205    -0.00075676     0.00017471
    -0.00084671    -0.00098765     0.00014094
    -0.03750039    -0.03741498    -0.00008541
     0.01409792     0.01376837     0.00032955
    -0.02057867    -0.02057213    -0.00000654
     0.02537503     0.02555951    -0.00018448
    -0.00045296    -0.00019648    -0.00025648
    -0.01578070    -0.01565943    -0.00012127
     0.01248524     0.01263329    -0.00014805
    -0.00284914    -0.00309412     0.00024498
    -0.00600493    -0.00620985     0.00020493
    -0.00050039    -0.00044544    -0.00005495
    -0.00059745    -0.00055562    -0.00004183
    -0.00019290     0.00021433    -0.00040723
     0.03147427     0.03081961     0.00065466
     0.00795645     0.00772859     0.00022786
    -0.00189810    -0.00180072    -0.00009738
     0.03498712     0.03479734     0.00018979
     0.02151101     0.02147098     0.00004003
     0.01645249     0.01652315    -0.00007066
     0.02972218     0.02978810    -0.00006592
    -0.00037407    -0.00057394     0.00019987
    -0.00654121    -0.00627614    -0.00026507
    -0.00045661    -0.00018275    -0.00027386
     0.02942996     0.03044211    -0.00101215
    -0.00057990    -0.00053059    -0.00004932
    -0.00422854    -0.00413835    -0.00009019
     0.00193402     0.00188442     0.00004960
     0.00932221     0.00939704    -0.00007483
    -0.01980126    -0.01965822    -0.00014305
     0.02062277     0.02062742    -0.00000465
    -0.00179149    -0.00153267    -0.00025882
    -0.00602283    -0.00628693     0.00026410
    -0.00168770    -0.00142567    -0.00026203
     0.01996570     0.01973158     0.00023412
    -0.00504905    -0.00494659    -0.00010245
    -0.00656624    -0.00653487    -0.00003137
    -0.00377373    -0.00369024    -0.00008349
    -0.01289695    -0.01271836    -0.00017858
    -0.00199840    -0.00198077    -0.00001764
    -0.00199840    -0.00198077    -0.00001764
    -0.00199840    -0.00198077    -0.00001764
    -0.00199840    -0.00198077    -0.00001764
    -0.00199813    -0.00198077    -0.00001736
    -0.00199813    -0.00198077    -0.00001736
    -0.00199813    -0.00198077    -0.00001736
    -0.00199813    -0.00198077    -0.00001736
    -0.00199813    -0.00198077    -0.00001736
    -0.00199813    -0.00198077    -0.00001736
    -0.00199813    -0.00198077    -0.00001736
    -0.00199813    -0.00198077    -0.00001736
     0.02287517     0.02231136     0.00056381
    -0.00401749    -0.00410117     0.00008368
    -0.00371278    -0.00365344    -0.00005934
    -0.00423755    -0.00416466    -0.00007288
    -0.00366341    -0.00365116    -0.00001225
    -0.00360031    -0.00360690     0.00000659
     0.02466241     0.02467074    -0.00000832
    -0.00535474    -0.00544257     0.00008783
    -0.00600618    -0.00597622    -0.00002996
    -0.00345293    -0.00349625     0.00004331
    -0.00978497    -0.00995061     0.00016564
    -0.00331184    -0.00337292     0.00006108
    -0.00814437    -0.00795580    -0.00018857
    -0.00640229    -0.00635021    -0.00005208
    -0.00378622    -0.00373876    -0.00004745
    -0.01449997    -0.01440564    -0.00009433
    -0.00324942    -0.00325536     0.00000594
    -0.00326196    -0.00325037    -0.00001159
    -0.00570280    -0.00569007    -0.00001273
    -0.00596259    -0.00595299    -0.00000959
    -0.01144544    -0.01152312     0.00007768
    -0.00646189    -0.00653175     0.00006986
    -0.00976045    -0.00976218     0.00000173
    -0.01326027    -0.01318355    -0.00007672
    -0.00369776    -0.00371344     0.00001569
    -0.00295189    -0.00298036     0.00002847
    -0.00518410    -0.00512225    -0.00006184
    -0.00361367    -0.00363277     0.00001910
    -0.00386421    -0.00383892    -0.00002529
    -0.00317981    -0.00318912     0.00000930
    -0.00313543    -0.00314834     0.00001291
    -0.00417466    -0.00418923     0.00001457
    -0.01162019    -0.01156838    -0.00005181
    -0.00351593    -0.00350001    -0.00001592
    -0.00784039    -0.00783015    -0.00001024
    -0.00615600    -0.00615121    -0.00000479
    -0.01331663    -0.01337579     0.00005916
    -0.00777925    -0.00786983     0.00009058
    -0.00395591    -0.00393080    -0.00002511
    -0.00475271    -0.00472346    -0.00002925
    -0.00722070    -0.00718300    -0.00003770
    -0.00327339    -0.00325324    -0.00002016
    -0.00413349    -0.00410067    -0.00003282
    -0.00375493    -0.00375890     0.00000397
    -0.00357786    -0.00352175    -0.00005611
    -0.00697896    -0.00704256     0.00006360
    -0.00404827    -0.00397768    -0.00007059
    -0.00246312    -0.00242617    -0.00003695
    -0.00246285    -0.00242617    -0.00003668
    -0.00246285    -0.00242617    -0.00003668
    -0.00246285    -0.00242617    -0.00003668
    -0.00246285    -0.00242617    -0.00003668
    -0.00246285    -0.00242617    -0.00003668
    -0.00246285    -0.00242617    -0.00003668
    -0.00246285    -0.00242617    -0.00003668
    -0.00246285    -0.00242617    -0.00003668
    -0.00246285    -0.00242617    -0.00003668
    -0.00246285    -0.00242617    -0.00003668
    -0.00246285    -0.00242617    -0.00003668
    -0.00605170    -0.00607561     0.00002390
    -0.00687790    -0.00689781     0.00001991
    -0.00381071    -0.00376431    -0.00004640
    -0.00740713    -0.00737101    -0.00003612
    -0.00347228    -0.00336660    -0.00010568
    -0.00728386    -0.00725851    -0.00002536
    -0.00676149    -0.00671272    -0.00004877
    -0.00649710    -0.00635547    -0.00014163
    -0.00663351    -0.00652334    -0.00011017
    -0.00492668    -0.00485611    -0.00007056
    -0.00226807    -0.00227081     0.00000274
    -0.00226807    -0.00227081     0.00000274
    -0.00226807    -0.00227081     0.00000274
    -0.00226780    -0.00227081     0.00000301
    -0.00226780    -0.00227081     0.00000301
    -0.00226780    -0.00227081     0.00000301
    -0.00226780    -0.00227081     0.00000301
    -0.00226780    -0.00227081     0.00000301
    -0.00226780    -0.00227081     0.00000301
    -0.00226780    -0.00227081     0.00000301
    -0.00226780    -0.00227081     0.00000301
    -0.00226780    -0.00227081     0.00000301
    -0.00326392    -0.00313212    -0.00013180
    -0.00454144    -0.00443327    -0.00010817
    -0.00414574    -0.00398926    -0.00015648
     0.00019241     0.00017951     0.00013865     0.00037578     0.00101215
