    -0.00078195    -0.00081620     0.00003425
     0.03039585     0.03051893    -0.00012307
    -0.00259267    -0.00252854    -0.00006414
     0.02471656     0.02462573     0.00009083
    -0.00592648    -0.00603120     0.00010472
    -0.02022952    -0.02094753     0.00071802
    -0.00030341    -0.00023864    -0.00006477
     0.03259769     0.03294914    -0.00035145
    -0.00096690    -0.00097983     0.00001293
    -0.00952545    -0.00963641     0.00011095
     0.02082338     0.02047944     0.00034394
     0.01503903     0.01472982     0.00030921
    -0.00836549    -0.00815460    -0.00021088
    -0.00070159    -0.00065629    -0.00004530
    -0.00162283    -0.00179577     0.00017293
    -0.00132362    -0.00077664    -0.00054698
    -0.02178163    -0.02147275    -0.00030887
    -0.00098293    -0.00095134    -0.00003159
    -0.02882113    -0.02943191     0.00061078
     0.00014779     0.00042810    -0.00028031
     0.02409740     0.02409839    -0.00000099
    -0.00244497    -0.00228761    -0.00015736
    -0.01681275    -0.01661154    -0.00020121
    -0.00438052    -0.00432688    -0.00005363
    -0.00024322    -0.00025145     0.00000824
    -0.01070803    -0.01094227     0.00023424
    -0.00023187     0.00003543    -0.00026729
    -0.02017286    -0.02063277     0.00045991
     0.04359261     0.04418418    -0.00059156
    -0.01929802    -0.01940736     0.00010935
    -0.02246607    -0.02223881    -0.00022727
    -0.02559108    -0.02578986     0.00019878
     0.00427458     0.00379601     0.00047858
    -0.00045549    -0.00019393    -0.00026156
     0.03403334     0.03248258     0.00155075
    -0.00635930    -0.00672605     0.00036675
    -0.00515356    -0.00555153     0.00039796
    -0.00642787    -0.00604269    -0.00038519
    -0.00178787    -0.00169262    -0.00009525
    -0.01569887    -0.01599145     0.00029257
     0.02822648     0.02801290     0.00021358
     0.00391640     0.00428187    -0.00036547
    -0.02374751    -0.02394074     0.00019323
     0.01960232     0.01958189     0.00002043
    -0.00066978    -0.00074033     0.00007055
    -0.01461104    -0.01462969     0.00001864
     0.00979131     0.00971955     0.00007176
     0.01354909     0.01360269    -0.00005360
    -0.00075193    -0.00066063    -0.00009130
     0.03313729     0.03318713    -0.00004984
     0.01794338     0.01769078     0.00025260
    -0.02040751    -0.02048143     0.00007392
    -0.01384831    -0.01410867     0.00026036
    -0.01055258    -0.01065324     0.00010067
     0.01305989     0.01329439    -0.00023450
    -0.04271480    -0.04286524     0.00015044
    -0.00045770    -0.00030475    -0.00015295
    -0.02018862    -0.02054900     0.00036038
    -0.00054425    -0.00054435     0.00000010
     0.00595524     0.00593838     0.00001686
     0.02194639     0.02203090    -0.00008451
    -0.00819860    -0.00820834     0.00000974
    -0.02827151    -0.02849386     0.00022235
     0.03090775     0.03089276     0.00001499
    -0.00573287    -0.00576384     0.00003097
    -0.00160387    -0.00159742    -0.00000645
    -0.00199740    -0.00213079     0.00013339
    -0.00681019    -0.00697066     0.00016046
    -0.01344615    -0.01367214     0.00022599
    -0.02367608    -0.02365650    -0.00001959
     0.03156113     0.03168143    -0.00012030
    -0.02061848    -0.02066656     0.00004809
     0.02064786     0.02070898    -0.00006111
     0.02129043     0.02140197    -0.00011154
     0.01153700     0.01111120     0.00042580
    -0.00057283    -0.00044726    -0.00012556
     0.00014387     0.00042169    -0.00027782
    -0.01402548    -0.01425215     0.00022667
     0.02782960     0.02771635     0.00011325
    -0.00065920    -0.00061318    -0.00004601
    -0.01846557    -0.01867306     0.00020749
    -0.00002822     0.00009321    -0.00012142
     0.02134611     0.02102657     0.00031954
     0.02835582     0.02810154     0.00025428
    -0.00049280    -0.00029190    -0.00020090
    -0.00013910    -0.00031800     0.00017889
    -0.02003166    -0.02019492     0.00016326
     0.00674872     0.00697524    -0.00022651
    -0.01022351    -0.01024046     0.00001695
    -0.00455818    -0.00456789     0.00000971
     0.02967255     0.03010737    -0.00043482
    -0.00474507    -0.00475025     0.00000518
     0.02545579     0.02521993     0.00023586
     0.02731150     0.02739763    -0.00008613
    -0.00007951    -0.00015447     0.00007496
    -0.01181937    -0.01199237     0.00017300
    -0.02093005    -0.02115466     0.00022461
     0.03899569     0.03932571    -0.00033003
     0.03439734     0.03465769    -0.00026035
    -0.02353886    -0.02384130     0.00030244
    -0.02468696    -0.02453163    -0.00015533
    -0.02468696    -0.02453163    -0.00015533
    -0.02338383    -0.02336258    -0.00002125
    -0.04761255    -0.04768841     0.00007586
    -0.02255435    -0.02263162     0.00007727
    -0.02663336    -0.02650458    -0.00012879
    -0.02663363    -0.02650458    -0.00012906
    -0.02564562    -0.02550192    -0.00014370
    -0.02564589    -0.02550192    -0.00014397
    -0.02427411    -0.02420832    -0.00006579
    -0.03333202    -0.03335873     0.00002671
    -0.02495007    -0.02481142    -0.00013865
    -0.02568910    -0.02560319    -0.00008591
    -0.03734385    -0.03760323     0.00025939
    -0.03309321    -0.03312621     0.00003300
    -0.02635953    -0.02662177     0.00026223
    -0.02512612    -0.02506389    -0.00006223
    -0.02419568    -0.02421822     0.00002254
    -0.03190130    -0.03216718     0.00026588
    -0.03259905    -0.03274039     0.00014134
    -0.03259905    -0.03274039     0.00014134
    -0.02342198    -0.02351074     0.00008876
    -0.02349943    -0.02358898     0.00008955
    -0.02702893    -0.02716907     0.00014014
    -0.02647268    -0.02656437     0.00009169
    -0.02647268    -0.02656437     0.00009169
    -0.02647268    -0.02656437     0.00009169
    -0.02647268    -0.02656437     0.00009169
    -0.02647268    -0.02656437     0.00009169
    -0.02647268    -0.02656437     0.00009169
    -0.02647295    -0.02656437     0.00009142
    -0.02647295    -0.02656437     0.00009142
    -0.02647295    -0.02656437     0.00009142
    -0.02647295    -0.02656437     0.00009142
    -0.02647295    -0.02656437     0.00009142
    -0.02647295    -0.02656437     0.00009142
    -0.02369459    -0.02376777     0.00007318
    -0.05104764    -0.05085654    -0.00019109
    -0.02706406    -0.02731998     0.00025592
    -0.02442285    -0.02455559     0.00013274
    -0.02545658    -0.02552862     0.00007204
    -0.04168126    -0.04198057     0.00029931
    -0.03406988    -0.03390515    -0.00016473
    -0.02765167    -0.02791428     0.00026261
    -0.02765167    -0.02791428     0.00026261
    -0.02456614    -0.02467798     0.00011184
    -0.02675287    -0.02691703     0.00016416
    -0.02675287    -0.02691703     0.00016416
    -0.02664139    -0.02672623     0.00008484
    -0.02718913    -0.02728071     0.00009158
    -0.02708472    -0.02731951     0.00023480
    -0.03614956    -0.03632764     0.00017808
    -0.02707334    -0.02716351     0.00009017
    -0.03270436    -0.03288418     0.00017982
    -0.03270436    -0.03288418     0.00017982
    -0.02516321    -0.02525022     0.00008701
    -0.02773039    -0.02797303     0.00024264
    -0.02773039    -0.02797303     0.00024264
    -0.02593732    -0.02602116     0.00008384
    -0.03990035    -0.04012377     0.00022341
    -0.02631243    -0.02641319     0.00010075
    -0.03367485    -0.03371944     0.00004459
    -0.04464276    -0.04463644    -0.00000632
    -0.03156880    -0.03181875     0.00024995
    -0.03025914    -0.03052792     0.00026877
    -0.03025914    -0.03052792     0.00026877
    -0.03357673    -0.03348893    -0.00008780
    -0.06867857    -0.06889668     0.00021811
    -0.06777222    -0.06759147    -0.00018074
    -0.03328924    -0.03324223    -0.00004701
    -0.02801420    -0.02811745     0.00010324
    -0.04156169    -0.04169713     0.00013544
    -0.03329574    -0.03326198    -0.00003376
    -0.03475754    -0.03460972    -0.00014782
    -0.02942702    -0.02950863     0.00008161
    -0.02986885    -0.02996771     0.00009886
    -0.03295288    -0.03294072    -0.00001216
    -0.03295302    -0.03294072    -0.00001229
    -0.03278504    -0.03278540     0.00000036
    -0.02990352    -0.02996253     0.00005902
    -0.03230936    -0.03233299     0.00002363
    -0.03028290    -0.03033415     0.00005125
    -0.03045909    -0.03050898     0.00004989
    -0.03162877    -0.03167280     0.00004402
    -0.03095829    -0.03099360     0.00003532
    -0.03156888    -0.03159312     0.00002424
    -0.03673553    -0.03694412     0.00020858
    -0.06949418    -0.06947033    -0.00002385
    -0.03288330    -0.03287027    -0.00001303
    -0.03288330    -0.03287027    -0.00001303
    -0.03288330    -0.03287027    -0.00001303
    -0.03288330    -0.03287027    -0.00001303
    -0.03288330    -0.03287027    -0.00001303
    -0.03288330    -0.03287027    -0.00001303
    -0.03288330    -0.03287027    -0.00001303
    -0.03288330    -0.03287027    -0.00001303
    -0.03288330    -0.03287027    -0.00001303
    -0.03288330    -0.03287027    -0.00001303
    -0.03288330    -0.03287027    -0.00001303
    -0.03288330    -0.03287027    -0.00001303
    -0.00246285    -0.00241445    -0.00004840
    -0.00246285    -0.00241445    -0.00004840
    -0.00246285    -0.00241445    -0.00004840
    -0.00246285    -0.00241445    -0.00004840
    -0.00246285    -0.00241445    -0.00004840
    -0.00246285    -0.00241445    -0.00004840
    -0.00246285    -0.00241445    -0.00004840
    -0.00246285    -0.00241445    -0.00004840
    -0.00246285    -0.00241445    -0.00004840
    -0.00246285    -0.00241445    -0.00004840
    -0.00246285    -0.00241445    -0.00004840
    -0.00475271    -0.00466522    -0.00008749
    -0.00381071    -0.00382471     0.00001400
    -0.00414574    -0.00415382     0.00000808
    -0.01144544    -0.01139749    -0.00004794
     0.02332380     0.02369586    -0.00037205
    -0.00605170    -0.00611290     0.00006120
    -0.00687790    -0.00697261     0.00009471
    -0.01449997    -0.01435152    -0.00014844
    -0.00649710    -0.00640986    -0.00008724
    -0.01538891    -0.01562098     0.00023207
    -0.00226807    -0.00231880     0.00005073
    -0.00226807    -0.00231880     0.00005073
    -0.00226807    -0.00231880     0.00005073
    -0.00226780    -0.00231880     0.00005100
    -0.00226780    -0.00231880     0.00005100
    -0.00226780    -0.00231880     0.00005100
    -0.00226780    -0.00231880     0.00005100
    -0.00226780    -0.00231880     0.00005100
    -0.00226780    -0.00231880     0.00005100
    -0.00226780    -0.00231880     0.00005100
    -0.00226780    -0.00231880     0.00005100
    -0.00226780    -0.00231880     0.00005100
    -0.00978497    -0.00981926     0.00003429
    -0.03018575    -0.03011103    -0.00007472
    -0.00728386    -0.00724828    -0.00003558
    -0.01604941    -0.01607344     0.00002403
    -0.01604941    -0.01607344     0.00002403
    -0.01331663    -0.01362011     0.00030348
    -0.00676149    -0.00673293    -0.00002856
    -0.00326392    -0.00331928     0.00005535
     0.04010009     0.04002891     0.00007117
    -0.00663351    -0.00655399    -0.00007952
    -0.04013609    -0.04005147    -0.00008461
    -0.00740713    -0.00730370    -0.00010343
    -0.00492668    -0.00489462    -0.00003205
    -0.01289695    -0.01295278     0.00005584
    -0.01010212    -0.01013668     0.00003456
    -0.01167581    -0.01167125    -0.00000455
    -0.03807393    -0.03812508     0.00005115
    -0.00454144    -0.00449692    -0.00004453
    -0.01174707    -0.01176240     0.00001533
    -0.01768727    -0.01751851    -0.00016875
    -0.03570547    -0.03581526     0.00010979
     0.02899809     0.02899763     0.00000046
     0.02873648     0.02880227    -0.00006579
    -0.01772321    -0.01768563    -0.00003758
    -0.01772321    -0.01768563    -0.00003758
    -0.01602035    -0.01596720    -0.00005315
    -0.00347228    -0.00347978     0.00000750
    -0.02133291    -0.02155272     0.00021981
    -0.03144232    -0.03151198     0.00006966
     0.02840741     0.02808649     0.00032092
     0.02136097     0.02129963     0.00006133
     0.02818177     0.02814000     0.00004177
     0.02289427     0.02283994     0.00005433
     0.04766229     0.04761937     0.00004292
    -0.05618381    -0.05622433     0.00004051
     0.04882457     0.04876118     0.00006340
    -0.01842717    -0.01844301     0.00001584
    -0.01842690    -0.01844301     0.00001611
    -0.02364147    -0.02373254     0.00009107
    -0.02398564    -0.02392688    -0.00005876
    -0.03361874    -0.03393653     0.00031779
    -0.01955206    -0.01951896    -0.00003310
    -0.00019380     0.00021262    -0.00040642
     0.02604674     0.02585779     0.00018895
    -0.01676371    -0.01704304     0.00027933
    -0.00188338    -0.00179900    -0.00008438
    -0.00981833    -0.00978068    -0.00003765
    -0.00919157    -0.00855227    -0.00063930
    -0.03809042    -0.03825964     0.00016922
    -0.01142788    -0.01125740    -0.00017048
    -0.03643199    -0.03649478     0.00006278
     0.01825979     0.01833955    -0.00007976
    -0.03876126    -0.03893172     0.00017046
     0.05312329     0.05358672    -0.00046342
     0.01851672     0.01670678     0.00180994
    -0.04308466    -0.04280687    -0.00027779
     0.01104012     0.01085516     0.00018496
    -0.00069756    -0.00103244     0.00033488
    -0.03427456    -0.03415193    -0.00012263
     0.02466241     0.02485091    -0.00018850
     0.02287517     0.02300323    -0.00012806
     0.03297130     0.03315561    -0.00018431
    -0.03116180    -0.03114569    -0.00001611
    -0.03878335    -0.03847382    -0.00030953
    -0.04133355    -0.04169670     0.00036315
    -0.04318812    -0.04304644    -0.00014168
    -0.05506420    -0.05494007    -0.00012413
    -0.01120774    -0.01127762     0.00006987
     0.00373316     0.00353982     0.00019333
     0.06027646     0.06016343     0.00011302
    -0.02489445    -0.02478431    -0.00011013
    -0.03005038    -0.03011742     0.00006704
    -0.01628035    -0.01588877    -0.00039158
    -0.01208986    -0.01206751    -0.00002235
    -0.04455347    -0.04469176     0.00013829
    -0.02773515    -0.02788838     0.00015323
    -0.02499714    -0.02561772     0.00062058
    -0.03417867    -0.03383357    -0.00034510
     0.02469017     0.02457386     0.00011631
    -0.02076536    -0.02052855    -0.00023681
    -0.02565163    -0.02603430     0.00038267
    -0.02805791    -0.02810881     0.00005091
     0.02348237     0.02332101     0.00016136
    -0.04610433    -0.04636091     0.00025658
    -0.02845571    -0.02909844     0.00064273
    -0.02233549    -0.02222296    -0.00011253
    -0.02267498    -0.02263490    -0.00004008
    -0.01701484    -0.01696328    -0.00005157
    -0.01228926    -0.01228152    -0.00000774
    -0.02202819    -0.02221034     0.00018216
    -0.02783126    -0.02780145    -0.00002982
     0.05242606     0.05282323    -0.00039718
    -0.01938621    -0.01953456     0.00014835
    -0.02884363    -0.02905073     0.00020710
    -0.01248638    -0.01249349     0.00000711
    -0.01505141    -0.01499266    -0.00005875
    -0.02374395    -0.02384183     0.00009788
    -0.01789445    -0.01780574    -0.00008871
     0.00491857     0.00489613     0.00002244
     0.04809811     0.04819622    -0.00009810
    -0.01638887    -0.01629150    -0.00009737
    -0.01489086    -0.01489787     0.00000701
    -0.00795533    -0.00801112     0.00005579
    -0.01268151    -0.01270356     0.00002205
     0.00116165     0.00215315    -0.00099150
    -0.03056299    -0.03078074     0.00021776
    -0.01789720    -0.01807370     0.00017650
    -0.00082622    -0.00072647    -0.00009975
    -0.02147367    -0.02173311     0.00025944
     0.01642659     0.01626571     0.00016088
    -0.00245368    -0.00241979    -0.00003389
    -0.01893366    -0.01876868    -0.00016497
    -0.01287428    -0.01291194     0.00003766
     0.06080115     0.06068326     0.00011789
     0.05047788     0.05087457    -0.00039669
     0.00188278     0.00184480     0.00003798
     0.04510255     0.04518738    -0.00008483
    -0.03132578    -0.03137917     0.00005339
    -0.00963316    -0.00949211    -0.00014105
    -0.03513768    -0.03530354     0.00016586
    -0.01306476    -0.01311882     0.00005406
     0.02515927     0.02508574     0.00007353
    -0.02763022    -0.02772627     0.00009605
     0.05274549     0.05292514    -0.00017965
     0.03525537     0.03551332    -0.00025795
    -0.02706717    -0.02679040    -0.00027676
    -0.03765770    -0.03739530    -0.00026240
    -0.01325344    -0.01332445     0.00007101
     0.00058551     0.00048688     0.00009862
     0.01010669     0.00986773     0.00023896
    -0.02529900    -0.02540659     0.00010759
     0.05648643     0.05638669     0.00009974
    -0.03537888    -0.03548088     0.00010199
    -0.02683851    -0.02680478    -0.00003373
     0.02030190     0.01982148     0.00048042
     0.03474176     0.03501499    -0.00027324
    -0.00887733    -0.00870816    -0.00016917
     0.03534838     0.03512549     0.00022289
     0.05478169     0.05487137    -0.00008968
    -0.03088201    -0.03046171    -0.00042030
    -0.00114987    -0.00124634     0.00009647
    -0.03568515    -0.03594575     0.00026060
    -0.03117644    -0.03154489     0.00036845
    -0.02619991    -0.02633853     0.00013862
     0.04772572     0.04812333    -0.00039761
    -0.01968295    -0.02016717     0.00048422
    -0.01421770    -0.01409837    -0.00011934
    -0.01584750    -0.01564488    -0.00020262
     0.06033891     0.05989461     0.00044430
    -0.02308347    -0.02321034     0.00012686
     0.05390684     0.05403842    -0.00013158
     0.05203029     0.05210702    -0.00007673
    -0.02366144    -0.02358297    -0.00007848
     0.04616531     0.04636372    -0.00019840
     0.04715559     0.04722065    -0.00006506
    -0.02605866    -0.02637086     0.00031220
    -0.02438420    -0.02427205    -0.00011215
     0.04762423     0.04776009    -0.00013586
    -0.02729327    -0.02730521     0.00001194
    -0.02876611    -0.02841451    -0.00035160
     0.03698800     0.03671605     0.00027195
    -0.02764584    -0.02734687    -0.00029898
    -0.02415280    -0.02408472    -0.00006808
     0.04791702     0.04759221     0.00032481
     0.04562843     0.04525521     0.00037323
     0.05745499     0.05667696     0.00077803
    -0.05612806    -0.05641142     0.00028336
    -0.01365944    -0.01368089     0.00002146
     0.02416967     0.02437496    -0.00020529
     0.02781635     0.02792495    -0.00010860
     0.02844393     0.02843185     0.00001208
     0.00018689     0.00018709    -0.00000020
    -0.04336621    -0.04353926     0.00017304
     0.02403500     0.02402156     0.00001345
     0.02366060     0.02351895     0.00014165
     0.00257958     0.00253744     0.00004214
    -0.01260559    -0.01263881     0.00003322
    -0.03566161    -0.03577600     0.00011439
     0.00565953     0.00518571     0.00047382
    -0.00341500    -0.00338217    -0.00003284
     0.00696658     0.00675572     0.00021086
    -0.03592861    -0.03604146     0.00011285
     0.01815666     0.01786275     0.00029391
    -0.01159728    -0.01164033     0.00004306
     0.01969492     0.01987822    -0.00018330
     0.01786659     0.01767704     0.00018955
     0.02168530     0.02155421     0.00013109
    -0.03977635    -0.04008085     0.00030450
     0.01863370     0.01879538    -0.00016168
    -0.01063465    -0.01068463     0.00004999
     0.02692278     0.02700319    -0.00008041
     0.01385386     0.01392031    -0.00006645
     0.00243776     0.00250712    -0.00006936
    -0.00244478    -0.00223509    -0.00020969
    -0.00971757    -0.00977103     0.00005346
     0.02378496     0.02345164     0.00033332
     0.01691569     0.01658136     0.00033432
    -0.00884558    -0.00889903     0.00005345
    -0.03719318    -0.03742383     0.00023066
    -0.00514467    -0.00515216     0.00000750
     0.02251331     0.02245235     0.00006096
     0.02264488     0.02274702    -0.00010214
     0.02102912     0.02090323     0.00012590
    -0.00801868    -0.00806826     0.00004958
     0.01863098     0.01845888     0.00017211
     0.02252071     0.02270898    -0.00018827
     0.01091340     0.01090705     0.00000635
     0.02604075     0.02609275    -0.00005199
     0.01151681     0.01159609    -0.00007927
     0.02218237     0.02196803     0.00021434
     0.02730102     0.02740677    -0.00010575
     0.00877611     0.00894037    -0.00016427
     0.02277590     0.02256521     0.00021069
     0.01940727     0.01925441     0.00015286
     0.02517029     0.02519397    -0.00002369
     0.02338666     0.02345048    -0.00006381
    -0.03900845    -0.03898923    -0.00001922
     0.01612130     0.01563534     0.00048597
     0.02019518     0.02006354     0.00013163
    -0.04136716    -0.04143006     0.00006290
     0.00124054     0.00136789    -0.00012735
     0.02431166     0.02430721     0.00000444
    -0.03641681    -0.03651236     0.00009555
     0.02099500     0.02088613     0.00010887
     0.02346487     0.02343278     0.00003209
     0.02180642     0.02172200     0.00008442
     0.01665995     0.01621120     0.00044875
     0.02262981     0.02257096     0.00005885
    -0.03806451    -0.03826080     0.00019629
     0.01610792     0.01601459     0.00009333
     0.01906628     0.01936807    -0.00030179
     0.01704521     0.01687777     0.00016744
    -0.03394400    -0.03398056     0.00003656
    -0.01055323    -0.01053944    -0.00001379
     0.02742818     0.02733529     0.00009289
    -0.00186657    -0.00196444     0.00009787
     0.01181475     0.01161975     0.00019500
     0.01619069     0.01578944     0.00040126
     0.02401486     0.02384870     0.00016616
     0.00832649     0.00751230     0.00081420
     0.00937889     0.00938187    -0.00000297
     0.01672994     0.01700227    -0.00027233
    -0.01821892    -0.01822869     0.00000977
    -0.04378470    -0.04423437     0.00044967
     0.01868138     0.01861647     0.00006491
    -0.03719258    -0.03735154     0.00015897
     0.00241939     0.00222066     0.00019873
     0.01679454     0.01635063     0.00044391
     0.01581324     0.01578853     0.00002471
     0.02199358     0.02196231     0.00003127
     0.00752841     0.00756836    -0.00003995
     0.01998791     0.01995490     0.00003301
     0.00590977     0.00581754     0.00009223
     0.01338019     0.01353022    -0.00015003
     0.01132671     0.01126206     0.00006466
     0.01658580     0.01646084     0.00012496
     0.01290941     0.01293025    -0.00002084
     0.01903246     0.01880611     0.00022635
     0.00582389     0.00580316     0.00002073
     0.01959133     0.01952082     0.00007051
     0.02472579     0.02489858    -0.00017279
     0.01429022     0.01412907     0.00016116
     0.01349320     0.01366427    -0.00017107
     0.02201831     0.02220685    -0.00018854
     0.01791775     0.01799840    -0.00008065
     0.01786917     0.01806798    -0.00019880
     0.00805579     0.00817321    -0.00011741
    -0.01444914    -0.01466870     0.00021956
    -0.01651342    -0.01645883    -0.00005459
    -0.01651369    -0.01645883    -0.00005486
     0.00274019     0.00312831    -0.00038812
    -0.01057690    -0.01052331    -0.00005359
    -0.00617538    -0.00623069     0.00005531
    -0.02949703    -0.02946696    -0.00003008
    -0.00599236    -0.00597810    -0.00001426
    -0.01037418    -0.01046903     0.00009485
    -0.00801764    -0.00813553     0.00011788
     0.01981735     0.01985227    -0.00003493
    -0.00723017    -0.00715132    -0.00007885
     0.00474890     0.00471262     0.00003628
    -0.01094752    -0.01098382     0.00003629
    -0.00794532    -0.00797679     0.00003148
    -0.01083484    -0.01091264     0.00007780
    -0.01028207    -0.01025324    -0.00002883
    -0.00795430    -0.00801747     0.00006317
    -0.00782316    -0.00792009     0.00009692
     0.03046541     0.03078669    -0.00032129
     0.01598206     0.01597250     0.00000956
     0.01057658     0.01030000     0.00027658
    -0.00876667    -0.00865037    -0.00011629
    -0.00876694    -0.00865037    -0.00011656
    -0.00793721    -0.00803168     0.00009448
    -0.01048574    -0.01057263     0.00008689
    -0.00654739    -0.00654180    -0.00000559
     0.01584560     0.01556314     0.00028246
    -0.00405031    -0.00379165    -0.00025866
    -0.00655792    -0.00654995    -0.00000796
    -0.00646311    -0.00643998    -0.00002313
     0.00419627     0.00417559     0.00002068
    -0.00702587    -0.00697397    -0.00005190
    -0.00832358    -0.00827120    -0.00005238
    -0.00944453    -0.00941431    -0.00003022
    -0.00493487    -0.00495143     0.00001656
    -0.00736414    -0.00724339    -0.00012075
    -0.00672086    -0.00670123    -0.00001963
    -0.01022517    -0.01031544     0.00009027
    -0.00798447    -0.00804859     0.00006412
     0.01732097     0.01710581     0.00021516
     0.01131795     0.01112574     0.00019221
    -0.00851882    -0.00859868     0.00007985
    -0.01671179    -0.01676507     0.00005328
    -0.01029507    -0.01038191     0.00008684
    -0.00430601    -0.00439734     0.00009133
    -0.02179814    -0.02167031    -0.00012783
    -0.01481480    -0.01484602     0.00003122
    -0.00744512    -0.00744268    -0.00000244
    -0.01221682    -0.01212782    -0.00008901
    -0.01221682    -0.01212782    -0.00008901
    -0.01084537    -0.01076076    -0.00008461
    -0.00771429    -0.00772862     0.00001432
    -0.00949332    -0.00956969     0.00007638
    -0.01325404    -0.01321494    -0.00003910
     0.02332116     0.02334846    -0.00002730
    -0.00903168    -0.00907661     0.00004493
     0.00130111     0.00124560     0.00005552
     0.00984029     0.00971466     0.00012563
    -0.01577618    -0.01581711     0.00004093
    -0.00846625    -0.00850196     0.00003571
     0.01878179     0.01830777     0.00047402
    -0.00888648    -0.00894484     0.00005836
     0.01749151     0.01746386     0.00002765
    -0.00780847    -0.00780474    -0.00000373
    -0.00579676    -0.00576321    -0.00003355
    -0.01551645    -0.01551937     0.00000292
    -0.01229566    -0.01232788     0.00003223
    -0.01394788    -0.01392963    -0.00001825
    -0.00837104    -0.00837547     0.00000443
     0.01316808     0.01340305    -0.00023497
    -0.00840990    -0.00840887    -0.00000102
    -0.01583284    -0.01588796     0.00005513
    -0.01109977    -0.01115901     0.00005924
    -0.01510531    -0.01512852     0.00002320
    -0.00865929    -0.00866054     0.00000125
    -0.00217457    -0.00202934    -0.00014523
     0.02730608     0.02743296    -0.00012688
    -0.01532254    -0.01537719     0.00005465
    -0.01073367    -0.01078697     0.00005330
    -0.02764429    -0.02781870     0.00017441
    -0.01526687    -0.01531780     0.00005094
    -0.02379856    -0.02393799     0.00013942
     0.01105969     0.01137968    -0.00031999
    -0.01374238    -0.01378855     0.00004618
    -0.02578072    -0.02611186     0.00033114
    -0.01119615    -0.01124078     0.00004462
    -0.02538428    -0.02536734    -0.00001694
     0.02454941     0.02464209    -0.00009269
    -0.01445376    -0.01450507     0.00005131
    -0.01145975    -0.01149354     0.00003379
    -0.00852312    -0.00874974     0.00022662
    -0.01395838    -0.01400543     0.00004705
    -0.01107365    -0.01109948     0.00002583
     0.01330242     0.01315771     0.00014472
     0.01932487     0.01959688    -0.00027201
    -0.00419197    -0.00434484     0.00015287
     0.00169796     0.00205658    -0.00035861
     0.01246973     0.01251421    -0.00004448
     0.01531857     0.01583340    -0.00051484
     0.01767692     0.01782135    -0.00014442
    -0.03156026    -0.03152389    -0.00003636
     0.00540938     0.00536767     0.00004171
    -0.03571492    -0.03601383     0.00029891
     0.03562354     0.03565147    -0.00002793
    -0.02961217    -0.03015878     0.00054662
     0.01667990     0.01711056    -0.00043066
    -0.01262135    -0.01261678    -0.00000457
     0.03224960     0.03212977     0.00011983
     0.00421855     0.00389368     0.00032488
    -0.01105008    -0.01084994    -0.00020015
     0.02758935     0.02758857     0.00000079
     0.02362163     0.02357402     0.00004761
    -0.03891650    -0.03933315     0.00041665
     0.03236816     0.03219077     0.00017739
     0.02867261     0.02882701    -0.00015439
    -0.00209245    -0.00234359     0.00025114
     0.02642392     0.02633218     0.00009173
     0.01973557     0.01957720     0.00015837
    -0.02247856    -0.02225668    -0.00022188
     0.00737622     0.00784132    -0.00046511
    -0.02254278    -0.02276103     0.00021825
     0.00861395     0.00866782    -0.00005386
     0.02680221     0.02754769    -0.00074548
    -0.01543770    -0.01562688     0.00018919
     0.04146887     0.04164341    -0.00017454
     0.05068028     0.04915701     0.00152328
     0.01331020     0.01293992     0.00037029
     0.03245361     0.03226561     0.00018799
    -0.01665949    -0.01660547    -0.00005402
    -0.02598238    -0.02629953     0.00031714
     0.01666836     0.01690697    -0.00023861
     0.03278371     0.03295688    -0.00017317
     0.02576148     0.02596707    -0.00020559
    -0.01994097    -0.02018648     0.00024551
    -0.04021418    -0.04014459    -0.00006959
    -0.02383761    -0.02419997     0.00036236
    -0.02854042    -0.02858309     0.00004268
     0.01140372     0.01165906    -0.00025534
    -0.02223508    -0.02239161     0.00015653
    -0.02411974    -0.02404227    -0.00007747
    -0.03462975    -0.03466855     0.00003880
    -0.03462948    -0.03466855     0.00003907
    -0.02364912    -0.02357348    -0.00007564
    -0.02754990    -0.02786648     0.00031659
     0.03440205     0.03452367    -0.00012163
    -0.02154682    -0.02177414     0.00022732
     0.02625140     0.02611010     0.00014130
     0.02866839     0.02863225     0.00003615
     0.00587728     0.00601502    -0.00013774
     0.03643583     0.03655675    -0.00012092
     0.02768056     0.02758108     0.00009949
    -0.06052406    -0.06052902     0.00000496
     0.02790675     0.02810606    -0.00019931
    -0.00067710    -0.00083862     0.00016152
    -0.02297525    -0.02316413     0.00018887
    -0.02911967    -0.02943050     0.00031084
     0.02348000     0.02404471    -0.00056471
    -0.02240768    -0.02232055    -0.00008713
    -0.02888276    -0.02893264     0.00004988
    -0.03092664    -0.03101638     0.00008974
    -0.03210171    -0.03206797    -0.00003374
     0.02471526     0.02459307     0.00012219
     0.01633807     0.01667366    -0.00033559
     0.02425329     0.02459565    -0.00034235
    -0.03069156    -0.03099090     0.00029934
    -0.02089843    -0.02086550    -0.00003292
    -0.02089815    -0.02086550    -0.00003265
     0.02736271     0.02745708    -0.00009437
    -0.02647208    -0.02660637     0.00013429
    -0.02761850    -0.02769391     0.00007542
    -0.04656203    -0.04676079     0.00019876
    -0.03226533    -0.03254699     0.00028166
     0.04305285     0.04296751     0.00008534
    -0.04353865    -0.04356306     0.00002440
     0.04152409     0.04144430     0.00007978
    -0.02251345    -0.02244810    -0.00006535
    -0.02700880    -0.02721325     0.00020446
    -0.04490042    -0.04517448     0.00027406
    -0.05926243    -0.05903018    -0.00023224
    -0.03384079    -0.03409812     0.00025734
    -0.02532849    -0.02485830    -0.00047020
    -0.03593851    -0.03600246     0.00006395
    -0.03593843    -0.03600247     0.00006403
     0.02262597     0.02255618     0.00006979
    -0.02895049    -0.02905567     0.00010518
    -0.03541747    -0.03564365     0.00022618
    -0.03712074    -0.03718296     0.00006222
    -0.04027146    -0.04024051    -0.00003095
    -0.03869628    -0.03871544     0.00001916
    -0.03218884    -0.03215277    -0.00003607
    -0.03244220    -0.03247487     0.00003267
     0.04130144     0.04111916     0.00018228
    -0.03725598    -0.03735576     0.00009978
    -0.03196639    -0.03198057     0.00001419
    -0.03396566    -0.03387830    -0.00008736
    -0.03129701    -0.03145424     0.00015723
    -0.03857840    -0.03872887     0.00015047
    -0.03857840    -0.03872887     0.00015047
    -0.03990270    -0.04012179     0.00021910
     0.00022297     0.00019124     0.00046031     0.00035239     0.00180994
