     0.00013105    -0.00012776     0.00025881
     0.02248545     0.02558843    -0.00310298
    -0.01472814    -0.01598109     0.00125295
     0.03938440     0.03430472     0.00507968
    -0.00835920    -0.00952179     0.00116258
     0.01503587     0.01557287    -0.00053700
     0.00008727     0.00104450    -0.00095723
    -0.02133286    -0.02366073     0.00232788
    -0.02912807    -0.03075991     0.00163183
    -0.01862652    -0.02062460     0.00199808
     0.01521862     0.01241027     0.00280835
     0.00163704     0.00147604     0.00016100
    -0.00086611    -0.00015814    -0.00070797
     0.02370240     0.02628904    -0.00258664
    -0.00005693    -0.00169124     0.00163431
    -0.01545324    -0.02233459     0.00688135
     0.02800090     0.02566531     0.00233559
     0.01375955     0.01994392    -0.00618437
    -0.02915009    -0.03011367     0.00096358
     0.01361105     0.01276008     0.00085097
     0.02544344     0.02610988    -0.00066644
    -0.00275083    -0.00144861    -0.00130221
     0.03055158     0.02751761     0.00303397
     0.01867354     0.02279189    -0.00411835
     0.04042456     0.03481116     0.00561340
     0.02956705     0.02926563     0.00030141
     0.04064772     0.03588410     0.00476362
     0.00783462     0.00001223     0.00782239
    -0.00106399    -0.00006821    -0.00099578
    -0.00287785    -0.00209187    -0.00078598
    -0.00785737    -0.01436008     0.00650271
     0.03260876     0.03544976    -0.00284099
    -0.01014865    -0.01047391     0.00032526
    -0.01674700    -0.01701173     0.00026473
     0.01755034     0.01689400     0.00065633
     0.03207763     0.04393109    -0.01185347
     0.03335830     0.03501114    -0.00165284
    -0.01619026    -0.01736953     0.00117927
    -0.01555860    -0.01589115     0.00033255
     0.02413010     0.02176702     0.00236309
    -0.00133532     0.00223018    -0.00356550
    -0.01508177    -0.01403044    -0.00105133
    -0.00062769    -0.00251042     0.00188273
     0.04314458     0.04164948     0.00149509
    -0.00200785    -0.00487145     0.00286360
    -0.00702680    -0.00594037    -0.00108643
    -0.00672682    -0.00777454     0.00104772
    -0.00113961    -0.00017274    -0.00096687
    -0.00016931     0.00052987    -0.00069918
    -0.03058620    -0.02864612    -0.00194008
    -0.01978553    -0.02183214     0.00204660
     0.00390677     0.00403432    -0.00012755
    -0.02415895    -0.02079752    -0.00336143
    -0.00141415     0.00229564    -0.00370979
    -0.00150210     0.00114391    -0.00264600
    -0.00046861    -0.00080069     0.00033209
    -0.00948352    -0.01139944     0.00191591
    -0.00063144    -0.00313893     0.00250749
     0.02863800     0.03055003    -0.00191204
    -0.02603109    -0.02796143     0.00193033
     0.03337656     0.03160020     0.00177636
     0.00847001     0.00845265     0.00001735
     0.00721630     0.00663117     0.00058513
     0.01381827     0.01630805    -0.00248978
    -0.01201883    -0.01443864     0.00241980
     0.00003924     0.00061544    -0.00057620
    -0.00226382     0.00066157    -0.00292540
     0.00662306     0.00782738    -0.00120432
     0.00540130     0.00879998    -0.00339869
    -0.01086975    -0.01167109     0.00080134
    -0.00046297    -0.00081515     0.00035218
    -0.00915903    -0.01195574     0.00279671
     0.02074457     0.01813246     0.00261211
    -0.01618160    -0.01509234    -0.00108926
     0.00505637     0.00568709    -0.00063073
    -0.00045593    -0.00081838     0.00036245
    -0.01848072    -0.02150507     0.00302434
    -0.00072581     0.00003571    -0.00076152
     0.02089919     0.02280009    -0.00190091
     0.01791889     0.02437974    -0.00646085
    -0.00573270    -0.00915122     0.00341852
     0.01941832     0.02228921    -0.00287089
    -0.03183324    -0.03484838     0.00301514
     0.02524346     0.02187418     0.00336928
     0.01616871     0.01699640    -0.00082770
     0.03466148     0.02869337     0.00596812
     0.02785445     0.02633505     0.00151939
    -0.01749445    -0.01924471     0.00175026
     0.00298199     0.00495946    -0.00197748
     0.01512031     0.00933256     0.00578775
     0.02495826     0.02316720     0.00179106
     0.01682347     0.01955450    -0.00273103
    -0.02238700    -0.02399246     0.00160546
     0.02828273     0.02968389    -0.00140116
     0.03404215     0.02944818     0.00459397
     0.01266883     0.01018607     0.00248277
    -0.00046798    -0.00078567     0.00031768
     0.00920899     0.01348744    -0.00427845
     0.03655798     0.04098776    -0.00442978
     0.00619568     0.00515076     0.00104492
    -0.00361196    -0.00461588     0.00100392
    -0.00463960    -0.00584473     0.00120513
    -0.00867091    -0.00956092     0.00089001
    -0.00867118    -0.00956092     0.00088974
    -0.00893981    -0.00718237    -0.00175744
    -0.00808837    -0.00885314     0.00076477
    -0.01001722    -0.00755595    -0.00246127
    -0.00585467    -0.00615632     0.00030166
    -0.00891763    -0.00716490    -0.00175274
    -0.00455508    -0.00567922     0.00112414
    -0.00611478    -0.00657740     0.00046262
    -0.00781340    -0.00675707    -0.00105633
    -0.00544089    -0.00588083     0.00043995
    -0.00429330    -0.00512176     0.00082845
    -0.00567208    -0.00605982     0.00038775
    -0.01211699    -0.01214994     0.00003295
    -0.00433075    -0.00532024     0.00098949
    -0.01094752    -0.00896548    -0.00198204
    -0.03422022    -0.03421626    -0.00000396
    -0.00693346    -0.00750111     0.00056764
    -0.02450617    -0.02231376    -0.00219241
    -0.00440288    -0.00532902     0.00092613
    -0.00480159    -0.00540413     0.00060255
    -0.00630354    -0.00667321     0.00036966
    -0.00778556    -0.00832421     0.00053865
    -0.01037418    -0.00772122    -0.00265296
    -0.00795430    -0.00807126     0.00011696
    -0.00466085    -0.00554481     0.00088396
    -0.01057690    -0.00992428    -0.00065263
    -0.01878446    -0.01729136    -0.00149309
    -0.00562865    -0.00625600     0.00062736
    -0.00502047    -0.00571813     0.00069765
    -0.00731921    -0.00781582     0.00049661
    -0.01396905    -0.01360639    -0.00036265
    -0.00686690    -0.00651519    -0.00035171
    -0.02438592    -0.02226415    -0.00212177
    -0.01048574    -0.00778559    -0.00270015
    -0.03169354    -0.03739097     0.00569743
    -0.00549001    -0.00618663     0.00069663
    -0.00571137    -0.00615406     0.00044269
    -0.01949715    -0.01785847    -0.00163868
    -0.01094850    -0.01091257    -0.00003593
    -0.00841934    -0.00715292    -0.00126642
    -0.00841950    -0.00715292    -0.00126658
    -0.00626265    -0.00677987     0.00051723
    -0.01084537    -0.00982316    -0.00102221
    -0.00906841    -0.00960592     0.00053751
    -0.01028207    -0.00951065    -0.00077142
    -0.01699286    -0.01612639    -0.00086647
    -0.01644292    -0.01569115    -0.00075176
    -0.00944453    -0.00914168    -0.00030285
    -0.00947258    -0.00961986     0.00014728
    -0.00636357    -0.00679354     0.00042997
    -0.00661726    -0.00695761     0.00034035
    -0.00782316    -0.00772372    -0.00009944
    -0.00798447    -0.00781064    -0.00017383
    -0.01109977    -0.00804024    -0.00305953
    -0.00743848    -0.00712880    -0.00030968
    -0.00791900    -0.00713701    -0.00078199
    -0.01626299    -0.01548256    -0.00078043
    -0.01359048    -0.01328844    -0.00030204
    -0.00793721    -0.00773533    -0.00020188
    -0.00837104    -0.00796294    -0.00040810
    -0.00840990    -0.00798484    -0.00042505
    -0.01651494    -0.01579178    -0.00072317
    -0.01022517    -0.00782327    -0.00240190
    -0.00702184    -0.00709608     0.00007423
    -0.01029507    -0.00783229    -0.00246279
    -0.03047311    -0.02939675    -0.00107635
    -0.01085269    -0.01098001     0.00012732
    -0.01864614    -0.01744323    -0.00120291
    -0.01145975    -0.00819011    -0.00326963
    -0.01119615    -0.00811916    -0.00307699
    -0.00846625    -0.00797897    -0.00048728
    -0.00801764    -0.00766981    -0.00034784
    -0.00888648    -0.00758439    -0.00130208
    -0.01569887    -0.01508120    -0.00061767
    -0.00865929    -0.00800659    -0.00065270
    -0.02532849    -0.02766051     0.00233201
    -0.01228872    -0.01215359    -0.00013513
    -0.01900661    -0.01757996    -0.00142664
    -0.01073367    -0.00802663    -0.00270703
    -0.01273253    -0.01254743    -0.00018511
    -0.01513231    -0.01448487    -0.00064744
    -0.01690129    -0.01595301    -0.00094828
    -0.01799130    -0.01686233    -0.00112897
    -0.01756253    -0.01646452    -0.00109801
    -0.01969966    -0.01813391    -0.00156574
    -0.01501282    -0.01440417    -0.00060865
    -0.01471695    -0.01415246    -0.00056449
    -0.00851882    -0.00780069    -0.00071813
    -0.00903168    -0.00814090    -0.00089078
    -0.01107365    -0.00817339    -0.00290026
    -0.01860159    -0.01725030    -0.00135129
    -0.01849427    -0.01717713    -0.00131714
    -0.00949332    -0.00791346    -0.00157986
    -0.01890127    -0.01880747    -0.00009381
    -0.03255078    -0.02944264    -0.00310814
    -0.01214180    -0.01352368     0.00138187
    -0.02514811    -0.02537749     0.00022938
    -0.00199813    -0.00168353    -0.00031460
    -0.00199813    -0.00168353    -0.00031460
    -0.00199813    -0.00168353    -0.00031460
    -0.00199813    -0.00168353    -0.00031460
    -0.00199813    -0.00168353    -0.00031460
    -0.00199813    -0.00168353    -0.00031460
    -0.00199813    -0.00168353    -0.00031460
    -0.00199813    -0.00168353    -0.00031460
     0.01749151     0.01629077     0.00120073
    -0.00324942    -0.00302402    -0.00022540
    -0.00481584    -0.00458106    -0.00023479
    -0.00433665    -0.00448790     0.00015125
    -0.01162019    -0.01315568     0.00153549
    -0.05506420    -0.05466980    -0.00039440
    -0.00475271    -0.00614636     0.00139364
    -0.00331184    -0.00315882    -0.00015302
    -0.00351593    -0.00352654     0.00001061
     0.03303740     0.03217879     0.00085860
    -0.00345293    -0.00322821    -0.00022472
    -0.00366341    -0.00328949    -0.00037393
    -0.00360031    -0.00327392    -0.00032639
     0.02081181     0.02135848    -0.00054667
    -0.00377373    -0.00343446    -0.00033927
    -0.00777925    -0.00642422    -0.00135503
    -0.00413349    -0.00509471     0.00096122
    -0.00317981    -0.00301447    -0.00016535
    -0.00313543    -0.00296274    -0.00017269
     0.03297130     0.01744906     0.01552224
    -0.00295189    -0.00261768    -0.00033421
    -0.00357786    -0.00367629     0.00009842
     0.03381793     0.03622992    -0.00241199
    -0.00378622    -0.00349367    -0.00029255
     0.01851672     0.02106119    -0.00254446
    -0.00697896    -0.00520214    -0.00177682
    -0.00596259    -0.00609161     0.00012903
    -0.00570280    -0.00576989     0.00006709
    -0.00646189    -0.00698178     0.00051990
    -0.00369776    -0.00339533    -0.00030243
     0.02929654     0.03404148    -0.00474494
    -0.00327339    -0.00333092     0.00005753
    -0.00361367    -0.00330970    -0.00030397
     0.04882457     0.04838223     0.00044234
     0.04766229     0.04704340     0.00061889
    -0.00784039    -0.00852040     0.00068001
    -0.00386421    -0.00363222    -0.00023198
    -0.00417466    -0.00398235    -0.00019232
     0.02508060     0.02140554     0.00367506
     0.00494888     0.00868257    -0.00373369
    -0.00687790    -0.00592680    -0.00095110
    -0.00615600    -0.00642174     0.00026573
    -0.00722070    -0.00778335     0.00056264
    -0.00246312    -0.00222860    -0.00023452
    -0.00246285    -0.00222860    -0.00023424
    -0.00246285    -0.00222860    -0.00023424
    -0.00246285    -0.00222860    -0.00023424
    -0.00246285    -0.00222860    -0.00023424
    -0.00246285    -0.00222860    -0.00023424
    -0.00246285    -0.00222860    -0.00023424
    -0.00246285    -0.00222860    -0.00023424
    -0.00246285    -0.00222860    -0.00023424
    -0.00246285    -0.00222860    -0.00023424
    -0.00246285    -0.00222860    -0.00023424
    -0.00246285    -0.00222860    -0.00023424
    -0.00605170    -0.00549599    -0.00055572
    -0.00347228    -0.00396199     0.00048971
    -0.00381071    -0.00297102    -0.00083969
    -0.00728386    -0.00710331    -0.00018055
    -0.00740713    -0.00778646     0.00037933
    -0.00676149    -0.00640815    -0.00035333
     0.05312329     0.04976191     0.00336138
    -0.00375493    -0.00360239    -0.00015254
    -0.00395591    -0.00383457    -0.00012134
     0.04010009     0.03136327     0.00873681
    -0.00663351    -0.00668005     0.00004654
    -0.00649710    -0.00677597     0.00027887
    -0.00492668    -0.00454628    -0.00038040
    -0.00326392    -0.00343885     0.00017492
    -0.00404827    -0.00402204    -0.00002622
    -0.00454144    -0.00416175    -0.00037970
    -0.00226807    -0.00245685     0.00018878
    -0.00226807    -0.00245685     0.00018878
    -0.00226807    -0.00245685     0.00018878
    -0.00226780    -0.00245685     0.00018905
    -0.00226780    -0.00245685     0.00018905
    -0.00226780    -0.00245685     0.00018905
    -0.00226780    -0.00245685     0.00018905
    -0.00226780    -0.00245685     0.00018905
    -0.00226780    -0.00245685     0.00018905
    -0.00226780    -0.00245685     0.00018905
    -0.00226780    -0.00245685     0.00018905
    -0.00226780    -0.00245685     0.00018905
     0.04130144     0.04310302    -0.00180158
    -0.00414574    -0.00418545     0.00003971
     0.02289427     0.01954255     0.00335172
     0.02136097     0.01817968     0.00318128
     0.03643583     0.04080646    -0.00437063
     0.02604674     0.02928918    -0.00324244
     0.02873648     0.03139149    -0.00265501
     0.02287517     0.02004795     0.00282722
     0.02466241     0.02155241     0.00311001
     0.00230654     0.00224874     0.00171053     0.00352894     0.01552224
