49	2	1
15	15	
1	1006
  0.0509196552000692	  0.1345711188415454	  0.0917197832121609	  0.0810803382432456	  0.0117280451946236	  0.0090713026159049	  0.0401661478336543	  0.0526118715173350	  0.0340796579390860	  0.0526134885998191	  0.0128659847729998	  0.0349100416129903	  0.0764698231390293	  0.0051989153520747	  0.0203860418256658	  0.0681309741312083	  0.0363743161063826	  0.0007897724327095	  0.0045851554252880	  0.0079545833900597	  0.0045853011665022	  0.0070930819106420	  0.0205697330956954	  0.0029067946150517	  0.0022483211977909	  0.0102086664641072	  0.0139552211424603	  0.0174926268920479	  0.0139674944690803	  0.0010210765243116	  0.0015877212227064	  0.0024439626793811	  0.0040817974363677	  0.0078155116658871	  0.0078155118472001	  0.0159225623761220	  0.0205691297660476	  0.0381667713281543	  0.0205703945282406	  0.0013025081019590	  0.0044984839831357	  0.0350674249536625	  0.0032788638877362	  0.0097407715810844	  0.0315972377671333	  0.0005301334206936	  0.0037951311731091	  0.0381608932545896	  0.0127717265613683	  0.0638703753181926
  0.0510501822100672	  0.1348455706723265	  0.7429710648907740	  0.2243103377125632	  0.0117280865259778	  0.0090713201471735	  0.0402667223599968	  0.0527183302154699	  0.1400632571091266	  0.0527200606868800	  0.0128989442564909	  0.0349797871781868	  0.1781475784013639	  0.0051989323893750	  0.0203860795078622	  0.2802920076791633	  0.0568891488543633	  0.0007897724353379	  0.0045851713664937	  0.0079739571032584	  0.0045853170722022	  0.0070930955362647	  0.0206110502308636	  0.0029068050516662	  0.0022483258583042	  0.0102340626211222	  0.0139822751506277	  0.0355376195462368	  0.0139945772924125	  0.0010210765297065	  0.0015877212297443	  0.0024439626845465	  0.0040818105640599	  0.0078155262748751	  0.0078155264873079	  0.0159613102922531	  0.0206104463666066	  0.1071887261245556	  0.0206117991418104	  0.0013025124040618	  0.0044984935591917	  0.0711576110723040	  0.0032867555363000	  0.0097584957983021	  0.0461605425993989	  0.0005301334229174	  0.0037951311782856	  0.1073090834785531	  0.0157100660449747	 -0.0048081975258476
                  0.12816817427729298995
                  0.06528007943855371198
                 -0.19789370215003349029
                 -0.36111363886799130452
                 -0.00157028587421515994
                  0.04477102946153522361
                 -0.39291918932009450849
                 -0.32526245392827407565
                  0.01881916419749935995
                  0.08743816475479780637
                  0.08981595384616074262
                  0.14746953056434142226
                  0.02516755970783304472
                  0.18315592943964525974
                  0.14608352111652903038
                 -0.30213259520730445518
                 -0.14691310030308216139
                  0.21018912692741484327
                  0.09673909266670918661
                 -0.22362883186215687381
                 -0.13217158616906327095
                 -0.11441965186169027191
                  0.34286945168880073043
                 -0.07791332228282751848
                 -0.09922634284783345138
                 -0.27497915154350582867
                  0.02213641229913258443
                  0.11094191081858159609
                 -0.31078178811300150031
                 -0.30196800023087716491
                 -0.09258138309892592621
                  0.20263172371588600296
                  0.22842703598613034455
                  0.31308812916771622259
                 -0.30138737586158864667
                 -0.06311143717447299795
                  0.07332061737351669439
                 -0.02527277215738165522
                  0.09144442369123773062
                 -0.39644227441057872108
                 -0.21337082315852831660
                 -0.19101490581994207130
                  0.17836502951308871867
                 -0.39045318862289440931
                 -0.28791240041586541043
                  0.00320766122031099308
                 -0.05326735110219703306
                 -0.03587415517312915469
                  0.32002290980146180788
                 -0.27449339900301988893
                  0.00620404830643849804
                  0.39342946035040993191
                 -0.34529499336047325686
                 -0.08152001203278030905
                  0.18362431155116562542
                  0.12893734479603821685
                 -0.36997198884890247772
                 -0.13097553881240048268
                 -0.33478697768267251522
                  0.14891397852455409700
                 -0.14474996776516421693
                 -0.15936408215340344685
                 -0.37117361609207227824
                  0.07928107059909215992
                  0.30128928159027551503
                 -0.25744212178212833031
                 -0.22624237170208044700
                  0.22228424613561234557
                 -0.28221640895658822723
                 -0.06122852166573237304
                 -0.09913202971687963549
                 -0.33720873379672933190
                 -0.00221264490142769957
                 -0.02655204752721216505
                  0.37441949933659196548
                 -0.07879152212516828124
                 -0.14836435750503887410
                  0.13587849020977302295
                  0.11546779172487570131
                 -0.12263994200573431759
                 -0.37075483959160604464
                  0.04178777401609238412
                 -0.01766506084429447093
                  0.22466740415585659263
                  0.20277293801065618406
                 -0.25601482148659238103
                  0.10780261794054576963
                  0.37630570399775598034
                 -0.05898602067929538395
                  0.12939234390963000321
                  0.13425665586325710721
                  0.33311755969679285316
                  0.29114540548286027555
                  0.02803494930392369522
                  0.31563147229277399575
                  0.17485368777126392148
                  0.04230163454181205124
                  0.00200703285430546899
                 -0.14305866991432603097
                 -0.11412204248760177139
                  0.39867420018862115283
                 -0.03915598460860717639
                 -0.36191677336067024084
                 -0.02398433360146965190
                  0.27362563851569771112
                  0.36112894700747105725
                 -0.12569360592447345604
                 -0.19174335826878241562
                 -0.11378102873119547156
                  0.07512962692770427942
                 -0.02031916732435478865
                  0.29290222644823188380
                  0.41443079864543413970
                  0.00040685876709001126
                 -0.00413940880662236159
                 -0.48698208879472754118
                  0.02277546672456353880
                 -0.03741105827989103100
                 -0.13889568211468836245
                 -0.45923279996792010227
                 -0.10538480870981296877
                  0.11039859849212582676
                 -0.13895805276264394656
                 -0.35955486326307556366
                 -0.22532373530471347389
                 -0.15053422350497869253
                  0.16517989299471402820
                 -0.30780872598738234780
                  0.44038728598087911736
                  0.01476374452931382940
                  0.13405294521282323794
                  0.06641245698828922295
                  0.58760990887203790045
                  0.04868255815932977237
                  0.53616832161564864645
                 -0.05354135803327687848
                  0.03079301210281744708
                 -0.13705390051688509656
                  0.29648512400557996971
                 -0.20394274280625429574
                 -0.20050542452621564204
                 -0.10854642904231749656
                  0.34344094086505444485
                 -0.28310574394620385830
                  0.29234438611426638577
                 -0.16658962464588533692
                  0.21737656043886321999
                  0.13916708623983900517
                 -0.07722978621889503570
                 -0.19366716127282052051
                 -0.20505877728078492073
                 -0.18443997396909989073
                 -0.17871055866381241328
                 -0.35522542702724241304
                  0.04513665045334825515
                  0.17122451143256406381
                  0.23176884831764715811
                  0.08739048795387989454
                 -0.02158356129124325978
                 -0.19565523957467856331
                  0.06203845080929958761
                  0.30201081940072188603
                  0.07487602554225337992
                  0.19698111360080550192
                 -0.17338067720356617474
                 -0.24675254615497954624
                  0.09651781762644635887
                 -0.00512418799155682850
                  0.13579616479070719115
                 -0.11021278706610568299
                  0.39158792428708316669
                  0.38407799365624484267
                 -0.10568301504426282078
                 -0.22297923145119608046
                 -0.17392878289389052116
                 -0.29257478577481982329
                  0.18313290675279217390
                 -0.00296004034169848737
                  0.10738934530677035628
                  0.22462962743978995284
                  0.19138872498690109869
                 -0.23869031310354629771
                 -0.44813786942619804332
                 -0.10493939347830576192
                  0.22199463689514914444
                 -0.32138049177908190046
                  0.39703785497739874089
                 -0.12617684254796418530
                  0.17356015939882332710
                 -0.12555677626412178882
                  0.21665661174749714646
                  0.38867725301787831027
                 -0.12016879959712216397
                 -0.28163563375077926842
                 -0.08631248690293116810
                  0.14207008654089800515
                  0.34298015852046198626
                  0.11474077289801093427
                  0.08193487966152905588
                 -0.07310399822109935053
                 -0.06286532772262565238
                  0.23868084246244883340
                 -0.15737472618530057300
                  0.12114746176974650060
                  0.14601184629311289576
                  0.35533474524673819284
                  0.16674405073734890892
                 -0.15182171596788332502
                  0.38094876804031735373
                  0.03863803622990965442
                  0.23153116746243648794
                  0.06090932520358877111
                 -0.23391410300705975378
                 -0.41630684195823597360
                 -0.26250381946147943735
                 -0.01178254802959800840
                 -0.30969239675202681061
                 -0.15192346949861107452
                  0.10206346422131724883
                  0.01345177195536777746
                  0.02662718740662826586
                  0.10293251510485658395
                 -0.24380084132743096159
                  0.28096116298686735213
                  0.18933701754295648167
                 -0.16919580971076392251
                  0.00919699793741575108
                  0.33596244368232769384
                  0.02160004458164865165
                 -0.09228909469937386645
                  0.34486551495824374625
                  0.30060562430642745468
                  0.24115862619600406114
                 -0.22257325145819947809
                  0.27651527209229187498
                  0.41971124479220606185
                 -0.01379785249179308476
                 -0.05933610082257283896
                  0.22105660027818191393
                 -0.12052997936641435262
                  0.02326687479781533452
                 -0.00687806891708421519
                 -0.40121627089957639933
                 -0.48886776952545851760
                 -0.25638416577934286522
                  0.15352248213278854583
                  0.37635261600285740968
                 -0.30529618694798021927
                  0.09824575280434065527
                 -0.00660447799567857700
                  0.30997913030197637996
                 -0.01045097781716736000
                  0.28297873311495885806
                 -0.20281160620316693310
                 -0.31255719019009714499
                 -0.20926644767638097333
                  0.33596312641089037809
                  0.10896200853276483134
                  0.16295414254332338255
                  0.10652990604867444702
                 -0.11903248900083870931
                 -0.33601844630149590998
                 -0.10765956118538101693
                  0.08290422909876501989
                  0.22884108343770165339
                  0.11830443528774700623
                 -0.06382903599100969716
                 -0.06689939672179159857
                  0.20247323911683651199
                  0.28623718626965832801
                 -0.35352559797752580728
                  0.21032714929040854934
                  0.27995498066442159324
                 -0.13575801817081561973
                  0.16305501287490800633
                  0.31984319105346514789
                 -0.11209938119110106347
                 -0.08448902732717634978
                 -0.16332817761152187974
                 -0.06232659761699240603
                 -0.00636824437878660051
                  0.24894552727219643184
                  0.36946492735808250663
                 -0.15481323227880708360
                  0.00613848698695682732
                  0.03492783128780924118
                  0.04973024609241458172
                 -0.23772255276644294053
                  0.00018124645314280098
                 -0.06818334858894742334
                 -0.08245744772746448070
                 -0.09396519102650476019
                 -0.18022555487597902157
                 -0.15528722105593181779
                  0.07938260395410028092
                  0.19013559642105276604
                  0.22982556226771097552
                  0.08174726566446224862
                  0.23483213091703145081
                  0.04245919700752105730
                  0.30292283750992260449
                 -0.27795104010062771094
                  0.10172360191968850274
                  0.36444395164240317442
                 -0.11962062797747873011
                  0.31409389394931436224
                 -0.04562631029490113455
                  0.22071867652011498140
                  0.03761669427092093065
                  0.26312295666464530219
                  0.21874963191947235930
                 -0.23204298086665373080
                 -0.29440631431168773346
                  0.15141524322795391067
                 -0.15526078434454565480
                  0.17186365263782357737
                  0.08416490379126703725
                 -0.20505287305114439089
                 -0.35113920454610020316
                 -0.09923374601579133814
                  0.26371553341728748432
                  0.14554149926683607186
                  0.20856537743137423813
                  0.29905481670039452124
                  0.42235972644028901835
                  0.05020937535729346618
                 -0.18488846943730086192
                  0.45015513783571176054
                 -0.02614231405359794189
                  0.18925610665111075592
                 -0.12789630366415383200
                 -0.24345796156968466106
                  0.01805994221296383651
                 -0.24675044422949932166
                 -0.18258201788428396473
                 -0.15160928865453099368
                 -0.41062624936731662029
                 -0.35482933077237854835
                  0.21974145021579352677
                  0.09334164285675054795
                  0.02233906766408221001
                  0.20435647728135486467
                 -0.11450689146410902852
                 -0.23550413112630760870
                  0.26727157461294803742
                  0.19897735664378229936
                  0.13978576995887204149
                 -0.29813704671542595737
                  0.16534084093969439455
                 -0.32008906700094674758
                 -0.11810044387849101544
                  0.29447065842289049664
                  0.18903626054584463101
                  0.13838524637545487894
                 -0.36883426875161812175
                  0.23589596872147283735
                 -0.07799489650345085845
                  0.27869806064855479066
                  0.12625730160228140764
                  0.19058462689899449694
                 -0.39384460156802925113
                  0.13644586105838510393
                  0.28279885749549771301
                 -0.11041711461113461190
                  0.24330368679998659598
                  0.38607891737222888029
                 -0.19197087438701179729
                 -0.10155146879785378888
                  0.12636203800224229954
                  0.02642571749692242469
                 -0.25001464605760753690
                 -0.07198284194026562111
                  0.30183013581229983791
                  0.06652611964034761682
                  0.16578708278543752286
                 -0.27765345726800105819
                  0.37960443072548549770
                 -0.23211368677783328351
                  0.21423857549957625590
                  0.25407009281418468927
                 -0.36487310087379387635
                  0.08344260217978771710
                 -0.00347177002986176703
                 -0.26375585501330667260
                 -0.14351453144024595154
                 -0.44317045467783106050
                  0.11468430592092564158
                  0.11976530724430015096
                 -0.01733580103430101826
                 -0.14316282802009361319
                 -0.00812911609579011415
                 -0.02825654004536047245
                  0.10045558676830737554
                 -0.35635401982130965326
                 -0.28467621922640895527
                  0.78919157899791059219
                  0.21271074115726990028
                 -0.38394793049104414262
                  0.27764340350587290995
                  0.37817254640175240743
                 -0.44925837657665862457
                 -0.06021125662605800871
                 -0.16550439070802624997
                 -0.24418381034772695948
                  0.46003996329145591115
                  0.02629031312165651391
                  0.20303107095342096122
                 -0.27138447281895999863
                  0.36582675143472020984
                 -0.23235276841556101735
                 -0.29347677560077145564
                 -0.31229318914899861781
                  0.09968867195359304434
                 -0.26014193408704416877
                  0.02550859376954169033
                 -0.40198054634439522870
                 -0.05624774678971096453
                  0.08845875745785918010
                  0.28912684524326731639
                  0.39146943207439210966
                 -0.11404306960861770870
                  0.09333867563251808941
                 -0.27892221813677392506
                  0.27989737419860383216
                  0.32961594453252157644
                 -0.18545711310027343521
                 -0.09090167943616771218
                  0.13708972732777260917
                  0.12104905794600991087
                 -0.37071266795656876436
                 -0.01410324487529588527
                 -0.21309668017430322129
                  0.16262497458501648517
                  0.39719916573389990599
                 -0.13482955321277584337
                 -0.06433898056599753057
                 -0.18864050628903919482
                 -0.08457334562326908334
                 -0.32951863808676695733
                  0.09626832776846380724
                 -0.44800586864927910424
                 -0.31105166735246986276
                  0.16177844009963837646
                  0.35059725497453536613
                 -0.22220321635248027614
                  0.39218139237475518888
                 -0.20552058054556110456
                  0.04627397394275243464
                 -0.26550387969926830811
                 -0.16019759395553309633
                 -0.24203289916733514153
                 -0.19810564397291391403
                 -0.14435617753390347917
                  0.00650226766859214513
                  0.21380121168423896205
                  0.20346539826014181651
                 -0.14392993915250437698
                 -0.21799020546887895589
                 -0.17633983520723858773
                  0.07095819446662185448
                 -0.27335475822536875468
                 -0.04010461711258608841
                  0.04988438236710129869
                  0.15300499031409978135
                  0.18015600746606111326
                  0.21656893500695106880
                  0.30381145316654445399
                  0.03577770919247820480
                  0.06907769824767832911
                 -0.31555590501163732764
                  0.16012776488954280629
                  0.20409185121523071293
                  0.17071911067181425037
                 -0.41144619762391571038
                 -0.08282831364447218458
                  0.00322452381918620409
                  0.05026708083500695812
                  0.08058052472084917262
                 -0.22300263258870367533
                  0.26136116821512750397
                  0.09795370365548036751
                  0.15718468701228352491
                  0.17800518996137601468
                  0.02429336153455871963
                  0.02918321167834586269
                 -0.30121680073353612750
                 -0.32901700472699257904
                 -0.11280067835770432594
                 -0.15369630319193061663
                  0.22168041672982483070
                  0.09567315191786249229
                  0.24536227551586556328
                  0.13151721522127748920
                  0.16957124259701139568
                  0.29994868997465845561
                 -0.04322242688604483601
                  0.35175305158844949460
                  0.15036749594236537009
                  0.35138025231427560957
                  0.06409813870271910408
                 -0.01143872353802912779
                  0.13674004967712052871
                 -0.37499384622074316553
                 -0.25349503199945572218
                  0.20061094797711537252
                 -0.38750374587048813657
                  0.00400870730568322637
                 -0.09694419493411907118
                  0.31610208873583717226
                 -0.18040222312125048232
                  0.22379188916652620334
                  0.03571603393568168611
                 -0.20664626896228385777
                  0.20293418128428022951
                 -0.00963087780888841061
                  0.30439399536971645244
                 -0.22551528983450183641
                 -0.16782484124616289800
                  0.25079665154238461877
                  0.07824779173226294182
                 -0.10197894751677512304
                 -0.23704051320076674481
                 -0.20786571621890234662
                 -0.03902590721110968386
                  0.05484147296007639560
                 -0.11841941591932136912
                 -0.11407189990235584720
                 -0.01048016823243678661
                 -0.15983089231362629379
                  0.31878281590804963264
                  0.11310840303196745271
                 -0.12333236455863742786
                  0.19168743515863348459
                 -0.25103083733635928043
                 -0.04498497361230700126
                 -0.06818641256138935347
                  0.04537251996425357287
                 -0.05976376532288611015
                  0.01412897539435836215
                 -0.06629077011403533559
                  0.03887062597715749968
                 -0.24796373982090730292
                 -0.19738570074338113169
                 -0.05597774576171037769
                  0.19981935066841874371
                 -0.07097094791343928899
                 -0.11693937954211289232
                 -0.29845934463279960580
                  0.34429341111759736993
                  0.04796450955650191639
                  0.24569386590456007702
                 -0.30536237540155120040
                 -0.04434080013827738920
                 -0.32142363071769197713
                 -0.28215035906217150741
                  0.06281476502187674504
                  0.31350808470908037018
                  0.37228110340944103873
                 -0.16140459632171352822
                 -0.24343011100920852741
                  0.30374582136866368209
                 -0.26829034760371878177
                  0.30151308580890989752
                  0.14544959557363321134
                  0.12973656318555054634
                 -0.30612758992895128252
                 -0.09262689316854572086
                  0.19644614687544889597
                  0.06146329626210954300
                  0.18466401039344282342
                 -0.14002756227563117886
                  0.05801062017505898699
                 -0.30124269608150028299
                  0.32771887401842042520
                  0.23198608637995410398
                 -0.04364704864567710979
                 -0.33008973152973608567
                 -0.17533132195015355137
                 -0.22743983008096901877
                  0.06374352256849651066
                  0.30678424027584311196
                  0.00157160535939318557
                 -0.04118553925374135449
                 -0.12454519295211601004
                  0.16395507172092324555
                 -0.09757156235219181795
                  0.35061821301473433676
                  0.26178263241611271495
                  0.14611374957979300637
                 -0.20933597817883842218
                  0.09474947024974603171
                 -0.30656756519355954360
                 -0.29350522342089258032
                 -0.21531197244625716047
                 -0.14887174520220744500
                 -0.28446838094477805425
                  0.37863070405380833128
                 -0.24253291043547217654
                  0.13256619464959890076
                 -0.09069157644150475928
                 -0.34324629676830986647
                  0.04998843781794849728
                 -0.29599887306826216937
                 -0.12648873239774727217
                  0.16932906146569781658
                 -0.29793664209054993020
                 -0.30519026679568062033
                  0.23608250101141123323
                 -0.11018464330209325197
                  0.13784448203257329557
                  0.28283220608032594301
                  0.14588361037452637903
                 -0.00602140533463444826
                  0.22985539908647828478
                  0.21639452271534623251
                  0.10174870962419235720
                 -0.22881244868283173721
                  0.21354014728836417936
                 -0.27638152660560955098
                  0.16641170944190089576
                 -0.02008245240360548647
                 -0.26577922558097843986
                  0.08220657157637299706
                 -0.03972291851538649332
                 -0.18382005024703329532
                 -0.05396042326437962278
                  0.17338198452498820856
                  0.14002357372918208811
                  0.20524777267661062363
                  0.02710367498849287904
                 -0.17744380034636914045
                 -0.15629213709771574981
                  0.01131848694147350939
                 -0.11422810728695184657
                  0.25694458389888163996
                 -0.11096841451078155727
                  0.22432108090602354000
                 -0.05821937999692515520
                  0.03337881327702463263
                 -0.13891626272330825920
                 -0.07591653854754353004
                  0.30995258056127228397
                 -0.29643336380491214221
                  0.02358169325070738273
                 -0.15297245968094305701
                  0.20818445953135195081
                 -0.36625878783033927188
                  0.22152700335497710338
                 -0.16192279843093862479
                  0.15246777586034532259
                  0.07007556727753815051
                  0.00678954796999398959
                  0.07564955110471954791
                 -0.02368281276699176971
                  0.39784738753980114501
                 -0.12921642689519213798
                  0.22953476756261662062
                  0.17188623909379097121
                  0.08143173333176495499
                 -0.43831674502539375027
                 -0.32977076894207757451
                  0.20681992902645221499
                 -0.00497785560450899472
                  0.00180062796886834315
                 -0.24629515961128428669
                  0.19523657645801467675
                  0.14415447935150196845
                 -0.00090849219394588746
                 -0.23260116102604574961
                  0.25017848721369478904
                 -0.20231194000543578637
                  0.26127012074100852690
                 -0.31457848287422263134
                 -0.13500116207942750024
                 -0.20674540443088204600
                 -0.19957183741219422513
                  0.39285241340001725296
                 -0.16827675543431169780
                 -0.05195094351792654136
                  0.13721873699512587841
                 -0.27453697143936905967
                  0.06985123846976805384
                 -0.12924781692359829655
                  0.03113419784112324631
                  0.30717621219760343765
                  0.33203812520051512180
                 -0.14707000411545925744
                 -0.12665292981233211567
                  0.00157392607769285086
                  0.11767464975240390923
                  0.05304975980459789020
                 -0.64331905488605578558
                  0.13498230028360508337
                 -0.11763594012187504612
                 -0.03924347724869022697
                 -0.18647448454388626526
                 -0.19292402563173871588
                 -0.00844033073131033804
                 -0.28539452123555969498
                  0.25858200787068108539
                 -0.05829144542096090231
                  0.28354776180174906530
                 -0.20870346073755643990
                 -0.33363329293357218974
                  0.28526348215385677332
                 -0.03001589889176699624
                  0.07044867986997863096
                 -0.18160079620306521231
                 -0.13849220065892142717
                 -0.36782518280938897304
                 -0.43952768996235430654
                  0.23702890208326721222
                  0.09920065568632638331
                  0.21359927018236404828
                 -0.23694490088430600339
                  0.22853912178851476522
                 -0.19382328773695325919
                  0.16498265135013034932
                 -0.18848104124236630952
                 -0.10988022869213921739
                  0.30964259185061593360
                  0.30039371042860885108
                  0.15758613479787500489
                  0.10207709751300611534
                 -0.13581030459088699880
                  0.32860024717795072169
                  0.21114832210963940806
                 -0.13429525741528317018
                  0.26612253009120828695
                  0.01940142153916498899
                  0.10019309607311245591
                 -0.08770990725458151227
                  0.34021872070559333601
                 -0.27968317864344016677
                  0.07372320789945149833
                  0.13212962092510779910
                 -0.44590576360065475869
                 -0.59064110593957863671
                  0.36526962745977342717
                 -0.43850414785657282346
                 -0.49436841513666612835
                 -0.19817496556532765428
                  0.02635224576724278303
                  0.67773251350519192471
                 -0.19721655085583325584
                  0.53877175788147435576
                 -0.15034708799073717711
                  0.61544355115801552270
                 -0.03851706929503943833
                  0.68009171624048725402
                  0.47832082749766996477
                 -0.41612038318101385315
                  0.80396594711047886239
                  0.33882576615553899879
                 -0.36099771016869536266
                  0.07272169940110266573
                 -0.04193868894053986995
                  0.72696047399770302722
                  0.46116313891133409175
                  0.52387510132329029311
                 -0.22717674198235973670
                 -0.34161181029602211146
                 -0.44866243541373501680
                  0.39610717305158410495
                 -0.28578003857098560614
                 -0.60462717048854008883
                 -0.28315320328434190333
                  0.48866418229628288961
                  0.61485611670009832075
                 -0.34345667574494842533
                  0.27177336775006677438
                  0.56334892382980727987
                  0.06635250289644027688
                  0.69227128689625561098
                  0.57694122767852618061
                  0.12904895213409273147
                 -0.41504027707735807740
                 -0.14819476521496746657
                 -0.44751594233651509347
                 -0.18604545494236288117
                 -0.47194667899788450560
                 -0.34993319207472972643
                  0.74125865894742692941
                  0.05722013777352925185
                 -0.39475207286968233555
                 -0.08446545563196546091
                  0.17643613971923000072
                 -0.75859036686491054802
                  0.04623207325295654313
                  0.49065167628069827899
                  0.28236444199658466969
                 -0.43811109961212818531
                  0.78771255395142047995
                  0.77070387147068575295
                 -0.26042065267587360955
                 -0.18696290794882561292
                  0.59150614551765567928
                 -0.80096686962119378883
                  0.11006969610274427995
                  0.39639613396086409436
                  0.35033607006738121115
                  0.21684040863246956121
                  0.13631730526492244482
                 -0.56994537814517809426
                  0.32575008946218581007
                 -0.03489793600425601661
                 -0.68453669845872755495
                 -0.77273583435173909262
                 -0.04152166230287851478
                 -0.55020721408527528684
                 -0.91529100594073620201
                  0.42621318315996076231
                  0.30027779833431550438
                 -0.03381928841855285500
                  0.02957165096364942902
                 -0.58151290318036796823
                 -0.12718205079390015877
                  0.25886964575942489342
                 -0.74705231002389294037
                 -0.34266970473746333203
                 -0.32837514332635819869
                 -0.28603683431091264655
                 -0.62385229344951687036
                  0.30786752954259016812
                  0.33675306885062522566
                  0.33328377442190726399
                 -0.66851900846379053167
                 -0.17888914292730967448
                 -0.31719044993671147159
                  0.03095116597737668923
                  0.40290137320090757544
                 -0.59262578464983484139
                 -0.53363464460300824577
                 -0.98051881848773991823
                 -0.32204624339143900214
                  0.43940924436427780675
                 -0.50139783290023465234
                  0.61952839622005373421
                  0.16161209011980706696
                  0.12931088340482815857
                  0.18439562434952752601
                  0.53092624101941521264
                 -0.57150417000384434729
                 -0.15291094668719398819
                  0.54641715401449519884
                  0.24985090035309751033
                  0.41030378603338096832
                 -0.63233904697320608701
                  0.10733233364463255766
                  0.67296607105832462192
                  0.14221791515860965349
                 -0.43640792170028230856
                 -0.32592207670719103296
                 -0.68698868140162094864
                 -0.08519982021717137366
                 -0.10169712618770196388
                  0.61341470392965602443
                 -0.17270393016839996614
                 -0.62694597704349963596
                  0.00376841725852202804
                  0.40218711400187001637
                  0.64495937499073352495
                  0.35961552297644677756
                  0.40941744156573750546
                 -0.42163024126042097928
                  0.00222516259464940885
                 -0.13345694673505670291
                  0.67449628346253598377
                 -0.12639700925300909051
                 -0.76924041322551639510
                  0.22777818748949829608
                  0.17454482117485950465
                  0.43186468061122984530
                 -0.33598490209020304142
                 -0.47498928142463026081
                  0.24267643413113715312
                 -0.77549445375614678433
                  0.03206586421587124397
                 -0.51867392216005803185
                 -0.06432237257297018784
                  0.66531801191816264396
                  0.38167232779435955603
                 -0.22839563308505830830
                  0.38288046322896496232
                 -0.52999595522435960504
                 -0.43935310706210056741
                  0.30213983932578425406
                  0.69798345420566587638
                  0.50190089407928051290
                  0.67436833894803627221
                 -0.04701269039345340461
                 -0.21198174457927795866
                  0.28867793158982507640
                 -0.02585539121415855388
                 -0.47278916916049396058
                  0.09343727345234185966
                  0.16183251019688696393
                  0.32379785356640833349
                 -0.54364568104050225994
                  0.67669805213287559376
                 -0.31685007906214313067
                  0.18551594280017755234
                 -0.10980823442540850465
                 -0.66803526228433929290
                  0.72957162875736125685
                  0.48774590028522463170
                 -0.20602101696458666180
                 -0.23073496867045645287
                 -0.46072546866472169347
                  0.23653853228812654619
                 -0.47045365670152422544
                 -0.53500723989999832142
                  0.46805376594419667580
                  0.63864227223579295156
                  0.01375601995675527177
                  0.03280394980168316321
                 -0.70223469689335749067
                  0.14930896990951911252
                 -0.44146455057091160690
                 -0.95946271091231982719
                 -0.30494869566677240691
                 -0.24185839902837596993
                  0.32269620846971397432
                 -0.78951160661669650409
                  0.22502593650362026634
                  0.65340237962461944488
                 -0.61281420026666222345
                  0.26138413668930310374
                  0.50257707352598124384
                  0.15745150578011768427
                 -0.66801566210599672146
                  0.23124695128104874597
                  0.59181879095602873964
                 -0.59661925435459495226
                 -0.49553864936576103029
                 -0.09209138434530554640
                 -0.70617527238605648510
                 -0.06678320445386877469
                 -0.47478707268845399270
                 -0.05334428957364261564
                 -0.52940543201575696042
                  0.65602328807397536359
                  0.11888566645919114440
                  0.10948182421621126259
                  0.28732389855770174014
                  0.40520203828000828095
                 -0.41586064233733560647
                  0.27325562863318836326
                 -0.58092603999371428269
                 -0.18675354873554125823
                  0.42776298283716190918
                  0.04426137649236083771
                 -0.45158290652090776751
                  0.32493527273558298063
                 -0.38825353391708655737
                  0.20906279440564631833
                 -0.60807938117647164500
                  0.40329999808859817723
                 -0.69432314631657443549
                  0.49323777266593921143
                  0.17728758502017680221
                  0.73223519788859503521
                 -0.12958352530466579755
                  1.02185605499592613299
                  0.60919807746571386087
                 -0.48765037208581596406
                  0.86687515600124032122
                  0.48546517795300025977
                  1.04456770897887341043
                  0.38323502278982024549
                 -0.78092018452122424765
                 -0.90925194685053301047
                  1.11161174894260561530
                  0.48694004110221206227
                 -0.37093657032925797523
