     0.00531264     0.00530514     0.00000750
    -0.00273025    -0.00278853     0.00005827
     0.02927692     0.02940133    -0.00012441
    -0.00311614    -0.00305634    -0.00005980
    -0.01176101    -0.01178112     0.00002011
     0.01535231     0.01515123     0.00020108
    -0.01062303    -0.01061389    -0.00000914
    -0.00145638    -0.00163729     0.00018091
    -0.01227549    -0.01219914    -0.00007635
    -0.02963285    -0.02968813     0.00005528
     0.01102094     0.01099932     0.00002162
    -0.00089036    -0.00111379     0.00022343
    -0.00872650    -0.00873107     0.00000457
     0.00711866     0.00742217    -0.00030351
    -0.00382908    -0.00378941    -0.00003967
    -0.04102963    -0.04090576    -0.00012387
    -0.00328986    -0.00329128     0.00000142
    -0.02874611    -0.02863849    -0.00010762
     0.03531197     0.03530397     0.00000800
     0.00210086     0.00211365    -0.00001279
    -0.01751698    -0.01750281    -0.00001417
     0.03544819     0.03596170    -0.00051351
    -0.00078418    -0.00096961     0.00018543
     0.01891287     0.01874878     0.00016409
    -0.00073841    -0.00080281     0.00006440
     0.02068797     0.02081468    -0.00012670
     0.01717814     0.01714605     0.00003209
    -0.00566029    -0.00568059     0.00002029
     0.02794658     0.02785533     0.00009126
    -0.01975288    -0.01938465    -0.00036823
     0.01716524     0.01694917     0.00021607
     0.03134839     0.03132426     0.00002413
     0.02801409     0.02787045     0.00014365
     0.03089431     0.03084577     0.00004854
    -0.00110470    -0.00113305     0.00002835
    -0.00131426    -0.00117115    -0.00014310
    -0.03007884    -0.03019101     0.00011217
     0.03733027     0.03715843     0.00017184
     0.01623020     0.01624889    -0.00001869
    -0.00101852    -0.00126854     0.00025002
     0.02410553     0.02394313     0.00016240
     0.03053202     0.03044622     0.00008580
     0.01981770     0.01975235     0.00006535
    -0.02353428    -0.02329282    -0.00024147
    -0.01563893    -0.01556147    -0.00007745
     0.01989642     0.01996255    -0.00006613
     0.00956943     0.00957181    -0.00000238
    -0.00020809    -0.00016296    -0.00004513
    -0.00045585    -0.00039431    -0.00006154
     0.01835979     0.01842387    -0.00006408
     0.03818049     0.03795400     0.00022649
     0.02802533     0.02830997    -0.00028464
    -0.00226780    -0.00243794     0.00017014
     0.00401580     0.00402743    -0.00001163
     0.00008727     0.00012120    -0.00003393
     0.02768963     0.02742504     0.00026459
     0.01845544     0.01855596    -0.00010052
    -0.00177960    -0.00169863    -0.00008097
    -0.00047987    -0.00042354    -0.00005633
     0.03618859     0.03624160    -0.00005301
     0.01391071     0.01401278    -0.00010207
    -0.00045495    -0.00040011    -0.00005484
     0.03093439     0.03093715    -0.00000276
     0.00341663     0.00339013     0.00002651
    -0.00227912    -0.00233652     0.00005741
    -0.02605743    -0.02623554     0.00017811
     0.00011415     0.00044972    -0.00033557
    -0.00929130    -0.00932716     0.00003586
     0.01184016     0.01173571     0.00010445
    -0.00981833    -0.00984249     0.00002416
    -0.00077868    -0.00110281     0.00032413
    -0.01099079    -0.01098258    -0.00000821
    -0.01833718    -0.01822485    -0.00011233
     0.01628430     0.01606369     0.00022061
    -0.00988884    -0.00966887    -0.00021996
    -0.00516638    -0.00511461    -0.00005177
    -0.01654599    -0.01654705     0.00000106
     0.00707874     0.00719667    -0.00011793
     0.02743479     0.02729389     0.00014091
     0.00569488     0.00569923    -0.00000435
     0.01915045     0.01912802     0.00002243
    -0.02305705    -0.02297572    -0.00008133
     0.00002095     0.00004729    -0.00002634
     0.00194281     0.00185351     0.00008930
     0.02851832     0.02844861     0.00006971
     0.02128456     0.02113979     0.00014477
     0.01741180     0.01744339    -0.00003158
    -0.00131660    -0.00127547    -0.00004112
     0.00565978     0.00560414     0.00005564
    -0.01162797    -0.01162157    -0.00000640
     0.03700406     0.03714842    -0.00014436
    -0.00435067    -0.00431531    -0.00003535
    -0.01360058    -0.01359714    -0.00000344
    -0.00077019    -0.00062762    -0.00014258
     0.01701240     0.01686337     0.00014903
    -0.00161478    -0.00172786     0.00011308
    -0.01630294    -0.01639617     0.00009323
    -0.00085411    -0.00088985     0.00003574
    -0.03426218    -0.03412252    -0.00013966
    -0.00238682    -0.00231917    -0.00006765
    -0.01491195    -0.01486291    -0.00004904
    -0.00948066    -0.00946892    -0.00001174
    -0.00948075    -0.00946893    -0.00001182
    -0.01238088    -0.01234932    -0.00003156
    -0.00947258    -0.00959498     0.00012240
    -0.00611562    -0.00613888     0.00002325
    -0.00893981    -0.00893669    -0.00000312
    -0.00605636    -0.00597771    -0.00007865
    -0.00605636    -0.00597771    -0.00007865
    -0.00890378    -0.00894349     0.00003971
    -0.00528015    -0.00530891     0.00002875
    -0.01699286    -0.01698950    -0.00000336
    -0.01132595    -0.01130042    -0.00002553
    -0.00406870    -0.00408679     0.00001809
    -0.01626299    -0.01627846     0.00001546
    -0.00653737    -0.00655867     0.00002130
    -0.00841934    -0.00842352     0.00000418
    -0.00841950    -0.00842352     0.00000402
    -0.01661244    -0.01657959    -0.00003285
    -0.01322699    -0.01320975    -0.00001724
    -0.00473304    -0.00475150     0.00001846
    -0.00791900    -0.00792925     0.00001025
    -0.00574528    -0.00576907     0.00002380
    -0.00941076    -0.00946488     0.00005412
    -0.00743848    -0.00745375     0.00001528
    -0.01094850    -0.01104507     0.00009657
    -0.01383326    -0.01379913    -0.00003413
    -0.01649489    -0.01646321    -0.00003168
    -0.01518466    -0.01516573    -0.00001893
    -0.01535816    -0.01534129    -0.00001687
    -0.00579137    -0.00581514     0.00002377
    -0.01134054    -0.01138180     0.00004126
    -0.01189154    -0.01194539     0.00005385
    -0.00492151    -0.00493005     0.00000855
    -0.01772961    -0.01772053    -0.00000908
    -0.01122415    -0.01123908     0.00001493
    -0.00510170    -0.00511277     0.00001107
    -0.01057690    -0.01053273    -0.00004418
    -0.00516861    -0.00518058     0.00001197
    -0.01001722    -0.01001862     0.00000140
    -0.00606621    -0.00604161    -0.00002460
    -0.00574694    -0.00575508     0.00000815
    -0.01028207    -0.01025158    -0.00003049
    -0.01094752    -0.01094949     0.00000197
    -0.00702688    -0.00704705     0.00002017
    -0.00556495    -0.00556548     0.00000054
    -0.01551645    -0.01552937     0.00001292
    -0.00723017    -0.00718456    -0.00004562
    -0.01325404    -0.01324493    -0.00000911
    -0.00876667    -0.00870424    -0.00006242
    -0.00876694    -0.00870424    -0.00006270
    -0.01221682    -0.01218957    -0.00002725
    -0.01221682    -0.01218957    -0.00002725
    -0.01083484    -0.01084737     0.00001253
    -0.01671179    -0.01671867     0.00000688
    -0.01037418    -0.01038588     0.00001171
    -0.01394788    -0.01395384     0.00000597
    -0.01084537    -0.01080297    -0.00004240
    -0.01481480    -0.01481824     0.00000343
    -0.00599236    -0.00599225    -0.00000010
    -0.00944453    -0.00941630    -0.00002822
    -0.00794532    -0.00794019    -0.00000513
    -0.00832358    -0.00829007    -0.00003351
    -0.01048574    -0.01049864     0.00001290
    -0.01510531    -0.01512809     0.00002277
    -0.00617538    -0.00618497     0.00000959
    -0.00801764    -0.00803860     0.00002095
    -0.00795430    -0.00796199     0.00000770
    -0.01022517    -0.01024477     0.00001960
    -0.00646311    -0.00645876    -0.00000435
    -0.00654739    -0.00654735    -0.00000003
    -0.01583284    -0.01585454     0.00002171
    -0.00655792    -0.00655856     0.00000064
    -0.00782316    -0.00784182     0.00001865
    -0.00793721    -0.00795595     0.00001874
    -0.01029507    -0.01031663     0.00002156
    -0.00672086    -0.00671729    -0.00000357
    -0.01526687    -0.01529666     0.00002979
    -0.01532254    -0.01534665     0.00002411
    -0.01229566    -0.01230819     0.00001253
    -0.00798447    -0.00799827     0.00001380
    -0.00851882    -0.00853804     0.00001921
    -0.00949332    -0.00951579     0.00002247
    -0.00744512    -0.00744622     0.00000110
    -0.01374238    -0.01376714     0.00002477
    -0.00903168    -0.00904707     0.00001539
    -0.00771429    -0.00771752     0.00000323
    -0.00846625    -0.00847865     0.00001240
    -0.01109977    -0.01112577     0.00002600
    -0.00888648    -0.00890729     0.00002081
    -0.01445376    -0.01448630     0.00003253
    -0.00780847    -0.00781421     0.00000574
    -0.01073367    -0.01075892     0.00002526
    -0.01395838    -0.01399080     0.00003242
    -0.00837104    -0.00837492     0.00000388
    -0.00840990    -0.00841605     0.00000615
    -0.01119615    -0.01122459     0.00002844
    -0.00865929    -0.00867006     0.00001078
    -0.01145975    -0.01148802     0.00002827
    -0.01107365    -0.01110291     0.00002926
    -0.04466303    -0.04458201    -0.00008101
    -0.02817649    -0.02819858     0.00002209
     0.02655747     0.02663083    -0.00007336
     0.01874320     0.01868242     0.00006078
    -0.02794003    -0.02798654     0.00004651
    -0.02729327    -0.02734885     0.00005558
     0.01692747     0.01698247    -0.00005500
     0.01982537     0.01980425     0.00002113
    -0.03040682    -0.03054555     0.00013873
    -0.02884540    -0.02889806     0.00005266
    -0.03278504    -0.03284992     0.00006488
     0.03381793     0.03384006    -0.00002213
    -0.04561126    -0.04553838    -0.00007288
    -0.02964504    -0.02954264    -0.00010239
    -0.03734385    -0.03733417    -0.00000968
    -0.03329574    -0.03336929     0.00007354
    -0.03156796    -0.03262850     0.00106054
    -0.03295288    -0.03301836     0.00006548
    -0.03295302    -0.03301837     0.00006535
    -0.03367485    -0.03362056    -0.00005429
    -0.04733968    -0.04716487    -0.00017481
    -0.03038407    -0.03055124     0.00016717
    -0.02764584    -0.02758975    -0.00005610
    -0.01893366    -0.01886751    -0.00006614
    -0.03582825    -0.03599792     0.00016966
    -0.02860390    -0.02867227     0.00006836
     0.04762423     0.04779734    -0.00017312
    -0.04571766    -0.04579855     0.00008089
     0.04791702     0.04792469    -0.00000767
     0.02703329     0.02708290    -0.00004961
    -0.04021418    -0.04026494     0.00005075
     0.01212964     0.01197958     0.00015006
    -0.03870077    -0.03867430    -0.00002647
     0.01995441     0.01990756     0.00004685
     0.02289427     0.02289147     0.00000280
    -0.00944902    -0.00946200     0.00001298
    -0.03670095    -0.03662301    -0.00007794
    -0.03784497    -0.03785956     0.00001459
    -0.03984838    -0.03993783     0.00008945
    -0.03261200    -0.03268841     0.00007640
    -0.04569045    -0.04560086    -0.00008958
     0.05745499     0.05725807     0.00019692
    -0.03164388    -0.03165859     0.00001471
    -0.02917101    -0.02913359    -0.00003742
    -0.04455347    -0.04454585    -0.00000763
    -0.04656203    -0.04654753    -0.00001450
    -0.00321511    -0.00328567     0.00007057
    -0.02522713    -0.02504111    -0.00018602
    -0.04109616    -0.04112332     0.00002716
    -0.00952545    -0.00944092    -0.00008454
     0.02744992     0.02747439    -0.00002447
    -0.03406988    -0.03393898    -0.00013090
     0.02124662     0.02121598     0.00003064
     0.02469017     0.02470171    -0.00001154
    -0.04141734    -0.04132032    -0.00009701
     0.03698800     0.03696230     0.00002570
    -0.03181487    -0.03179580    -0.00001908
    -0.03495697    -0.03481245    -0.00014452
     0.01749151     0.01748860     0.00000290
    -0.02052354    -0.02050508    -0.00001846
    -0.02334712    -0.02342400     0.00007687
    -0.04418430    -0.04416705    -0.00001725
    -0.03969170    -0.03968764    -0.00000406
     0.04562843     0.04563929    -0.00001086
    -0.03328924    -0.03313018    -0.00015906
     0.02508060     0.02509047    -0.00000987
    -0.04850982    -0.04852125     0.00001143
    -0.02999770    -0.03003072     0.00003302
     0.02030190     0.02028518     0.00001672
    -0.04089224    -0.04082831    -0.00006393
    -0.04692900    -0.04712245     0.00019345
    -0.04434808    -0.04439297     0.00004489
    -0.03643199    -0.03640265    -0.00002934
    -0.02933287    -0.02925784    -0.00007503
    -0.04693110    -0.04694070     0.00000960
    -0.01634485    -0.01627298    -0.00007187
    -0.03256680    -0.03266904     0.00010223
    -0.03018575    -0.03007333    -0.00011243
    -0.04165663    -0.04160735    -0.00004929
    -0.02619991    -0.02616485    -0.00003506
    -0.05612806    -0.05616110     0.00003304
    -0.02532849    -0.02534177     0.00001327
    -0.02619115    -0.02636786     0.00017671
    -0.04255039    -0.04267818     0.00012779
    -0.04178006    -0.04175527    -0.00002479
    -0.02783126    -0.02784384     0.00001258
    -0.02366144    -0.02378612     0.00012468
    -0.03205501    -0.03203496    -0.00002005
    -0.03195262    -0.03192145    -0.00003117
    -0.04454477    -0.04456160     0.00001683
    -0.03807393    -0.03808979     0.00001586
    -0.03255078    -0.03260638     0.00005560
    -0.04793903    -0.04791136    -0.00002768
    -0.03361874    -0.03358869    -0.00003005
    -0.02949703    -0.02948679    -0.00001024
    -0.02884363    -0.02890076     0.00005713
    -0.04308466    -0.04298847    -0.00009619
    -0.04598460    -0.04594429    -0.00004032
    -0.03403181    -0.03410856     0.00007675
    -0.04133355    -0.04144876     0.00011521
     0.00673204     0.00668380     0.00004825
    -0.03240177    -0.03241714     0.00001537
    -0.00459576    -0.00457587    -0.00001989
    -0.02942218    -0.02941698    -0.00000519
    -0.00799294    -0.00798758    -0.00000535
     0.00937889     0.00945149    -0.00007259
    -0.01228926    -0.01229070     0.00000144
     0.01252056     0.01249637     0.00002419
     0.00014985     0.00028374    -0.00013389
     0.00709382     0.00711643    -0.00002261
    -0.00314640    -0.00290719    -0.00023921
     0.00373316     0.00360890     0.00012426
    -0.00396731    -0.00398773     0.00002042
     0.01626841     0.01633066    -0.00006225
     0.00382331     0.00373103     0.00009228
     0.00349620     0.00355871    -0.00006251
    -0.01208986    -0.01209294     0.00000308
    -0.00825343    -0.00825182    -0.00000161
    -0.01818344    -0.01813493    -0.00004850
     0.02201831     0.02214651    -0.00012820
     0.01665995     0.01651183     0.00014812
     0.00082304     0.00076969     0.00005334
     0.00243776     0.00233857     0.00009919
    -0.01188844    -0.01189291     0.00000448
     0.00263273     0.00257336     0.00005936
    -0.00850927    -0.00851081     0.00000154
    -0.00849270    -0.00841365    -0.00007905
     0.01542254     0.01534779     0.00007475
    -0.00460509    -0.00470651     0.00010142
     0.00166760     0.00144146     0.00022613
    -0.01168443    -0.01169049     0.00000605
     0.01959133     0.01966902    -0.00007769
    -0.00876038    -0.00876474     0.00000436
    -0.03570547    -0.03573337     0.00002789
     0.00524521     0.00519929     0.00004592
    -0.01147768    -0.01148550     0.00000782
    -0.03427456    -0.03432085     0.00004628
     0.00124054     0.00127334    -0.00003280
    -0.03876126    -0.03871046    -0.00005080
    -0.00900710    -0.00901382     0.00000671
    -0.01377590    -0.01364185    -0.00013405
    -0.01126889    -0.01127780     0.00000891
     0.00877611     0.00885990    -0.00008379
    -0.00924940    -0.00925821     0.00000881
    -0.01105707    -0.01106722     0.00001015
    -0.00948769    -0.00949811     0.00001042
     0.01306304     0.01309919    -0.00003615
    -0.01084246    -0.01085360     0.00001114
     0.00592958     0.00583533     0.00009425
    -0.00972222    -0.00973371     0.00001149
    -0.00381474    -0.00385492     0.00004018
     0.01197818     0.01194163     0.00003655
    -0.01062518    -0.01063676     0.00001159
    -0.00995360    -0.00996519     0.00001159
     0.00723020     0.00717944     0.00005076
    -0.01040463    -0.01041653     0.00001191
    -0.01018068    -0.01019274     0.00001206
     0.01745551     0.01749622    -0.00004072
     0.01202384     0.01213969    -0.00011585
     0.00590977     0.00588399     0.00002578
     0.00300147     0.00295915     0.00004232
     0.01203551     0.01191737     0.00011814
     0.00696658     0.00688237     0.00008421
     0.00565953     0.00559594     0.00006359
     0.00582389     0.00581770     0.00000619
    -0.00566283    -0.00561996    -0.00004286
     0.01290941     0.01293451    -0.00002511
     0.00336221     0.00333698     0.00002524
     0.01013243     0.01010329     0.00002914
     0.01801429     0.01810058    -0.00008629
     0.00662303     0.00663275    -0.00000972
    -0.00069756    -0.00063530    -0.00006227
    -0.03237472    -0.03239021     0.00001549
     0.00257958     0.00256843     0.00001116
     0.00048031     0.00061066    -0.00013035
     0.00232157     0.00236600    -0.00004443
     0.01312528     0.01310973     0.00001555
     0.01349320     0.01355263    -0.00005942
    -0.00049677    -0.00047724    -0.00001953
     0.00805579     0.00813769    -0.00008189
     0.00842296     0.00845419    -0.00003123
     0.00241939     0.00237071     0.00004868
     0.01749698     0.01750635    -0.00000937
     0.00332471     0.00333664    -0.00001192
    -0.00069661    -0.00072552     0.00002891
     0.00000533     0.00009775    -0.00009242
     0.00379457     0.00397141    -0.00017684
    -0.00219212    -0.00210724    -0.00008488
     0.00105735     0.00109551    -0.00003816
     0.00509046     0.00506506     0.00002541
     0.01898332     0.01894058     0.00004274
    -0.00160947    -0.00156051    -0.00004897
     0.01104012     0.01092935     0.00011077
     0.01791775     0.01790117     0.00001657
     0.00262848     0.00263986    -0.00001138
     0.00909783     0.00895216     0.00014567
     0.01672994     0.01676912    -0.00003918
     0.00408712     0.00404115     0.00004597
     0.01786917     0.01783923     0.00002994
     0.00539392     0.00541023    -0.00001631
     0.01298506     0.01286768     0.00011737
    -0.01722821    -0.01723363     0.00000542
     0.00038975     0.00036357     0.00002618
    -0.00454144    -0.00449280    -0.00004865
    -0.00357786    -0.00348512    -0.00009275
     0.05068028     0.05065961     0.00002067
     0.00962842     0.00955393     0.00007449
    -0.02451174    -0.02445068    -0.00006106
    -0.00246312    -0.00247359     0.00001047
    -0.00246285    -0.00247359     0.00001075
    -0.00246285    -0.00247359     0.00001075
    -0.00246285    -0.00247359     0.00001075
    -0.00246285    -0.00247359     0.00001075
    -0.00246285    -0.00247359     0.00001075
    -0.00246285    -0.00247359     0.00001075
    -0.00246285    -0.00247359     0.00001075
    -0.00246285    -0.00247359     0.00001075
    -0.00246285    -0.00247359     0.00001075
    -0.00246285    -0.00247359     0.00001075
    -0.00246285    -0.00247359     0.00001075
     0.01108459     0.01093370     0.00015089
    -0.01055323    -0.01057318     0.00001995
    -0.00995700    -0.01026892     0.00031192
     0.01561406     0.01565639    -0.00004234
    -0.00514467    -0.00506078    -0.00008389
     0.01063127     0.01052948     0.00010179
    -0.01532257    -0.01556979     0.00024722
    -0.02251345    -0.02236780    -0.00014565
    -0.01213296    -0.01202304    -0.00010992
     0.00619568     0.00608301     0.00011267
     0.01357655     0.01366620    -0.00008965
     0.00314735     0.00312078     0.00002657
    -0.03366617    -0.03374905     0.00008288
    -0.01145455    -0.01151113     0.00005658
    -0.00492668    -0.00486712    -0.00005955
     0.01094809     0.01094843    -0.00000033
    -0.00341500    -0.00333927    -0.00007573
     0.01531424     0.01529843     0.00001581
     0.00042722     0.00048750    -0.00006028
    -0.00381071    -0.00372517    -0.00008554
    -0.00778308    -0.00796762     0.00018454
    -0.01703961    -0.01706594     0.00002633
    -0.01703961    -0.01706594     0.00002633
     0.03297130     0.03293869     0.00003261
    -0.03286452    -0.03285573    -0.00000879
    -0.01247204    -0.01238944    -0.00008260
    -0.00728386    -0.00721447    -0.00006939
    -0.01445572    -0.01451855     0.00006283
     0.00902841     0.00887643     0.00015198
     0.01049875     0.01053215    -0.00003340
    -0.02247856    -0.02247622    -0.00000235
    -0.00089955    -0.00083810    -0.00006146
    -0.00676149    -0.00667278    -0.00008871
    -0.02089843    -0.02081546    -0.00008296
    -0.02089815    -0.02081546    -0.00008269
    -0.02334906    -0.02334570    -0.00000335
     0.00622109     0.00609223     0.00012887
    -0.01238270    -0.01232430    -0.00005841
    -0.01663960    -0.01672481     0.00008521
    -0.01835503    -0.01835751     0.00000248
    -0.01513236    -0.01511098    -0.00002138
    -0.01513236    -0.01511098    -0.00002138
    -0.00244478    -0.00263560     0.00019082
    -0.01331663    -0.01351723     0.00020060
    -0.00814437    -0.00814357    -0.00000080
    -0.02039692    -0.02044299     0.00004607
    -0.01362651    -0.01368188     0.00005537
    -0.00027421    -0.00040449     0.00013028
    -0.00605170    -0.00597384    -0.00007787
    -0.00944426    -0.00944613     0.00000187
    -0.00976045    -0.00975372    -0.00000673
     0.00832649     0.00831295     0.00001354
    -0.00687790    -0.00678695    -0.00009094
    -0.00558084    -0.00555987    -0.00002096
    -0.01876799    -0.01879435     0.00002635
    -0.01876799    -0.01879435     0.00002635
    -0.01706810    -0.01713128     0.00006318
    -0.00777925    -0.00770932    -0.00006993
     0.00883554     0.00881084     0.00002470
    -0.01675538    -0.01671750    -0.00003788
    -0.00697896    -0.00687311    -0.00010585
    -0.00841232    -0.00837222    -0.00004010
     0.00321971     0.00328960    -0.00006990
    -0.01956673    -0.01958359     0.00001687
    -0.01737265    -0.01734924    -0.00002341
    -0.01737265    -0.01734924    -0.00002341
    -0.00853417    -0.00849235    -0.00004182
    -0.01267536    -0.01266603    -0.00000933
     0.00626295     0.00628310    -0.00002016
    -0.00656624    -0.00651474    -0.00005150
    -0.01199434    -0.01196915    -0.00002519
    -0.00779095    -0.00770214    -0.00008880
     0.01120766     0.01131197    -0.00010431
    -0.05506420    -0.05504535    -0.00001885
     0.00725015     0.00725594    -0.00000579
    -0.01556230    -0.01556051    -0.00000179
    -0.00645808    -0.00643017    -0.00002791
     0.00016169     0.00025613    -0.00009444
     0.00454958     0.00469015    -0.00014057
    -0.01105008    -0.01086223    -0.00018785
    -0.00466839    -0.00465813    -0.00001025
    -0.00472790    -0.00470036    -0.00002753
    -0.00437676    -0.00435715    -0.00001961
    -0.00437676    -0.00435715    -0.00001961
    -0.00451513    -0.00450045    -0.00001468
    -0.01159728    -0.01153133    -0.00006595
    -0.00442193    -0.00440020    -0.00002173
    -0.02008306    -0.02012014     0.00003707
    -0.02086917    -0.02087810     0.00000893
    -0.01790117    -0.01788420    -0.00001697
    -0.00488872    -0.00487778    -0.00001094
    -0.01494781    -0.01496931     0.00002149
    -0.00259395    -0.00266002     0.00006606
    -0.00387234    -0.00383680    -0.00003554
    -0.00387234    -0.00383680    -0.00003554
    -0.01878448    -0.01880302     0.00001854
    -0.01955002    -0.01955000    -0.00000002
    -0.02261840    -0.02266081     0.00004241
    -0.02261827    -0.02266081     0.00004254
    -0.01615437    -0.01619245     0.00003808
    -0.01615437    -0.01619245     0.00003808
    -0.01833383    -0.01834307     0.00000923
    -0.02123111    -0.02124455     0.00001344
    -0.02238142    -0.02238781     0.00000639
    -0.01825525    -0.01822641    -0.00002884
    -0.01680654    -0.01683227     0.00002573
    -0.00501898    -0.00493493    -0.00008405
    -0.01901262    -0.01902441     0.00001179
    -0.01984469    -0.01985658     0.00001189
    -0.01552157    -0.01554636     0.00002479
     0.00354464     0.00351587     0.00002876
    -0.01665832    -0.01664742    -0.00001090
    -0.01665832    -0.01664742    -0.00001090
    -0.02007542    -0.02009900     0.00002358
    -0.01955642    -0.01957273     0.00001631
    -0.01960423    -0.01961878     0.00001456
    -0.01633146    -0.01636497     0.00003351
    -0.01958771    -0.01958232    -0.00000538
    -0.01921782    -0.01924092     0.00002309
    -0.02346743    -0.02349132     0.00002390
    -0.01837188    -0.01837520     0.00000333
    -0.02049787    -0.02048172    -0.00001616
    -0.01994499    -0.01997627     0.00003128
    -0.01780202    -0.01781170     0.00000968
    -0.01667908    -0.01666556    -0.00001352
     0.00587948     0.00579766     0.00008182
    -0.00041693    -0.00050439     0.00008745
    -0.00176719    -0.00188743     0.00012025
    -0.01698918    -0.01700483     0.00001565
    -0.00021190    -0.00025351     0.00004161
    -0.01652028    -0.01653559     0.00001531
    -0.01652001    -0.01653559     0.00001558
    -0.02208784    -0.02211504     0.00002721
    -0.00060020    -0.00054996    -0.00005024
    -0.01728152    -0.01727795    -0.00000357
    -0.02283139    -0.02285110     0.00001971
    -0.02283133    -0.02285109     0.00001976
    -0.01902623    -0.01902778     0.00000156
    -0.01769121    -0.01772373     0.00003252
    -0.02254512    -0.02256273     0.00001761
    -0.01260559    -0.01254750    -0.00005809
    -0.02156747    -0.02161214     0.00004467
    -0.01758898    -0.01758197    -0.00000700
    -0.01758871    -0.01758198    -0.00000673
    -0.01211786    -0.01206550    -0.00005235
    -0.01764653    -0.01764781     0.00000128
    -0.01778680    -0.01779175     0.00000494
    -0.01851114    -0.01853701     0.00002587
    -0.01846034    -0.01848550     0.00002516
    -0.00105488    -0.00094810    -0.00010678
    -0.01861033    -0.01864810     0.00003777
    -0.01860984    -0.01864810     0.00003826
    -0.02054906    -0.02059311     0.00004405
    -0.02054881    -0.02059311     0.00004430
    -0.02163088    -0.02165481     0.00002393
    -0.00593682    -0.00594595     0.00000913
    -0.01831811    -0.01830579    -0.00001231
    -0.01956305    -0.01960480     0.00004175
    -0.01956267    -0.01960480     0.00004213
    -0.01855942    -0.01855737    -0.00000205
    -0.01855915    -0.01855737    -0.00000178
    -0.02022108    -0.02024530     0.00002422
    -0.02170693    -0.02172127     0.00001434
    -0.02170690    -0.02172127     0.00001437
    -0.01804988    -0.01804171    -0.00000817
    -0.00769250    -0.00763352    -0.00005898
    -0.01365944    -0.01361017    -0.00004926
    -0.01846401    -0.01845363    -0.00001039
    -0.01846401    -0.01845363    -0.00001039
    -0.00390807    -0.00393222     0.00002415
    -0.01956980    -0.01957303     0.00000322
    -0.01956978    -0.01957302     0.00000325
    -0.02061924    -0.02062806     0.00000882
    -0.02061921    -0.02062806     0.00000885
    -0.01964885    -0.01965303     0.00000418
    -0.02082558    -0.02084069     0.00001511
    -0.01991182    -0.01991035    -0.00000147
    -0.01708921    -0.01706815    -0.00002107
    -0.01475861    -0.01471863    -0.00003999
    -0.01590239    -0.01587178    -0.00003061
     0.03377948     0.03362682     0.00015266
    -0.03780565    -0.03786181     0.00005616
     0.03503047     0.03493346     0.00009700
     0.03562354     0.03558705     0.00003649
    -0.01807519    -0.01771647    -0.00035872
     0.03526136     0.03508222     0.00017914
     0.03673434     0.03653099     0.00020335
    -0.03394400    -0.03378750    -0.00015650
    -0.03444613    -0.03430281    -0.00014332
    -0.04435298    -0.04426963    -0.00008335
     0.02588195     0.02568979     0.00019216
    -0.01718434    -0.01710372    -0.00008063
     0.04584670     0.04578982     0.00005688
     0.04116038     0.04117569    -0.00001531
     0.03248041     0.03251037    -0.00002996
     0.03499746     0.03500949    -0.00001203
    -0.03695214    -0.03697525     0.00002311
     0.02194114     0.02179831     0.00014283
     0.02899809     0.02908281    -0.00008473
    -0.03251785    -0.03240724    -0.00011061
    -0.03397480    -0.03398302     0.00000822
     0.02676267     0.02687225    -0.00010958
     0.03743669     0.03734258     0.00009411
    -0.01967726    -0.01964080    -0.00003646
    -0.04233945    -0.04307804     0.00073859
    -0.03510291    -0.03507111    -0.00003179
     0.03808819     0.03802677     0.00006142
     0.02310502     0.02296742     0.00013760
     0.03383066     0.03381609     0.00001458
     0.04489479     0.04485116     0.00004363
    -0.03547684    -0.03550264     0.00002580
     0.03311550     0.03303060     0.00008490
    -0.03592861    -0.03587216    -0.00005645
     0.02803951     0.02814450    -0.00010499
    -0.03929841    -0.03895085    -0.00034756
     0.02428159     0.02415044     0.00013115
     0.03265075     0.03261294     0.00003781
     0.04392046     0.04388953     0.00003092
     0.04178953     0.04193852    -0.00014899
     0.02725084     0.02732108    -0.00007024
     0.03960408     0.03957860     0.00002548
     0.02546822     0.02534499     0.00012323
    -0.03915011    -0.03913288    -0.00001723
     0.03146085     0.03140287     0.00005799
     0.03255097     0.03243808     0.00011288
     0.02666272     0.02654865     0.00011407
     0.02930002     0.02939929    -0.00009926
    -0.03558376    -0.03551378    -0.00006998
     0.03026393     0.03018867     0.00007526
     0.02786177     0.02775888     0.00010288
     0.02906337     0.02897311     0.00009026
     0.04292354     0.04290506     0.00001848
    -0.03206339    -0.03202938    -0.00003401
     0.03938309     0.03931015     0.00007294
    -0.02966025    -0.02969906     0.00003881
     0.03054304     0.03063600    -0.00009296
     0.03288602     0.03290589    -0.00001986
     0.03626197     0.03612851     0.00013347
     0.04190426     0.04189788     0.00000637
     0.02635880     0.02629109     0.00006770
    -0.04742732    -0.04742467    -0.00000265
    -0.03796862    -0.03802645     0.00005783
     0.03176829     0.03185406    -0.00008577
     0.04086258     0.04086819    -0.00000562
     0.03297498     0.03305290    -0.00007793
     0.03437416     0.03450992    -0.00013576
    -0.04795147    -0.04773679    -0.00021468
     0.03979905     0.03981621    -0.00001716
     0.02425329     0.02411749     0.00013580
    -0.04660742    -0.04676981     0.00016239
     0.03416281     0.03423202    -0.00006921
     0.03871364     0.03874218    -0.00002854
    -0.03434744    -0.03435579     0.00000835
     0.03533088     0.03539093    -0.00006005
     0.03760682     0.03764639    -0.00003958
     0.03647929     0.03652919    -0.00004990
    -0.04378470    -0.04384585     0.00006115
     0.03002556     0.02981392     0.00021164
     0.02714268     0.02719962    -0.00005694
     0.03651635     0.03674589    -0.00022954
    -0.03221238    -0.03217382    -0.00003855
     0.03045659     0.03025477     0.00020181
     0.04490611     0.04483678     0.00006933
     0.03938062     0.03932846     0.00005215
     0.03659915     0.03645586     0.00014329
    -0.03702362    -0.03704761     0.00002399
    -0.03818362    -0.03826766     0.00008405
    -0.03566161    -0.03565320    -0.00000841
    -0.04568533    -0.04549367    -0.00019167
    -0.03484851    -0.03483024    -0.00001827
     0.04146887     0.04144402     0.00002486
    -0.03900845    -0.03902504     0.00001659
     0.03772959     0.03788053    -0.00015093
    -0.03719258    -0.03721838     0.00002580
    -0.03806451    -0.03810081     0.00003630
    -0.03719318    -0.03718019    -0.00001298
     0.03749073     0.03767214    -0.00018141
     0.04018376     0.04013553     0.00004823
     0.03565268     0.03561965     0.00003304
     0.04610210     0.04606958     0.00003252
    -0.01728748    -0.01762971     0.00034224
    -0.00419197    -0.00417302    -0.00001895
    -0.02415280    -0.02420595     0.00005315
     0.01554867     0.01555962    -0.00001095
    -0.06052406    -0.06055594     0.00003188
     0.00945688     0.00950339    -0.00004651
     0.00107719     0.00105651     0.00002068
    -0.03088201    -0.03088203     0.00000002
    -0.00264280    -0.00251804    -0.00012476
    -0.00817686    -0.00813789    -0.00003897
    -0.00795533    -0.00783450    -0.00012083
     0.01732097     0.01720114     0.00011983
    -0.00852312    -0.00831534    -0.00020778
    -0.02377413    -0.02392725     0.00015312
     0.00057827     0.00049763     0.00008064
     0.00362287     0.00373495    -0.00011208
    -0.01407177    -0.01407509     0.00000332
    -0.00066578    -0.00057206    -0.00009372
    -0.01548619    -0.01550561     0.00001942
    -0.00831030    -0.00823422    -0.00007608
    -0.01048746    -0.01056575     0.00007829
    -0.00784700    -0.00797462     0.00012762
     0.01194313     0.01189788     0.00004525
    -0.01701071    -0.01700959    -0.00000111
     0.01771992     0.01767860     0.00004132
    -0.01402820    -0.01403358     0.00000538
     0.00254375     0.00250003     0.00004372
    -0.01164364    -0.01160918    -0.00003447
    -0.01992652    -0.01997714     0.00005062
     0.00902762     0.00904077    -0.00001315
    -0.01628035    -0.01644974     0.00016939
    -0.00123281    -0.00116931    -0.00006350
     0.02818177     0.02820321    -0.00002143
     0.01616340     0.01620419    -0.00004079
    -0.01649824    -0.01667341     0.00017518
     0.02778438     0.02781303    -0.00002866
    -0.03239371    -0.03228476    -0.00010895
     0.01969873     0.01960279     0.00009594
     0.00431328     0.00419133     0.00012195
     0.01246973     0.01244497     0.00002475
     0.02840741     0.02793705     0.00047036
    -0.00650883    -0.00657257     0.00006375
    -0.00405031    -0.00410243     0.00005213
    -0.01654798    -0.01642165    -0.00012633
    -0.01415583    -0.01433732     0.00018149
    -0.02600962    -0.02589588    -0.00011374
    -0.01367603    -0.01361845    -0.00005759
    -0.01851661    -0.01833902    -0.00017759
     0.00038322     0.00040529    -0.00002207
     0.00362994     0.00356571     0.00006424
    -0.02020739    -0.02004877    -0.00015862
     0.00372611     0.00387524    -0.00014913
    -0.01057728    -0.01061558     0.00003829
    -0.01095533    -0.01114235     0.00018702
     0.02730608     0.02742269    -0.00011660
    -0.02147367    -0.02144464    -0.00002903
    -0.01733183    -0.01734210     0.00001027
     0.00005508    -0.00001106     0.00006614
     0.00941917     0.00934950     0.00006967
    -0.01970752    -0.01955629    -0.00015123
    -0.00461821    -0.00472844     0.00011023
    -0.01054773    -0.01059460     0.00004687
    -0.00045536    -0.00051177     0.00005641
    -0.01375873    -0.01381799     0.00005926
     0.00240810     0.00245931    -0.00005122
    -0.01610688    -0.01616308     0.00005620
    -0.00367697    -0.00376779     0.00009082
    -0.02699193    -0.02702076     0.00002884
     0.01642659     0.01644441    -0.00001782
     0.02332380     0.02326932     0.00005449
    -0.01398649    -0.01384679    -0.00013970
     0.01330242     0.01324853     0.00005389
    -0.00966045    -0.00957631    -0.00008414
    -0.00610093    -0.00615451     0.00005358
     0.00206583     0.00215696    -0.00009112
     0.01932487     0.01921511     0.00010976
    -0.02683851    -0.02690247     0.00006397
    -0.00373555    -0.00372973    -0.00000582
    -0.00003586     0.00002137    -0.00005723
    -0.02179814    -0.02313222     0.00133407
    -0.01294859    -0.01295701     0.00000841
    -0.05618381    -0.05620887     0.00002506
    -0.00339261    -0.00327846    -0.00011414
     0.00048142     0.00043443     0.00004699
    -0.00932289    -0.00922542    -0.00009747
    -0.01279406    -0.01280500     0.00001094
     0.00169796     0.00184499    -0.00014703
    -0.00943329    -0.00953690     0.00010361
    -0.01676371    -0.01677997     0.00001626
    -0.01351323    -0.01349529    -0.00001794
    -0.00609704    -0.00607235    -0.00002469
    -0.00815123    -0.00812503    -0.00002620
    -0.01857618    -0.01871755     0.00014137
     0.01531857     0.01539661    -0.00007804
    -0.00910869    -0.00918026     0.00007157
     0.04130144     0.04043368     0.00086777
     0.03643583     0.03641770     0.00001813
    -0.01269256    -0.01271811     0.00002555
    -0.00919157    -0.00917444    -0.00001713
    -0.01584750    -0.01588919     0.00004168
    -0.00267717    -0.00268386     0.00000669
     0.03754317     0.03743364     0.00010953
     0.01935296     0.01985117    -0.00049822
    -0.00380410    -0.00384144     0.00003735
    -0.00314915    -0.00314485    -0.00000429
    -0.00279763    -0.00280188     0.00000425
    -0.00405202    -0.00412035     0.00006833
    -0.00244704    -0.00239972    -0.00004732
    -0.00245675    -0.00240842    -0.00004833
    -0.00325538    -0.00324268    -0.00001270
    -0.01295545    -0.01296855     0.00001310
    -0.01276592    -0.01279323     0.00002730
     0.01779317     0.01791939    -0.00012622
    -0.00285075    -0.00278017    -0.00007057
    -0.00260603    -0.00252487    -0.00008117
    -0.00319407    -0.00319464     0.00000057
    -0.00296718    -0.00291725    -0.00004994
    -0.00338910    -0.00340786     0.00001876
    -0.00249449    -0.00245375    -0.00004074
    -0.00378489    -0.00379975     0.00001487
    -0.00273932    -0.00272339    -0.00001592
    -0.00273959    -0.00272339    -0.00001620
    -0.02039983    -0.02038867    -0.00001116
    -0.00351606    -0.00354742     0.00003136
    -0.00257926    -0.00248480    -0.00009446
    -0.00262587    -0.00262530    -0.00000057
     0.01744231     0.01758147    -0.00013917
     0.00269069     0.00271570    -0.00002501
    -0.01515119    -0.01513789    -0.00001330
    -0.00393980    -0.00398793     0.00004813
     0.03690449     0.03691659    -0.00001210
    -0.00292441    -0.00286387    -0.00006054
     0.04048801     0.04042305     0.00006496
    -0.00269733    -0.00261231    -0.00008502
    -0.00394927    -0.00399977     0.00005050
    -0.00257003    -0.00249832    -0.00007172
    -0.00259910    -0.00257097    -0.00002812
    -0.00256753    -0.00252586    -0.00004167
    -0.00344725    -0.00346610     0.00001886
    -0.01332133    -0.01330239    -0.00001895
    -0.00390347    -0.00394172     0.00003825
     0.03749231     0.03750082    -0.00000851
    -0.01775948    -0.01776049     0.00000101
    -0.00315358    -0.00313777    -0.00001581
    -0.00199201    -0.00190866    -0.00008335
    -0.00199201    -0.00190866    -0.00008335
    -0.00347993    -0.00348110     0.00000117
    -0.00271221    -0.00269656    -0.00001565
    -0.00265172    -0.00262355    -0.00002817
    -0.00306022    -0.00301998    -0.00004024
    -0.00321677    -0.00320793    -0.00000883
    -0.01715825    -0.01718195     0.00002370
    -0.00263156    -0.00256105    -0.00007051
    -0.01538306    -0.01540678     0.00002372
    -0.00263926    -0.00256784    -0.00007142
    -0.00364665    -0.00366046     0.00001380
     0.03705557     0.03703284     0.00002272
    -0.00276800    -0.00268563    -0.00008237
    -0.00358213    -0.00359724     0.00001510
    -0.00285145    -0.00283666    -0.00001479
    -0.00308757    -0.00307554    -0.00001203
    -0.00262895    -0.00261857    -0.00001038
    -0.00262895    -0.00261857    -0.00001038
    -0.00311361    -0.00310318    -0.00001043
    -0.01544627    -0.01554517     0.00009890
    -0.00306397    -0.00305186    -0.00001212
    -0.00217294    -0.00211453    -0.00005841
    -0.00217294    -0.00211453    -0.00005841
    -0.00303366    -0.00301893    -0.00001473
    -0.00351892    -0.00352222     0.00000330
    -0.00346673    -0.00345682    -0.00000991
    -0.00257597    -0.00251131    -0.00006466
    -0.00257597    -0.00251131    -0.00006466
    -0.00293750    -0.00291066    -0.00002683
    -0.02370593    -0.02352174    -0.00018420
    -0.00261063    -0.00255146    -0.00005917
    -0.00288784    -0.00284707    -0.00004076
    -0.00264465    -0.00259110    -0.00005354
    -0.00296321    -0.00290643    -0.00005679
    -0.00291763    -0.00287776    -0.00003987
    -0.00234271    -0.00230741    -0.00003530
    -0.00234271    -0.00230741    -0.00003530
    -0.00271240    -0.00266854    -0.00004386
    -0.00342896    -0.00341805    -0.00001091
    -0.00249928    -0.00247816    -0.00002112
    -0.00249928    -0.00247816    -0.00002112
    -0.00307551    -0.00304572    -0.00002980
     0.04137304     0.04132228     0.00005075
    -0.00332316    -0.00330358    -0.00001958
    -0.00300240    -0.00295534    -0.00004705
    -0.00335032    -0.00333487    -0.00001545
    -0.00296310    -0.00294308    -0.00002002
     0.03809553     0.03801564     0.00007989
     0.03040894     0.03047341    -0.00006447
    -0.00324398    -0.00321623    -0.00002775
    -0.00307834    -0.00304804    -0.00003030
    -0.00330665    -0.00328644    -0.00002020
     0.01038182     0.01070030    -0.00031847
    -0.00316466    -0.00313592    -0.00002874
     0.02604674     0.02602941     0.00001732
    -0.00466852    -0.00465282    -0.00001570
    -0.04028602    -0.04021599    -0.00007003
    -0.00567904    -0.00568592     0.00000687
    -0.02990352    -0.02985194    -0.00005158
    -0.00522388    -0.00522748     0.00000360
    -0.00522361    -0.00522748     0.00000387
    -0.00688524    -0.00689906     0.00001382
    -0.00688524    -0.00689907     0.00001382
    -0.00709327    -0.00711104     0.00001777
    -0.02230768    -0.02234895     0.00004127
    -0.00544524    -0.00545289     0.00000765
    -0.00544522    -0.00545289     0.00000767
    -0.00654896    -0.00656320     0.00001423
    -0.00654896    -0.00656320     0.00001424
    -0.00568707    -0.00569798     0.00001090
    -0.00568707    -0.00569798     0.00001091
    -0.00597565    -0.00598871     0.00001306
    -0.00623780    -0.00625190     0.00001410
    -0.00623780    -0.00625191     0.00001410
    -0.00595102    -0.00596391     0.00001289
    -0.00592076    -0.00591601    -0.00000476
    -0.00592076    -0.00591601    -0.00000476
    -0.00606656    -0.00607876     0.00001220
    -0.02093356    -0.02093992     0.00000636
     0.00597323     0.00588283     0.00009039
    -0.02593732    -0.02592572    -0.00001160
    -0.02021724    -0.02022148     0.00000423
    -0.02021493    -0.02021907     0.00000414
    -0.02371293    -0.02373903     0.00002611
    -0.02061600    -0.02062442     0.00000842
    -0.00377030    -0.00380564     0.00003534
    -0.03242063    -0.03243221     0.00001158
    -0.02241211    -0.02241561     0.00000349
    -0.03028290    -0.03024570    -0.00003720
    -0.02438592    -0.02437555    -0.00001037
    -0.03045909    -0.03043021    -0.00002888
    -0.02778742    -0.02775926    -0.00002816
    -0.01895763    -0.01907623     0.00011860
    -0.02107397    -0.02110005     0.00002608
    -0.02107397    -0.02110005     0.00002608
    -0.02107397    -0.02110005     0.00002608
    -0.02107397    -0.02110005     0.00002608
    -0.02107397    -0.02110005     0.00002608
    -0.02107397    -0.02110005     0.00002608
    -0.02107397    -0.02110005     0.00002608
    -0.02107397    -0.02110005     0.00002608
    -0.02107397    -0.02110005     0.00002608
    -0.02107397    -0.02110005     0.00002608
    -0.02107397    -0.02110005     0.00002608
    -0.02107397    -0.02110005     0.00002608
    -0.03008572    -0.03013973     0.00005400
    -0.02450617    -0.02450452    -0.00000165
    -0.03095829    -0.03094458    -0.00001371
    -0.02231595    -0.02233230     0.00001635
    -0.02256210    -0.02256863     0.00000653
    -0.02717389    -0.02725662     0.00008273
    -0.02328584    -0.02332265     0.00003681
    -0.02057867    -0.02056420    -0.00001447
     0.01825979     0.01826059    -0.00000079
    -0.02707334    -0.02708358     0.00001023
    -0.02464524    -0.02466232     0.00001708
    -0.03288330    -0.03291592     0.00003262
    -0.03288330    -0.03291592     0.00003262
    -0.03288330    -0.03291592     0.00003262
    -0.03288330    -0.03291592     0.00003262
    -0.03288330    -0.03291592     0.00003262
    -0.03288330    -0.03291592     0.00003262
    -0.03288330    -0.03291592     0.00003262
    -0.03288330    -0.03291592     0.00003262
    -0.03288330    -0.03291592     0.00003262
    -0.03288330    -0.03291592     0.00003262
    -0.03288330    -0.03291592     0.00003262
    -0.03288330    -0.03291592     0.00003262
    -0.02718913    -0.02720207     0.00001294
    -0.03162877    -0.03166125     0.00003247
    -0.03156888    -0.03158044     0.00001156
     0.00941201     0.00948376    -0.00007175
    -0.02914250    -0.02915302     0.00001052
    -0.02386079    -0.02389229     0.00003150
    -0.02647268    -0.02649726     0.00002458
    -0.02647268    -0.02649726     0.00002458
    -0.02647268    -0.02649726     0.00002458
    -0.02647268    -0.02649726     0.00002458
    -0.02647268    -0.02649726     0.00002458
    -0.02647268    -0.02649726     0.00002458
    -0.02647295    -0.02649726     0.00002431
    -0.02647295    -0.02649726     0.00002431
    -0.02647295    -0.02649726     0.00002431
    -0.02647295    -0.02649726     0.00002431
    -0.02647295    -0.02649726     0.00002431
    -0.02647295    -0.02649726     0.00002431
    -0.02403258    -0.02406473     0.00003215
    -0.03422022    -0.03425798     0.00003776
    -0.02436627    -0.02439864     0.00003236
    -0.03475754    -0.03482849     0.00007095
    -0.03230936    -0.03236387     0.00005452
     0.00135031     0.00145382    -0.00010351
    -0.02662030    -0.02666855     0.00004825
    -0.02532545    -0.02532403    -0.00000142
    -0.03357673    -0.03364351     0.00006678
     0.00010530     0.00007150     0.00030461     0.00019226     0.00133407
