49	2	1
15	15	
1	1006
  0.0541809631474849	  0.1345711188415454	  0.0975888965426801	  0.0931962801806644	  0.0117280451946236	  0.0090713026159049	  0.0408391478179756	  0.0526118715173350	  0.0365634344949215	  0.0526134885998191	  0.0128659847729998	  0.0349100416129903	  0.0810554859590976	  0.0058852976934151	  0.0203860418256658	  0.0730301043690369	  0.0440680996006637	  0.0007897724327095	  0.0045851554252880	  0.0079545833900597	  0.0045853011665022	  0.0070930819106420	  0.0205697330956954	  0.0029067946150517	  0.0022483211977909	  0.0102086664641072	  0.0139552211424603	  0.0177267167021610	  0.0139674944690803	  0.0010210765243116	  0.0015877212227064	  0.0024439626793811	  0.0044361885623617	  0.0078155116658871	  0.0078155118472001	  0.0159225623761220	  0.0205691297660476	  0.0412911765243555	  0.0205703945282406	  0.0013025081019590	  0.0044984839831357	  0.0354533700705609	  0.0032788638877362	  0.0097407715810844	  0.0361937053377243	  0.0006385113082860	  0.0037951311731091	  0.0412281882999443	  0.0164377458978829	  0.0638703753181926
  0.0543114901574829	  0.1348455706723265	  0.7488401782212932	  0.2364262796499819	  0.0117280865259778	  0.0090713201471735	  0.0409397223443181	  0.0527183302154699	  0.1425470336649621	  0.0527200606868800	  0.0128989442564909	  0.0349797871781868	  0.1827332412214323	  0.0058853147307155	  0.0203860795078622	  0.2851911379169919	  0.0645829323486444	  0.0007897724353379	  0.0045851713664937	  0.0079739571032584	  0.0045853170722022	  0.0070930955362647	  0.0206110502308636	  0.0029068050516662	  0.0022483258583042	  0.0102340626211222	  0.0139822751506277	  0.0357717093563499	  0.0139945772924125	  0.0010210765297065	  0.0015877212297443	  0.0024439626845465	  0.0044362016900539	  0.0078155262748751	  0.0078155264873079	  0.0159613102922531	  0.0206104463666066	  0.1103131313207568	  0.0206117991418104	  0.0013025124040618	  0.0044984935591917	  0.0715435561892024	  0.0032867555363000	  0.0097584957983021	  0.0507570101699899	  0.0006385113105098	  0.0037951311782856	  0.1103763785239078	  0.0193760853814893	 -0.0048081975258476
                 -0.13404455949408219939
                  0.19140684852318581854
                 -0.25396381395823763860
                 -0.52244653495127080234
                  0.18492070367684776411
                 -0.08685719269277410171
                  0.03468553128271299052
                 -0.12476220519953372390
                  0.19461133570509475677
                 -0.27882649749375065795
                  0.13258945032092162020
                 -0.14818607265036717879
                 -0.06589889811713341150
                  0.02448447539022263406
                  0.32015748773128555049
                  0.48535025373223472656
                  0.03124065559648620330
                 -0.05195593084358450520
                  0.05781852606107297510
                  0.16016489859249360972
                  0.22325106011533660255
                  0.25949830806733481525
                 -0.11969099914793726591
                 -0.32671211209002193332
                 -0.24633124767932462751
                 -0.27246457881782409904
                 -0.19543533095206350181
                  0.30060429965395812912
                  0.23618872420610312335
                  0.02340992097724846691
                 -0.05859558778700554166
                 -0.27647298069388392960
                 -0.10018693257558561327
                 -0.12341108964961286509
                  0.12167265757773609858
                  0.00010470812454479138
                 -0.28704131366626772781
                 -0.28739741570443261276
                  0.13273677712042619703
                  0.03288852935787492382
                 -0.14303978109741904978
                  0.19688286361684967374
                  0.17642327229598087079
                  0.33906003407756141188
                  0.26859967881810853374
                  0.37487619710932312822
                  0.21107904032337945766
                  0.08874721488330690466
                 -0.09935595002751351768
                 -0.26539299018332823676
                 -0.31602384705098829354
                 -0.20363297676761837884
                 -0.10168103387577268060
                  0.00568490482736632059
                 -0.28319886828571000370
                 -0.30343787475620842553
                 -0.16879270245313288124
                  0.11871591248007801189
                 -0.15986919362614779305
                  0.31444109418088184160
                 -0.21457845383615123391
                 -0.22219534600201848451
                  0.11241190949740439975
                 -0.30034746040348414553
                 -0.17048718146428570863
                  0.11245526185521401152
                 -0.25287008268654981302
                  0.12384812198379548109
                 -0.06876212468561111735
                 -0.03668213082971512329
                 -0.05162538173760043009
                  0.04982242830087948299
                 -0.19622992206733511078
                  0.06884189610079348431
                 -0.30561092087774621717
                  0.23558225276788918867
                  0.11792918999089263554
                  0.04836250451717669790
                  0.28982320792366367268
                 -0.08832719985715381528
                  0.13579955597883289209
                 -0.22818508749550403536
                  0.37106544944465824631
                 -0.20528633637232865383
                 -0.02959135496493409470
                 -0.20609022296688775389
                  0.32299926717415583521
                 -0.33106354415756361620
                  0.18168964095721926166
                  0.37882748554855594225
                  0.25560166462630729001
                  0.19845438400687961944
                 -0.09438010497149376676
                 -0.32544161267168508767
                 -0.16332104111847206562
                 -0.01190277038591295786
                 -0.03880474787857387392
                  0.13533122934534930204
                 -0.35280582549989225605
                 -0.04538185645305832516
                  0.36831119346833413042
                 -0.08171153114757183367
                 -0.09758054941409055605
                  0.16805953342081533797
                 -0.19786282713189781712
                 -0.11056066682572852911
                 -0.15345008314408448147
                 -0.10660882282658083742
                  0.25737973088758570039
                 -0.16952300869422212704
                 -0.09719004646635569233
                 -0.18705648551489242881
                 -0.27443568059896100708
                 -0.22846648685674919577
                 -0.28736421347383578340
                 -0.05972430200295280461
                  0.23880193810366026619
                 -0.17274132196515337712
                 -0.02890893518781460086
                 -0.04329192211269879131
                  0.15204915258527523791
                 -0.28192039581408523397
                  0.25759385666288486805
                  0.01688343583847708856
                  0.01965734010738870441
                  0.22478185865065894444
                  0.05610451793781335433
                  0.33964150784936891769
                  0.29785521772465894941
                 -0.18194047984073499769
                 -0.12861915521057409872
                 -0.17779084734675945634
                  0.11962472951363296858
                  0.30079088636481676744
                 -0.40152577270943112797
                  0.17880387855038407108
                 -0.17125872810182285466
                  0.29038492542354266135
                 -0.25014172581977461851
                  0.26499598377604771660
                 -0.13016816542812251201
                 -0.14984889197001904915
                  0.13994098740497365463
                 -0.12501588651563191879
                  0.03513630207102003133
                 -0.17710649501971215125
                  0.37102953746161748683
                  0.10295773255777644628
                 -0.21731880324694330398
                 -0.01160117761771548711
                 -0.63885254549132364232
                 -0.10548504274431946826
                  0.11607922544915071084
                 -0.14569068317276526181
                  0.17435305025411487745
                  0.02608031250568808995
                 -0.19892319522618098770
                 -0.35923373020757320973
                 -0.31134240705558141604
                 -0.43933220185977711614
                  0.26075024833477400410
                  0.21083618244676211040
                  0.19877328521082243684
                 -0.31588300003413627426
                 -0.08622125082329230861
                 -0.32427256729356090936
                 -0.14965712571898098782
                  0.06443489064966791136
                  0.11623118627283501869
                 -0.37654965200010104276
                 -0.21124594338328239740
                  0.31879017918557484013
                 -0.35976646890284447178
                  0.21024960680857590622
                 -0.20766432100629761415
                 -0.02428330843740024447
                  0.28317527639297956910
                  0.09887066505048196230
                  0.01750882048558283222
                  0.24842550876355529166
                  0.03598539516096097013
                  0.17789816554238185864
                  0.13846043244704819841
                 -0.05980907787339817538
                  0.34950641885389205354
                  0.09128516991835290695
                  0.02552381729013098594
                 -0.07625926584469100433
                 -0.26051596607481536383
                  0.02450414378279380800
                  0.36312422913206782171
                 -0.10115018117113347418
                  0.26602062946450871772
                  0.34929158545486743703
                  0.30808794994079136131
                  0.35142556976020589143
                  0.16890034485026753086
                 -0.02913892172213536358
                  0.05944449263659205840
                 -0.09515914076206016814
                 -0.29801633765679419463
                 -0.11109902017524356244
                 -0.15337525349545366726
                 -0.32448648797121304455
                 -0.09662688328226602674
                 -0.45570611576982017477
                  0.33814251874715928192
                  0.11593939948201416323
                 -0.16682157249046331016
                  0.38428181359566399022
                 -0.39132389283491114673
                  0.14224249858559709359
                 -0.16131612310528919974
                 -0.04570937336145260155
                 -0.07411452550024957842
                  0.25350479613032800286
                  0.01734612336151097195
                 -0.09139212180269129515
                 -0.32765721005360665119
                  0.24973193355144621131
                  0.43729271187721641123
                 -0.28045145237896706991
                  0.37623852130207530164
                  0.12755019316705054622
                  0.26036668139299917746
                  0.02023671185896483427
                 -0.14578975649701075845
                  0.27746356904985858272
                 -0.09107259558841369895
                 -0.12894505710021791911
                  0.14473505941547273879
                  0.37545158397945083140
                 -0.00328181890327417652
                 -0.05967639369233967289
                 -0.02200586194984830574
                  0.10173194522393359807
                 -0.18478980562683983146
                 -0.13123031260980938528
                 -0.26037956062898554022
                 -0.36514547673939551364
                  0.45172304097395094002
                 -0.00788891625634192441
                  0.00296364959187649275
                 -0.07991774427070220954
                 -0.00781137811804808162
                  0.01415364450975422489
                 -0.37481569090856853288
                  0.09381298297525850205
                  0.16452724742991498008
                 -0.17021746371430912514
                 -0.15880171687707614336
                  0.31637748530240966671
                 -0.28464086761936452374
                 -0.36164065650465460067
                 -0.27211195231803764205
                  0.38778366863946350795
                  0.05505564152979144921
                  0.15131124922732863691
                 -0.21959673393218884230
                  0.00470371137857365524
                  0.11654840449650610834
                 -0.23193855984831759920
                  0.05399217839629057852
                 -0.25489265854742781947
                  0.09485339663480592265
                  0.01495061570295704023
                 -0.48132633031727722894
                  0.29480675132681471995
                 -0.18588092326264946119
                  0.05009896641906509684
                 -0.22636285346542833752
                 -0.10907062433291633829
                  0.08482994239419108795
                 -0.09913898897725512138
                  0.13545685765697895730
                 -0.00605960975821104829
                  0.20582262456900432546
                  0.32336381440168199264
                  0.03721962560131711339
                  0.13845151416012141388
                  0.20225046862480741683
                  0.10965755516602464226
                  0.04740419441206465689
                 -0.46283306029473886278
                  0.20680806817787711349
                 -0.07776838836418585588
                 -0.13580616830277106311
                 -0.01794371328579006872
                  0.16736763442400176549
                 -0.21512690377881807380
                 -0.07789543431102674553
                  0.34504002581528542271
                 -0.02650376564474060670
                  0.33966262439718564181
                 -0.18509272026285425450
                 -0.23696869547684076829
                  0.32587776092090359192
                  0.35722804272044422769
                  0.20087764095203278214
                  0.29397194411059940355
                  0.10540207232891814215
                 -0.20307783107906229869
                 -0.20214665510760060352
                  0.23559279012409864440
                 -0.05908446061659885368
                 -0.40236274715573450145
                 -0.25106746718209405067
                 -0.08748048101212331507
                  0.27247552589933293765
                 -0.07237316296017221040
                 -0.00755066908354154551
                  0.40128323711209096247
                  0.04023629021771214787
                 -0.03543965189193612475
                 -0.16025641003141363750
                  0.00313474723334518889
                  0.18590893500899988156
                  0.27541849650274452532
                 -0.22165595918260863617
                 -0.13626357367852631741
                 -0.18414039274031035465
                  0.12370243317898252378
                 -0.36337089084898571700
                  0.36651834285386669654
                 -0.51549924609961972344
                  0.06922141714014745650
                 -0.07303403724510949824
                 -0.42102220581778482256
                  0.03031438380961970491
                  0.27617586511368125146
                  0.01550243553899560006
                  0.04543960417025216803
                 -0.09991972250330166672
                 -0.15697384643468864640
                 -0.05736295836059369241
                  0.06899479887870162143
                 -0.11036197139918953181
                 -0.03631613728228866300
                  0.16718353050370787782
                 -0.00129173160102987838
                 -0.00100561901596766395
                 -0.07243302646047419802
                  0.12649389356050558253
                  0.03627226714461805751
                 -0.19096374547969754976
                 -0.45087742175607542494
                  0.00970358998069204351
                  0.21956121855088633898
                 -0.09572860226455501276
                  0.15719443494202756106
                  0.35327243107592803950
                  0.06070864630002018730
                 -0.13261952806998186793
                 -0.12787292265329305851
                 -0.15134519710246521762
                  0.19734516154731346349
                  0.29120399908914329501
                 -0.29848887038522303738
                  0.27483754797197629260
                  0.28693203802883904263
                  0.31558813283446607301
                  0.26000020052262934334
                  0.20558506452640873396
                  0.02935389039365889075
                  0.16082895746716827090
                 -0.17061915338767205674
                  0.06433841191015973737
                  0.43987688872282287855
                 -0.06790627444364623344
                 -0.26186902302855874503
                  0.18148029054848183184
                  0.00328183691906327145
                 -0.27438279167451334883
                 -0.18767808375719136071
                 -0.19564653422989042308
                  0.09540065307081126156
                 -0.06141375916444032773
                  0.06389666862843357276
                 -0.10098295012714866847
                  0.42134124911314640993
                 -0.02004951487515855418
                 -0.21973902656854105153
                 -0.14696674826183875329
                  0.07360030369690848118
                  0.09748474260078471287
                 -0.06809650876189282664
                  0.31385857786990434271
                 -0.18141716645169714273
                 -0.24665126921512850466
                  0.19475817838095982326
                 -0.04538746305457455610
                 -0.06825706059747972676
                  0.20093142333787022968
                  0.27107593452706196802
                 -0.08980720024710070470
                 -0.37673787704269939836
                 -0.27767559954713111336
                  0.24419524402337727809
                 -0.04984249520547275047
                 -0.27016099613793898016
                  0.47378868431078563495
                 -0.03331130160188797845
                  0.16154791549640720727
                  0.18289206084194692403
                 -0.00650578792549352108
                 -0.18536313533339104920
                 -0.18375859896341364963
                 -0.16084681705058115342
                  0.22736266529810661430
                 -0.04629087399102373851
                  0.17451277520212093997
                  0.24198741713077770443
                  0.29073716207245520193
                  0.10952576069573989603
                  0.28707280765733655947
                  0.17512025106387282825
                 -0.28630607947131836433
                  0.37184440566550391871
                 -0.28010642756293108180
                 -0.01774438839612459476
                 -0.28483655833376464450
                  0.15813286478941301905
                 -0.52989223458056067262
                 -0.29313787892110193534
                  0.27382935728920770879
                  0.18345934248578049663
                 -0.14644282499542210507
                  0.00011086081524425606
                  0.04070902262970657604
                  0.36836165512148255630
                 -0.05485942456376875775
                  0.16474802951071818025
                  0.01114011629572828933
                 -0.44966385083435256309
                 -0.05726554857378073765
                 -0.12839020492927205597
                 -0.22045184068400894284
                 -0.26788184272146947640
                  0.15937355134554234692
                 -0.13401874068005711904
                  0.51750732607329963386
                 -0.05276507119382212174
                  0.27136605278291969778
                  0.00570627123940646054
                 -0.06430553953415800439
                 -0.01930575492399101700
                  0.44714864353278310771
                  0.04324418620108019112
                 -0.15035705691885253854
                 -0.21634602394390786695
                 -0.00249914103889484381
                  0.19721775564541207948
                  0.06290231510997404407
                 -0.23049230668992090609
                  0.08812076562924450740
                  0.15369195844386895899
                 -0.01072837327504833592
                 -0.06004171167760453953
                  0.29835514810243707329
                  0.30138740097594279854
                 -0.25117670950648501860
                  0.42314389973472377182
                  0.31097085637805554903
                  0.31543391291958250422
                 -0.16077979212256665598
                  0.30736607280677402665
                  0.26931990985165632502
                 -0.36411152519186557042
                  0.20530818322053659419
                 -0.01774225594970399444
                 -0.03333573843388758923
                 -0.55722108218977295380
                 -0.38649922558299870667
                  0.04740439816247712240
                 -0.11243775890205914836
                 -0.16829749633338322856
                 -0.33379516382037932587
                 -0.18500012701205709176
                 -0.29742565887907707056
                  0.21951504634592888809
                 -0.29094202356715703761
                 -0.21154060176247690972
                 -0.21187416972166861484
                  0.05036960706650305680
                 -0.05237728456667491150
                  0.01561735251055242427
                 -0.05066007388856734461
                 -0.02684356345839374741
                  0.53683726063730308198
                 -0.05676133123338677339
                  0.22552661442808685788
                  0.13905981464898375943
                  0.07154507559234178637
                  0.01125897833704459818
                  0.24351260759053552918
                 -0.13576420145948664420
                 -0.02353509398725588467
                 -0.07408120929210944283
                  0.09038560642306305015
                  0.07650755924238870909
                 -0.11635046391401324128
                 -0.10872253133939230318
                 -0.19727935506135724220
                  0.13817958144608169513
                  0.31758280842049496639
                  0.27177251876200186897
                 -0.34388717134687279975
                 -0.14300983105600287293
                 -0.10552497126974258457
                  0.14871717416761937036
                  0.08448356860405288604
                  0.22783375715509279757
                  0.06282764259046091926
                 -0.01945576101475347125
                 -0.07323374516250240329
                  0.15830896152473297733
                  0.02397723336185684367
                  0.12938517003440910824
                  0.24252436495523521653
                 -0.04806190304651487832
                  0.20984578466337258651
                  0.09618987019802374694
                 -0.34931393209261252242
                 -0.09076590266071896118
                 -0.12148680764787347930
                  0.13997338429435957075
                 -0.11915426411957938391
                 -0.34873682588227661316
                 -0.02287391699383068203
                  0.07647552166251744832
                 -0.14926636385747746316
                  0.19102077472268086389
                  0.21983596914358777275
                 -0.05270170899847376883
                  0.16574316946921438531
                  0.30473100205357239734
                 -0.04795177904622367066
                 -0.36506190637841567925
                 -0.18301013873086535710
                 -0.48088021245429946049
                 -0.33008365591723171084
                  0.33748858092152611565
                 -0.69731344829672503582
                  0.22811751066380697717
                 -0.30566983531864116985
                 -0.01217722692613400735
                  0.27390847565576270650
                 -0.15442431880139309563
                 -0.00047517206511289928
                 -0.11329626427157624136
                  0.43163860433754364099
                 -0.69222326361085495527
                 -0.30472059828947040128
                  0.17740679662369723824
                  0.30412950457457083031
                 -0.41012416479055963103
                 -0.36137681073329525061
                 -0.13448710289646123583
                 -0.19815233584311539583
                 -0.30038040249880687549
                  0.04950433081971762628
                 -0.15103911389515234376
                  0.00051034015499130513
                  0.16356945500635020063
                 -0.20787362757703073401
                  0.38767248403277121405
                  0.05382170501162925752
                  0.02865164009745703455
                  0.34624347214346939960
                  0.10781562785183461395
                  0.11601337164557484760
                 -0.08816383712322961586
                  0.29057057698520588618
                  0.24496429932622265646
                  0.02868804517828052458
                  0.39786972040861989797
                  0.05994107646736632211
                  0.01640937001684179136
                  0.17577935360332469505
                  0.14554252223909908137
                  0.01732043248176302203
                  0.13936136890140005118
                  0.24928617698139235448
                 -0.27778748914460088537
                  0.18216001849402588264
                  0.23763247458647920873
                  0.11557969254348932076
                 -0.17274045737463600281
                 -0.32622481510843143182
                  0.30685617828079470026
                 -0.17625613232564044108
                 -0.31624149004394436213
                  0.28661616855909610724
                 -0.04141736797565991751
                 -0.05082211482862789009
                  0.08311005943772796500
                  0.36683327431035733790
                  0.14090202784475289177
                 -0.09208097293922991311
                  0.37667125238845794444
                 -0.00393573100068908555
                 -0.12341124467791578234
                 -0.34339044898607784528
                  0.09965841115045498411
                 -0.32879913043059616484
                 -0.02893492596015612497
                 -0.15318196005382470060
                  0.17813519013127132595
                 -0.02561574583305472122
                 -0.03432782074542198997
                 -0.24197070713134566367
                 -0.16350349564037769401
                  0.23167573359396853583
                  0.34221532863661102697
                  0.09442095203608921739
                  0.01040798542119804673
                  0.43564803979215671603
                 -0.03709506658556654957
                  0.06477944099041126058
                  0.17017189148266878562
                  0.17197814483753740000
                  0.00811088350277066987
                 -0.42733526361078261191
                  0.09652414948476946421
                 -0.16578498012629827585
                  0.17403088560723334322
                 -0.24371291600874489536
                  0.24210098385049733105
                  0.03358201635659117945
                 -0.23415966041868782610
                 -0.12662591550174456811
                 -0.15891786797553431043
                 -0.28297626074684933961
                 -0.28828465574975886687
                 -0.15441978127416194910
                 -0.22187324287232507158
                  0.00806508440291130863
                  0.21164775758874335154
                  0.10357616255554308315
                  0.19481798955814760843
                  0.14828275393029866080
                 -0.27941976994615808083
                  0.09420373171940567281
                 -0.00599383593012339615
                 -0.13791681421494311754
                 -0.11044483417212586085
                 -0.17857359823530130627
                 -0.14803820436579209763
                 -0.06752507638814664315
                  0.10953345296822612764
                  0.27464994722782226644
                  0.15951930549595697006
                  0.23055283381284952249
                 -0.28314408808454327726
                 -0.07280503946721555986
                 -0.35881122593024461498
                  0.05795387387068267476
                 -0.17594291782577206606
                  0.41828852855374570874
                 -0.15474683454837684371
                  0.14159240261092387314
                  0.16911970751852939410
                  0.13381547218179695724
                  0.20539367291959359507
                 -0.09103659416683662631
                  0.21957354086220989831
                  0.16048950502970482646
                  0.34953335712778471622
                 -0.14573297309476285211
                  0.18529348751425089858
                  0.18769176750602911685
                  0.19279912791257933224
                 -0.13458606155487054523
                  0.27666457745869055262
                  0.29704836697815034663
                 -0.11772117292147554757
                 -0.32125081460784871146
                  0.14411930364791245007
                 -0.39801780578334672311
                  0.04242050188645635905
                 -0.20491198800720461515
                 -0.28849532252899579010
                 -0.09165948341293053692
                  0.06577851576582674498
                  0.32453599878692546143
                  0.25258381578112171217
                  0.18879184342175217570
                 -0.32929105938187430702
                  0.23763988916756498271
                 -0.27361686498421855518
                 -0.21284998613518688049
                  0.15230553212414219000
                 -0.00108657364913574686
                  0.01241497530626489015
                  0.35308033281313977447
                 -0.19253594693534392679
                 -0.09639802509593180246
                  0.26672586057415464955
                  0.22923971033200374325
                 -0.11627647610565866598
                  0.16683945224032517562
                 -0.04769043317270631188
                 -0.18966954939185332041
                 -0.15461507464799947864
                  0.27436453582977676779
                 -0.14467645266985479369
                  0.23938409853620512546
                 -0.23860574904119324913
                  0.18422923841044322457
                 -0.08847774243318680398
                 -0.22256935429101482038
                 -0.33071606709715106742
                  0.35797124938195235000
                 -0.12594309850380766558
                  0.26980131644402455260
                 -0.33792188340088985532
                  0.22417090196347197462
                 -0.08262567099316123209
                  0.17099157044174745357
                  0.38095923423982741562
                  0.27418419143401728810
                  0.15979321829727965998
                  0.06877595800175621832
                  0.12799712913240385292
                 -0.13387241667689500635
                  0.25104027525691446909
                  0.19884535520218368787
                 -0.23896529798873872297
                 -0.15854016166806014776
                 -0.33393263999098032890
                  0.11848712884068889062
                  0.11471512737928180048
                  0.20382110787552382147
                  0.04443345781914799508
                 -0.23882588438231011629
                  0.35958244593707855419
                  0.67733510380791428496
                  0.54952712243447010554
                  0.22237726751944625336
                  0.50851238991872715900
                  0.05763604373063684755
                  0.61208625208179867627
                  0.46258570372289176120
                 -0.32715807604303065448
                  0.66832585754525430932
                  0.56237049868023181176
                 -0.24357900713325678077
                  0.57646430371755152944
                  0.27916319693098551324
                  0.39763557216844236386
                 -0.23143508181048277894
                  0.60618857923781344077
                 -0.04241352795522291413
                 -0.39778167622593996189
                  0.33927205069921279046
                  0.24874130857870607736
                 -0.21817910195835268916
                 -0.15537233184947715769
                 -0.26112792624692415799
                  0.60418746866635320014
                  0.54575862831832411270
                 -0.49267271824956193615
                 -0.58211074658161399142
                 -0.46860974284706569115
                 -0.57362540811527285012
                  0.35984525603863171117
                  0.45671701958732591198
                  0.61703194771236336003
                  0.31469397581719016355
                  0.78682181714288312868
                 -0.08371691101346270814
                 -0.39147469207043872341
                  0.33266126218203961873
                  0.62580612546006098018
                  0.19961864014383545740
                 -0.45816426583663649730
                  0.95185772822500003265
                  0.31209534134768379676
                  0.27949595416588279839
                  0.68456809423806774806
                  0.55323926891906338721
                  0.21802170788684657743
                 -0.26574092583640240850
                  0.24245461315264962843
                  0.40892254004398387313
                 -0.00191980845906711945
                 -0.31400712791290685821
                 -0.53156248901570457566
                  0.43437189439910572908
                  0.71804237658663749855
                  0.29630743130860542900
                  0.89453798091572100937
                  0.05540835969526377441
                  0.27098211970957158945
                 -0.57271936243300092251
                 -0.02892036121369550780
                  0.66398502116693691733
                  0.49752545800923048125
                 -0.36657043398212535434
                 -0.15638921106445463627
                  0.48367282758425267364
                  0.58676454557122781353
                  0.30356865099217672510
                  0.46706718957263404501
                  0.54357393366188488937
                  0.47177275289188141949
                 -0.23287885467155486352
                 -0.59681700717537633505
                 -0.16198117146471041616
                  0.36339106876576787730
                  0.30326085308252698214
                 -0.49936421938106118068
                 -0.61133785401442430896
                  0.31606501198063480240
                 -0.56264313451231473540
                  0.15527927880466260713
                 -0.54684543463276558128
                 -0.11367008269587784708
                 -0.26826111107184119620
                  0.73312796891485865203
                  0.33031858359487975552
                 -0.28033650605653148702
                  0.29669334726566415350
                 -0.26110118043705438096
                  0.61759816289941393830
                 -0.12315135988992668981
                  0.19526998119495928008
                  0.50144713266659379780
                  0.08695029505065826614
                 -1.05395201703695895468
                 -0.15539167321723940107
                  0.07772849135168523327
                 -0.57393141972462013989
                  0.67261272737323052340
                  0.50639660163864308462
                  0.53543316797614115554
                  0.58670184970524841273
                 -0.27820667979889202037
                  0.11254017073472316612
                 -0.18839952013842264922
                  0.04706177421150069956
                 -0.71324553888570352278
                  0.08649856610902599552
                 -0.54395070599456141203
                  0.68289052048706311293
                 -0.69055792351144429375
                 -0.09489272549376523425
                 -0.47589061883409938813
                  0.14881053084736575731
                 -0.53337308157604679248
                  0.57064646919110095791
                 -0.01837586183125237971
                 -0.47781109644802582936
                  0.45739520126346105977
                 -0.37997346320314157042
                  0.63569857529059181633
                 -0.01979640725458726297
                  0.18471413198355449148
                  0.00747962374119694878
                  0.07515457663344671246
                 -0.63131657826480891416
                 -0.27652177696120361361
                  0.01600478695056161901
                 -0.65007465270423903103
                 -0.61399122870506328553
                 -0.17149390684279330888
                 -0.68105936748320616836
                  0.14167156897743443666
                 -0.64955805914834019443
                 -0.47106783197282736664
                 -0.52913874771547952935
                 -0.48199765744309996940
                 -0.45478340382152754318
                  0.49808245296305225791
                  0.11520757862736623334
                  0.33499352998859383002
                 -0.05959116132028129120
                  0.57259220040031277854
                  0.45958570621068067785
                 -0.55239118096725903229
                  0.34731312540990538773
                  0.30860735132156830174
                  0.55270972050182054502
                  0.41536523690767301886
                  0.31633173647638052062
                 -0.03218551831510471639
                  0.32032805952164100649
                 -0.08527244864932263801
                 -0.61538706580065460905
                  0.35865878311356746977
                 -0.30877645628247130105
                  0.44232218706128034746
                  0.76827881082385685030
                 -0.72989880061643297449
                 -0.09937501128241167658
                 -0.53578853402229431602
                 -0.00385449675641603463
                 -0.38809478281589693260
                 -0.26316393040345736898
                 -0.63488895763070496425
                 -0.64585872508374797540
                  0.11783245318126198131
                 -0.54434880183244760410
                 -0.19063841022596342278
                  0.02076598640376273869
                 -0.58437504781058613457
                 -0.23670189216971829205
                  0.44614985489902558857
                 -0.45083604063120480410
                  0.13800230350888109676
                 -0.39790010192098401731
                 -0.56248504846155600312
                 -0.54466612820965787378
                 -0.44821677071851656615
                  0.46675251753491592277
                  0.48440299433673317253
                 -0.03811037796050793791
                 -0.64220087892688992870
                 -0.76129903143635790919
                  0.48331344193749808946
                 -0.06502656823701172262
                  0.62273138542004224938
                 -0.24538178734802443270
                  0.05520382997504445083
                  0.78781071774716193712
                 -0.20763739013294252311
                 -0.28380431820655838138
                  0.41801041009032424700
                 -0.07438268312261583914
                 -0.00515615039626553164
                  0.02192495821616644719
                  0.15419120959537135906
                 -0.69920273024634471692
                 -0.39079511634113972551
                 -0.27352215319325656750
                 -0.05279307629732393758
                 -0.83419530271788078224
                  0.74839210895729391115
                 -0.91407804442146434187
                  0.17566067857569114818
                  0.09642375919330435641
                 -0.50397719931087880951
                 -0.35284853546755384768
                  0.94762769553716896809
                 -0.13613973879953372714
                  0.61647614327163213765
                  0.41955513506343067309
                  0.50432157741924643624
                  0.50212890053556025194
                 -0.36767335091088892973
                 -0.47921379998017804569
                 -0.06669206606762337342
                  0.63845056989921555868
                  0.02534635589276746856
                 -0.34901422885527999540
                 -0.06210969027553615851
                 -0.46905865479671138285
                 -0.42193912290610280369
                 -0.48540431128758926294
                  0.46434239863252835256
                  0.32240913389204439721
                  0.13067034292039542143
                 -0.79545813546832477847
                  0.59425718131634497343
                  0.28512959340948185183
                  0.04759932824241989296
                  0.61199308063597812612
                 -1.73697908423212443729
                 -0.63867389732816659542
                 -0.33041397561087459955
                 -0.11547680455944805966
                  0.15434111621111018531
                 -0.24146351458634185416
                 -1.10115671848246310383
                 -0.00856704055734825234
