                 -1.41793985895352969706
                 -1.66695063332718174109
                  1.00301428298076289458
                  0.59646185760400671771
                  0.70239936661392921025
                 -1.08827640914727252763
                 -0.01562997055993000511
                 -0.13095817549295912796
                 -0.04776388553626638445
                  0.23736086728775315779
                  0.84122225233753944451
                  1.07645053063096463042
                  1.22836415402921939055
                  1.19087423909616929585
                 -1.30989149036182039865
                  1.54478444035646944599
                  1.40500053480577702381
                  1.14330797212951118524
                 -1.14624888026710447519
                 -0.55862420248155109093
                 -0.39975951965535072574
                  0.14611300162253443302
                  0.12244744566789859952
                 -0.31236177718306190609
                  0.53398707543425472100
                 -0.68204039812703853851
                  0.98050100047564903161
                 -1.10241395464137381666
                  1.32161196634004896033
                 -1.56163254517446148384
                  1.02662215700865955270
