     0.00531264     0.00531249     0.00000015
    -0.00273025    -0.00276376     0.00003351
     0.02927692     0.02928798    -0.00001106
    -0.00311614    -0.00313767     0.00002153
    -0.01176101    -0.01180082     0.00003981
     0.01535231     0.01539519    -0.00004288
    -0.01062303    -0.01052076    -0.00010226
    -0.00145638    -0.00135552    -0.00010086
    -0.01227549    -0.01229070     0.00001520
    -0.02963285    -0.02963663     0.00000379
     0.01102094     0.01103422    -0.00001329
    -0.00089036    -0.00096629     0.00007593
    -0.00872650    -0.00867273    -0.00005377
     0.00711866     0.00708022     0.00003844
    -0.00382908    -0.00378921    -0.00003986
    -0.04102963    -0.04104130     0.00001167
    -0.00328986    -0.00328308    -0.00000678
    -0.02874611    -0.02870005    -0.00004606
     0.03531197     0.03535863    -0.00004665
     0.00210086     0.00207183     0.00002903
    -0.01751698    -0.01751493    -0.00000205
     0.03544819     0.03541276     0.00003543
    -0.00078418    -0.00089239     0.00010821
     0.01891287     0.01891034     0.00000252
    -0.00073841    -0.00072641    -0.00001200
     0.02068797     0.02072665    -0.00003868
     0.01717814     0.01710495     0.00007319
    -0.00566029    -0.00568344     0.00002315
     0.02794658     0.02790429     0.00004229
    -0.01975288    -0.01977053     0.00001765
     0.01716524     0.01718884    -0.00002360
     0.03134839     0.03125541     0.00009298
     0.02801409     0.02801389     0.00000020
     0.03089431     0.03091925    -0.00002494
    -0.00110470    -0.00118053     0.00007583
    -0.00131426    -0.00129646    -0.00001780
    -0.03007884    -0.03003606    -0.00004278
     0.03733027     0.03734750    -0.00001724
     0.01623020     0.01614243     0.00008777
    -0.00101852    -0.00104840     0.00002988
     0.02410553     0.02410992    -0.00000439
     0.03053202     0.03049423     0.00003778
     0.01981770     0.01988492    -0.00006722
    -0.02353428    -0.02358439     0.00005011
    -0.01563893    -0.01567594     0.00003702
     0.01989642     0.02001799    -0.00012157
     0.00956943     0.00953839     0.00003104
    -0.00020809    -0.00010943    -0.00009865
    -0.00045585    -0.00048028     0.00002443
     0.01835979     0.01835095     0.00000884
     0.03818049     0.03827610    -0.00009562
     0.02802533     0.02788865     0.00013669
    -0.00226780    -0.00224999    -0.00001781
     0.00401580     0.00417886    -0.00016306
     0.00008727     0.00014159    -0.00005432
     0.02768963     0.02779778    -0.00010816
     0.01845544     0.01848468    -0.00002924
    -0.00177960    -0.00171089    -0.00006871
    -0.00047987    -0.00048616     0.00000629
     0.03618859     0.03623344    -0.00004486
     0.01391071     0.01389955     0.00001116
    -0.00045495    -0.00049317     0.00003822
     0.03093439     0.03099650    -0.00006211
     0.00341663     0.00343857    -0.00002194
    -0.00227912    -0.00222092    -0.00005819
    -0.02605743    -0.02615536     0.00009793
     0.00011415     0.00010567     0.00000848
    -0.00929130    -0.00929203     0.00000073
     0.01184016     0.01184372    -0.00000356
    -0.00981833    -0.00983046     0.00001213
    -0.00077868    -0.00087381     0.00009513
    -0.01099079    -0.01092142    -0.00006936
    -0.01833718    -0.01827971    -0.00005747
     0.01628430     0.01642186    -0.00013756
    -0.00988884    -0.00978233    -0.00010650
    -0.00516638    -0.00512497    -0.00004141
    -0.01654599    -0.01660066     0.00005467
     0.00707874     0.00706935     0.00000939
     0.02743479     0.02744400    -0.00000921
     0.00569488     0.00559888     0.00009600
     0.01915045     0.01912514     0.00002531
    -0.02305705    -0.02310997     0.00005292
     0.00002095     0.00006612    -0.00004517
     0.00194281     0.00194798    -0.00000517
     0.02851832     0.02856382    -0.00004550
     0.02128456     0.02139202    -0.00010746
     0.01741180     0.01739374     0.00001806
    -0.00131660    -0.00123323    -0.00008337
     0.00565978     0.00571992    -0.00006014
    -0.01162797    -0.01157787    -0.00005010
     0.03700406     0.03697827     0.00002579
    -0.00435067    -0.00431546    -0.00003521
    -0.01360058    -0.01368999     0.00008941
    -0.00077019    -0.00077419     0.00000400
     0.01701240     0.01710253    -0.00009013
    -0.00161478    -0.00167639     0.00006161
    -0.01630294    -0.01632825     0.00002531
    -0.00085411    -0.00091710     0.00006299
    -0.03426218    -0.03429190     0.00002971
    -0.00238682    -0.00233571    -0.00005111
    -0.01491195    -0.01492633     0.00001438
    -0.00948066    -0.00948131     0.00000064
    -0.00948075    -0.00948131     0.00000056
    -0.01238088    -0.01238095     0.00000006
    -0.00947258    -0.00950042     0.00002784
    -0.00611562    -0.00612100     0.00000538
    -0.00893981    -0.00894147     0.00000166
    -0.00605636    -0.00606565     0.00000930
    -0.00605636    -0.00606565     0.00000930
    -0.00890378    -0.00888026    -0.00002353
    -0.00528015    -0.00529015     0.00000999
    -0.01699286    -0.01700015     0.00000729
    -0.01132595    -0.01132828     0.00000232
    -0.00406870    -0.00407017     0.00000147
    -0.01626299    -0.01627795     0.00001496
    -0.00653737    -0.00654237     0.00000500
    -0.00841934    -0.00842190     0.00000256
    -0.00841950    -0.00842190     0.00000240
    -0.01661244    -0.01662418     0.00001173
    -0.01322699    -0.01323898     0.00001199
    -0.00473304    -0.00474763     0.00001459
    -0.00791900    -0.00792242     0.00000342
    -0.00574528    -0.00574892     0.00000365
    -0.00941076    -0.00940146    -0.00000930
    -0.00743848    -0.00744282     0.00000434
    -0.01094850    -0.01097987     0.00003137
    -0.01383326    -0.01384108     0.00000782
    -0.01649489    -0.01650032     0.00000543
    -0.01518466    -0.01520183     0.00001717
    -0.01535816    -0.01537549     0.00001733
    -0.00579137    -0.00579561     0.00000424
    -0.01134054    -0.01135208     0.00001154
    -0.01189154    -0.01191414     0.00002261
    -0.00492151    -0.00493678     0.00001527
    -0.01772961    -0.01773154     0.00000193
    -0.01122415    -0.01122834     0.00000418
    -0.00510170    -0.00511199     0.00001029
    -0.01057690    -0.01059656     0.00001966
    -0.00516861    -0.00518359     0.00001498
    -0.01001722    -0.01002286     0.00000564
    -0.00606621    -0.00608355     0.00001734
    -0.00574694    -0.00574684    -0.00000009
    -0.01028207    -0.01030193     0.00001987
    -0.01094752    -0.01097412     0.00002660
    -0.00702688    -0.00702943     0.00000255
    -0.00556495    -0.00556776     0.00000281
    -0.01551645    -0.01553979     0.00002334
    -0.00723017    -0.00724495     0.00001477
    -0.01325404    -0.01327934     0.00002530
    -0.00876667    -0.00877571     0.00000905
    -0.00876694    -0.00877571     0.00000877
    -0.01221682    -0.01223753     0.00002071
    -0.01221682    -0.01223753     0.00002071
    -0.01083484    -0.01085123     0.00001639
    -0.01671179    -0.01671176    -0.00000003
    -0.01037418    -0.01038337     0.00000920
    -0.01394788    -0.01397426     0.00002638
    -0.01084537    -0.01086224     0.00001687
    -0.01481480    -0.01482451     0.00000970
    -0.00599236    -0.00599322     0.00000086
    -0.00944453    -0.00946121     0.00001669
    -0.00794532    -0.00796130     0.00001598
    -0.00832358    -0.00833975     0.00001617
    -0.01048574    -0.01049253     0.00000678
    -0.01510531    -0.01512724     0.00002192
    -0.00617538    -0.00616890    -0.00000648
    -0.00801764    -0.00802137     0.00000372
    -0.00795430    -0.00796339     0.00000909
    -0.01022517    -0.01023430     0.00000914
    -0.00646311    -0.00645870    -0.00000441
    -0.00654739    -0.00654497    -0.00000241
    -0.01583284    -0.01583842     0.00000558
    -0.00655792    -0.00655655    -0.00000136
    -0.00782316    -0.00782521     0.00000205
    -0.00793721    -0.00793912     0.00000191
    -0.01029507    -0.01030389     0.00000881
    -0.00672086    -0.00671666    -0.00000420
    -0.01526687    -0.01528049     0.00001362
    -0.01532254    -0.01532853     0.00000598
    -0.01229566    -0.01230747     0.00001182
    -0.00798447    -0.00798230    -0.00000218
    -0.00851882    -0.00852000     0.00000118
    -0.00949332    -0.00949995     0.00000663
    -0.00744512    -0.00744169    -0.00000343
    -0.01374238    -0.01375050     0.00000812
    -0.00903168    -0.00904121     0.00000954
    -0.00771429    -0.00770597    -0.00000832
    -0.00846625    -0.00846634     0.00000009
    -0.01109977    -0.01110665     0.00000688
    -0.00888648    -0.00888843     0.00000196
    -0.01445376    -0.01445923     0.00000547
    -0.00780847    -0.00780401    -0.00000446
    -0.01073367    -0.01073686     0.00000319
    -0.01395838    -0.01396119     0.00000281
    -0.00837104    -0.00835973    -0.00001131
    -0.00840990    -0.00840108    -0.00000881
    -0.01119615    -0.01119950     0.00000335
    -0.00865929    -0.00865335    -0.00000594
    -0.01145975    -0.01145926    -0.00000048
    -0.01107365    -0.01107277    -0.00000087
    -0.04466303    -0.04462293    -0.00004009
    -0.02817649    -0.02815926    -0.00001723
     0.02655747     0.02653698     0.00002048
     0.01874320     0.01873095     0.00001225
    -0.02794003    -0.02792972    -0.00001031
    -0.02729327    -0.02733121     0.00003795
     0.01692747     0.01697908    -0.00005161
     0.01982537     0.01980047     0.00002490
    -0.03040682    -0.03036457    -0.00004225
    -0.02884540    -0.02884023    -0.00000518
    -0.03278504    -0.03280836     0.00002332
     0.03381793     0.03364500     0.00017293
    -0.04561126    -0.04567669     0.00006543
    -0.02964504    -0.02963688    -0.00000815
    -0.03734385    -0.03730494    -0.00003891
    -0.03329574    -0.03332990     0.00003415
    -0.03156796    -0.03157075     0.00000279
    -0.03295288    -0.03297593     0.00002305
    -0.03295302    -0.03297593     0.00002292
    -0.03367485    -0.03366106    -0.00001379
    -0.04733968    -0.04713875    -0.00020092
    -0.03038407    -0.03042342     0.00003935
    -0.02764584    -0.02761634    -0.00002950
    -0.01893366    -0.01889828    -0.00003537
    -0.03582825    -0.03590177     0.00007352
    -0.02860390    -0.02857706    -0.00002684
     0.04762423     0.04776645    -0.00014222
    -0.04571766    -0.04577832     0.00006066
     0.04791702     0.04792522    -0.00000820
     0.02703329     0.02712086    -0.00008758
    -0.04021418    -0.04020418    -0.00001000
     0.01212964     0.01195883     0.00017081
    -0.03870077    -0.03873971     0.00003894
     0.01995441     0.01999550    -0.00004109
     0.02289427     0.02293408    -0.00003981
    -0.00944902    -0.00947326     0.00002424
    -0.03670095    -0.03666838    -0.00003257
    -0.03784497    -0.03794021     0.00009524
    -0.03984838    -0.03991881     0.00007043
    -0.03261200    -0.03264072     0.00002871
    -0.04569045    -0.04569110     0.00000065
     0.05745499     0.05737128     0.00008371
    -0.03164388    -0.03163930    -0.00000458
    -0.02917101    -0.02911646    -0.00005456
    -0.04455347    -0.04461198     0.00005850
    -0.04656203    -0.04655800    -0.00000403
    -0.00321511    -0.00323389     0.00001878
    -0.02522713    -0.02529786     0.00007073
    -0.04109616    -0.04109663     0.00000047
    -0.00952545    -0.00951390    -0.00001156
     0.02744992     0.02738135     0.00006857
    -0.03406988    -0.03413502     0.00006514
     0.02124662     0.02124912    -0.00000249
     0.02469017     0.02476516    -0.00007499
    -0.04141734    -0.04148640     0.00006907
     0.03698800     0.03699240    -0.00000440
    -0.03181487    -0.03182136     0.00000649
    -0.03495697    -0.03491821    -0.00003876
     0.01749151     0.01748292     0.00000859
    -0.02052354    -0.02054415     0.00002061
    -0.02334712    -0.02333334    -0.00001379
    -0.04418430    -0.04417189    -0.00001241
    -0.03969170    -0.03971062     0.00001892
     0.04562843     0.04557539     0.00005304
    -0.03328924    -0.03328097    -0.00000827
     0.02508060     0.02507536     0.00000523
    -0.04850982    -0.04850842    -0.00000140
    -0.02999770    -0.03005248     0.00005478
     0.02030190     0.02026916     0.00003274
    -0.04089224    -0.04094541     0.00005317
    -0.04692900    -0.04686766    -0.00006134
    -0.04434808    -0.04440038     0.00005229
    -0.03643199    -0.03644134     0.00000935
    -0.02933287    -0.02941812     0.00008525
    -0.04693110    -0.04692000    -0.00001110
    -0.01634485    -0.01635706     0.00001221
    -0.03256680    -0.03252172    -0.00004508
    -0.03018575    -0.03023684     0.00005108
    -0.04165663    -0.04163422    -0.00002242
    -0.02619991    -0.02619773    -0.00000218
    -0.05612806    -0.05614519     0.00001713
    -0.02532849    -0.02529934    -0.00002915
    -0.02619115    -0.02627448     0.00008333
    -0.04255039    -0.04268770     0.00013731
    -0.04178006    -0.04175898    -0.00002109
    -0.02783126    -0.02775867    -0.00007259
    -0.02366144    -0.02368649     0.00002505
    -0.03205501    -0.03221869     0.00016368
    -0.03195262    -0.03191465    -0.00003796
    -0.04454477    -0.04455824     0.00001348
    -0.03807393    -0.03804602    -0.00002790
    -0.03255078    -0.03256809     0.00001732
    -0.04793903    -0.04792702    -0.00001202
    -0.03361874    -0.03351607    -0.00010267
    -0.02949703    -0.02955736     0.00006033
    -0.02884363    -0.02885280     0.00000917
    -0.04308466    -0.04282501    -0.00025965
    -0.04598460    -0.04593697    -0.00004764
    -0.03403181    -0.03407191     0.00004010
    -0.04133355    -0.04140077     0.00006722
     0.00673204     0.00673832    -0.00000628
    -0.03240177    -0.03235729    -0.00004448
    -0.00459576    -0.00462771     0.00003195
    -0.02942218    -0.02941725    -0.00000493
    -0.00799294    -0.00799432     0.00000138
     0.00937889     0.00933459     0.00004431
    -0.01228926    -0.01226825    -0.00002101
     0.01252056     0.01253107    -0.00001051
     0.00014985     0.00028148    -0.00013162
     0.00709382     0.00710138    -0.00000756
    -0.00314640    -0.00316186     0.00001546
     0.00373316     0.00372236     0.00001080
    -0.00396731    -0.00401658     0.00004927
     0.01626841     0.01625264     0.00001577
     0.00382331     0.00375663     0.00006667
     0.00349620     0.00356154    -0.00006534
    -0.01208986    -0.01207741    -0.00001244
    -0.00825343    -0.00825686     0.00000343
    -0.01818344    -0.01817916    -0.00000428
     0.02201831     0.02215473    -0.00013642
     0.01665995     0.01668713    -0.00002718
     0.00082304     0.00075368     0.00006935
     0.00243776     0.00241139     0.00002637
    -0.01188844    -0.01188295    -0.00000549
     0.00263273     0.00260604     0.00002669
    -0.00850927    -0.00851463     0.00000536
    -0.00849270    -0.00853472     0.00004202
     0.01542254     0.01533252     0.00009003
    -0.00460509    -0.00450131    -0.00010378
     0.00166760     0.00159070     0.00007690
    -0.01168443    -0.01168488     0.00000045
     0.01959133     0.01976032    -0.00016900
    -0.00876038    -0.00876776     0.00000738
    -0.03570547    -0.03571783     0.00001236
     0.00524521     0.00521607     0.00002914
    -0.01147768    -0.01148320     0.00000551
    -0.03427456    -0.03431294     0.00003837
     0.00124054     0.00124738    -0.00000684
    -0.03876126    -0.03874968    -0.00001158
    -0.00900710    -0.00901639     0.00000928
    -0.01377590    -0.01376146    -0.00001444
    -0.01126889    -0.01127790     0.00000901
     0.00877611     0.00881140    -0.00003529
    -0.00924940    -0.00926063     0.00001124
    -0.01105707    -0.01106895     0.00001187
    -0.00948769    -0.00950062     0.00001293
     0.01306304     0.01317421    -0.00011116
    -0.01084246    -0.01085633     0.00001388
     0.00592958     0.00587530     0.00005428
    -0.00972222    -0.00973644     0.00001422
    -0.00381474    -0.00383852     0.00002378
     0.01197818     0.01194360     0.00003458
    -0.01062518    -0.01064001     0.00001483
    -0.00995360    -0.00996821     0.00001461
     0.00723020     0.00727148    -0.00004128
    -0.01040463    -0.01041992     0.00001529
    -0.01018068    -0.01019601     0.00001533
     0.01745551     0.01749281    -0.00003730
     0.01202384     0.01212612    -0.00010227
     0.00590977     0.00586032     0.00004945
     0.00300147     0.00300082     0.00000065
     0.01203551     0.01215876    -0.00012325
     0.00696658     0.00700085    -0.00003427
     0.00565953     0.00569121    -0.00003168
     0.00582389     0.00582991    -0.00000602
    -0.00566283    -0.00571854     0.00005571
     0.01290941     0.01286843     0.00004098
     0.00336221     0.00342860    -0.00006639
     0.01013243     0.01009880     0.00003363
     0.01801429     0.01800421     0.00001008
     0.00662303     0.00669859    -0.00007555
    -0.00069756    -0.00069135    -0.00000621
    -0.03237472    -0.03237331    -0.00000141
     0.00257958     0.00253227     0.00004732
     0.00048031     0.00045118     0.00002913
     0.00232157     0.00221109     0.00011047
     0.01312528     0.01306312     0.00006215
     0.01349320     0.01353002    -0.00003682
    -0.00049677    -0.00053018     0.00003341
     0.00805579     0.00807822    -0.00002243
     0.00842296     0.00839314     0.00002982
     0.00241939     0.00242061    -0.00000122
     0.01749698     0.01748129     0.00001568
     0.00332471     0.00332567    -0.00000095
    -0.00069661    -0.00062938    -0.00006724
     0.00000533    -0.00001687     0.00002220
     0.00379457     0.00379722    -0.00000265
    -0.00219212    -0.00225687     0.00006474
     0.00105735     0.00108569    -0.00002833
     0.00509046     0.00501650     0.00007396
     0.01898332     0.01903873    -0.00005541
    -0.00160947    -0.00159880    -0.00001068
     0.01104012     0.01101647     0.00002366
     0.01791775     0.01782716     0.00009058
     0.00262848     0.00262022     0.00000826
     0.00909783     0.00907309     0.00002473
     0.01672994     0.01676583    -0.00003589
     0.00408712     0.00412085    -0.00003372
     0.01786917     0.01783982     0.00002935
     0.00539392     0.00540266    -0.00000874
     0.01298506     0.01294436     0.00004069
    -0.01722821    -0.01717564    -0.00005257
     0.00038975     0.00040423    -0.00001448
    -0.00454144    -0.00452691    -0.00001453
    -0.00357786    -0.00360474     0.00002688
     0.05068028     0.05067828     0.00000200
     0.00962842     0.00959914     0.00002928
    -0.02451174    -0.02452930     0.00001755
    -0.00246312    -0.00247025     0.00000713
    -0.00246285    -0.00247025     0.00000740
    -0.00246285    -0.00247025     0.00000740
    -0.00246285    -0.00247025     0.00000740
    -0.00246285    -0.00247025     0.00000740
    -0.00246285    -0.00247025     0.00000740
    -0.00246285    -0.00247025     0.00000740
    -0.00246285    -0.00247025     0.00000740
    -0.00246285    -0.00247025     0.00000740
    -0.00246285    -0.00247025     0.00000740
    -0.00246285    -0.00247025     0.00000740
    -0.00246285    -0.00247025     0.00000740
     0.01108459     0.01105479     0.00002979
    -0.01055323    -0.01049995    -0.00005328
    -0.00995700    -0.00996959     0.00001259
     0.01561406     0.01555601     0.00005804
    -0.00514467    -0.00515742     0.00001275
     0.01063127     0.01055672     0.00007455
    -0.01532257    -0.01539661     0.00007404
    -0.02251345    -0.02243446    -0.00007899
    -0.01213296    -0.01197940    -0.00015355
     0.00619568     0.00608735     0.00010833
     0.01357655     0.01357744    -0.00000089
     0.00314735     0.00313909     0.00000826
    -0.03366617    -0.03380160     0.00013543
    -0.01145455    -0.01142366    -0.00003089
    -0.00492668    -0.00492071    -0.00000596
     0.01094809     0.01099446    -0.00004637
    -0.00341500    -0.00343727     0.00002227
     0.01531424     0.01532563    -0.00001139
     0.00042722     0.00042229     0.00000493
    -0.00381071    -0.00381621     0.00000551
    -0.00778308    -0.00777689    -0.00000619
    -0.01703961    -0.01704872     0.00000912
    -0.01703961    -0.01704872     0.00000912
     0.03297130     0.03297470    -0.00000340
    -0.03286452    -0.03289756     0.00003304
    -0.01247204    -0.01235132    -0.00012072
    -0.00728386    -0.00728149    -0.00000237
    -0.01445572    -0.01446267     0.00000695
     0.00902841     0.00901029     0.00001812
     0.01049875     0.01055359    -0.00005484
    -0.02247856    -0.02248979     0.00001122
    -0.00089955    -0.00092138     0.00002183
    -0.00676149    -0.00674773    -0.00001376
    -0.02089843    -0.02088400    -0.00001442
    -0.02089815    -0.02088400    -0.00001415
    -0.02334906    -0.02334704    -0.00000201
     0.00622109     0.00621285     0.00000824
    -0.01238270    -0.01228557    -0.00009713
    -0.01663960    -0.01666688     0.00002728
    -0.01835503    -0.01838728     0.00003225
    -0.01513236    -0.01512552    -0.00000684
    -0.01513236    -0.01512552    -0.00000684
    -0.00244478    -0.00238970    -0.00005508
    -0.01331663    -0.01342887     0.00011224
    -0.00814437    -0.00808817    -0.00005620
    -0.02039692    -0.02045646     0.00005954
    -0.01362651    -0.01363294     0.00000643
    -0.00027421    -0.00034231     0.00006810
    -0.00605170    -0.00607365     0.00002195
    -0.00944426    -0.00943077    -0.00001348
    -0.00976045    -0.00981772     0.00005727
     0.00832649     0.00829638     0.00003011
    -0.00687790    -0.00686344    -0.00001446
    -0.00558084    -0.00567112     0.00009028
    -0.01876799    -0.01876727    -0.00000072
    -0.01876799    -0.01876727    -0.00000072
    -0.01706810    -0.01712949     0.00006140
    -0.00777925    -0.00783582     0.00005658
     0.00883554     0.00884823    -0.00001269
    -0.01675538    -0.01677045     0.00001507
    -0.00697896    -0.00695556    -0.00002340
    -0.00841232    -0.00834978    -0.00006254
     0.00321971     0.00331366    -0.00009396
    -0.01956673    -0.01965573     0.00008900
    -0.01737265    -0.01737609     0.00000344
    -0.01737265    -0.01737609     0.00000344
    -0.00853417    -0.00852348    -0.00001069
    -0.01267536    -0.01265675    -0.00001862
     0.00626295     0.00628637    -0.00002342
    -0.00656624    -0.00652574    -0.00004050
    -0.01199434    -0.01196911    -0.00002524
    -0.00779095    -0.00777708    -0.00001387
     0.01120766     0.01122289    -0.00001522
    -0.05506420    -0.05507027     0.00000607
     0.00725015     0.00727244    -0.00002230
    -0.01556230    -0.01561007     0.00004776
    -0.00645808    -0.00646476     0.00000668
     0.00016169     0.00021786    -0.00005617
     0.00454958     0.00460738    -0.00005779
    -0.01105008    -0.01107264     0.00002256
    -0.00466839    -0.00465385    -0.00001454
    -0.00472790    -0.00469077    -0.00003713
    -0.00437676    -0.00435276    -0.00002400
    -0.00437676    -0.00435276    -0.00002400
    -0.00451513    -0.00449586    -0.00001927
    -0.01159728    -0.01158751    -0.00000976
    -0.00442193    -0.00440113    -0.00002080
    -0.02008306    -0.02009824     0.00001518
    -0.02086917    -0.02086278    -0.00000640
    -0.01790117    -0.01790899     0.00000782
    -0.00488872    -0.00487357    -0.00001514
    -0.01494781    -0.01498534     0.00003753
    -0.00259395    -0.00266170     0.00006775
    -0.00387234    -0.00384656    -0.00002578
    -0.00387234    -0.00384656    -0.00002578
    -0.01878448    -0.01880873     0.00002425
    -0.01955002    -0.01955106     0.00000104
    -0.02261840    -0.02260334    -0.00001507
    -0.02261827    -0.02260334    -0.00001493
    -0.01615437    -0.01616922     0.00001486
    -0.01615437    -0.01616922     0.00001486
    -0.01833383    -0.01835693     0.00002309
    -0.02123111    -0.02122701    -0.00000410
    -0.02238142    -0.02242717     0.00004575
    -0.01825525    -0.01826790     0.00001265
    -0.01680654    -0.01680999     0.00000345
    -0.00501898    -0.00503558     0.00001660
    -0.01901262    -0.01903414     0.00002151
    -0.01984469    -0.01985918     0.00001449
    -0.01552157    -0.01555744     0.00003587
     0.00354464     0.00358060    -0.00003597
    -0.01665832    -0.01666499     0.00000667
    -0.01665832    -0.01666499     0.00000667
    -0.02007542    -0.02008899     0.00001358
    -0.01955642    -0.01957386     0.00001744
    -0.01960423    -0.01962048     0.00001626
    -0.01633146    -0.01635703     0.00002557
    -0.01958771    -0.01960554     0.00001783
    -0.01921782    -0.01922524     0.00000742
    -0.02346743    -0.02346941     0.00000199
    -0.01837188    -0.01838468     0.00001281
    -0.02049787    -0.02048656    -0.00001132
    -0.01994499    -0.01995137     0.00000638
    -0.01780202    -0.01780674     0.00000473
    -0.01667908    -0.01668573     0.00000665
     0.00587948     0.00585020     0.00002928
    -0.00041693    -0.00043700     0.00002007
    -0.00176719    -0.00174202    -0.00002517
    -0.01698918    -0.01701717     0.00002799
    -0.00021190    -0.00016945    -0.00004244
    -0.01652028    -0.01653166     0.00001138
    -0.01652001    -0.01653166     0.00001165
    -0.02208784    -0.02207559    -0.00001224
    -0.00060020    -0.00062779     0.00002759
    -0.01728152    -0.01728444     0.00000292
    -0.02283139    -0.02283873     0.00000734
    -0.02283133    -0.02283873     0.00000739
    -0.01902623    -0.01904626     0.00002003
    -0.01769121    -0.01769028    -0.00000093
    -0.02254512    -0.02257209     0.00002696
    -0.01260559    -0.01259615    -0.00000945
    -0.02156747    -0.02155360    -0.00001387
    -0.01758898    -0.01759465     0.00000567
    -0.01758871    -0.01759465     0.00000594
    -0.01211786    -0.01207152    -0.00004634
    -0.01764653    -0.01764523    -0.00000130
    -0.01778680    -0.01778540    -0.00000141
    -0.01851114    -0.01852075     0.00000961
    -0.01846034    -0.01846778     0.00000744
    -0.00105488    -0.00109885     0.00004397
    -0.01861033    -0.01860498    -0.00000535
    -0.01860984    -0.01860498    -0.00000486
    -0.02054906    -0.02053696    -0.00001210
    -0.02054881    -0.02053696    -0.00001185
    -0.02163088    -0.02161648    -0.00001439
    -0.00593682    -0.00591820    -0.00001862
    -0.01831811    -0.01832777     0.00000967
    -0.01956305    -0.01955396    -0.00000910
    -0.01956267    -0.01955396    -0.00000872
    -0.01855942    -0.01856484     0.00000542
    -0.01855915    -0.01856484     0.00000569
    -0.02022108    -0.02021185    -0.00000923
    -0.02170693    -0.02171321     0.00000628
    -0.02170690    -0.02171321     0.00000631
    -0.01804988    -0.01804967    -0.00000022
    -0.00769250    -0.00772965     0.00003715
    -0.01365944    -0.01365139    -0.00000805
    -0.01846401    -0.01846947     0.00000545
    -0.01846401    -0.01846947     0.00000545
    -0.00390807    -0.00385171    -0.00005636
    -0.01956980    -0.01957516     0.00000536
    -0.01956978    -0.01957516     0.00000538
    -0.02061924    -0.02062493     0.00000569
    -0.02061921    -0.02062493     0.00000572
    -0.01964885    -0.01965388     0.00000503
    -0.02082558    -0.02081489    -0.00001069
    -0.01991182    -0.01990549    -0.00000634
    -0.01708921    -0.01709214     0.00000293
    -0.01475861    -0.01475292    -0.00000569
    -0.01590239    -0.01590013    -0.00000226
     0.03377948     0.03374594     0.00003354
    -0.03780565    -0.03783587     0.00003022
     0.03503047     0.03501391     0.00001656
     0.03562354     0.03561725     0.00000630
    -0.01807519    -0.01798816    -0.00008703
     0.03526136     0.03522425     0.00003711
     0.03673434     0.03669520     0.00003914
    -0.03394400    -0.03399717     0.00005317
    -0.03444613    -0.03440776    -0.00003837
    -0.04435298    -0.04430797    -0.00004501
     0.02588195     0.02576797     0.00011398
    -0.01718434    -0.01724361     0.00005926
     0.04584670     0.04580384     0.00004285
     0.04116038     0.04115931     0.00000107
     0.03248041     0.03252162    -0.00004121
     0.03499746     0.03507274    -0.00007528
    -0.03695214    -0.03696821     0.00001607
     0.02194114     0.02184767     0.00009347
     0.02899809     0.02895202     0.00004607
    -0.03251785    -0.03249852    -0.00001934
    -0.03397480    -0.03396719    -0.00000762
     0.02676267     0.02678337    -0.00002070
     0.03743669     0.03741651     0.00002018
    -0.01967726    -0.01971201     0.00003475
    -0.04233945    -0.04228097    -0.00005848
    -0.03510291    -0.03508482    -0.00001809
     0.03808819     0.03807890     0.00000928
     0.02310502     0.02302004     0.00008499
     0.03383066     0.03388321    -0.00005255
     0.04489479     0.04486371     0.00003107
    -0.03547684    -0.03554492     0.00006807
     0.03311550     0.03311203     0.00000347
    -0.03592861    -0.03598140     0.00005279
     0.02803951     0.02805881    -0.00001930
    -0.03929841    -0.03931021     0.00001180
     0.02428159     0.02420618     0.00007541
     0.03265075     0.03268185    -0.00003110
     0.04392046     0.04389857     0.00002188
     0.04178953     0.04188714    -0.00009760
     0.02725084     0.02727283    -0.00002198
     0.03960408     0.03956610     0.00003797
     0.02546822     0.02540375     0.00006448
    -0.03915011    -0.03924514     0.00009503
     0.03146085     0.03147200    -0.00001114
     0.03255097     0.03258466    -0.00003369
     0.02666272     0.02661026     0.00005247
     0.02930002     0.02931750    -0.00001748
    -0.03558376    -0.03563327     0.00004951
     0.03026393     0.03025689     0.00000705
     0.02786177     0.02782311     0.00003865
     0.02906337     0.02903960     0.00002376
     0.04292354     0.04290893     0.00001461
    -0.03206339    -0.03205522    -0.00000817
     0.03938309     0.03943604    -0.00005294
    -0.02966025    -0.02969713     0.00003688
     0.03054304     0.03055888    -0.00001584
     0.03288602     0.03292533    -0.00003931
     0.03626197     0.03629399    -0.00003201
     0.04190426     0.04189530     0.00000896
     0.02635880     0.02637116    -0.00001236
    -0.04742732    -0.04728891    -0.00013842
    -0.03796862    -0.03796036    -0.00000826
     0.03176829     0.03178238    -0.00001409
     0.04086258     0.04085821     0.00000437
     0.03297498     0.03298741    -0.00001243
     0.03437416     0.03452820    -0.00015405
    -0.04795147    -0.04781469    -0.00013677
     0.03979905     0.03979820     0.00000085
     0.02425329     0.02415323     0.00010006
    -0.04660742    -0.04657011    -0.00003731
     0.03416281     0.03417341    -0.00001060
     0.03871364     0.03871580    -0.00000216
    -0.03434744    -0.03429895    -0.00004848
     0.03533088     0.03533981    -0.00000893
     0.03760682     0.03761157    -0.00000475
     0.03647929     0.03648605    -0.00000677
    -0.04378470    -0.04381484     0.00003014
     0.03002556     0.02996509     0.00006047
     0.02714268     0.02716442    -0.00002174
     0.03651635     0.03648168     0.00003467
    -0.03221238    -0.03222443     0.00001205
     0.03045659     0.03054923    -0.00009264
     0.04490611     0.04480279     0.00010332
     0.03938062     0.03940805    -0.00002743
     0.03659915     0.03647559     0.00012356
    -0.03702362    -0.03700316    -0.00002047
    -0.03818362    -0.03817713    -0.00000649
    -0.03566161    -0.03568383     0.00002222
    -0.04568533    -0.04576156     0.00007623
    -0.03484851    -0.03485100     0.00000250
     0.04146887     0.04139284     0.00007604
    -0.03900845    -0.03898217    -0.00002628
     0.03772959     0.03776643    -0.00003683
    -0.03719258    -0.03718046    -0.00001212
    -0.03806451    -0.03803234    -0.00003217
    -0.03719318    -0.03718409    -0.00000909
     0.03749073     0.03744468     0.00004605
     0.04018376     0.04015740     0.00002636
     0.03565268     0.03572745    -0.00007476
     0.04610210     0.04603358     0.00006853
    -0.01728748    -0.01730887     0.00002140
    -0.00419197    -0.00415450    -0.00003747
    -0.02415280    -0.02416478     0.00001198
     0.01554867     0.01565118    -0.00010252
    -0.06052406    -0.06052232    -0.00000174
     0.00945688     0.00965752    -0.00020064
     0.00107719     0.00104527     0.00003192
    -0.03088201    -0.03089755     0.00001554
    -0.00264280    -0.00265604     0.00001324
    -0.00817686    -0.00815954    -0.00001732
    -0.00795533    -0.00798743     0.00003210
     0.01732097     0.01731133     0.00000964
    -0.00852312    -0.00857870     0.00005557
    -0.02377413    -0.02389247     0.00011834
     0.00057827     0.00049468     0.00008359
     0.00362287     0.00383249    -0.00020962
    -0.01407177    -0.01407212     0.00000035
    -0.00066578    -0.00071379     0.00004801
    -0.01548619    -0.01563513     0.00014893
    -0.00831030    -0.00826484    -0.00004546
    -0.01048746    -0.01055001     0.00006255
    -0.00784700    -0.00788625     0.00003925
     0.01194313     0.01198776    -0.00004463
    -0.01701071    -0.01709490     0.00008419
     0.01771992     0.01771910     0.00000082
    -0.01402820    -0.01420378     0.00017558
     0.00254375     0.00259465    -0.00005090
    -0.01164364    -0.01169993     0.00005629
    -0.01992652    -0.02012917     0.00020265
     0.00902762     0.00899825     0.00002937
    -0.01628035    -0.01620467    -0.00007569
    -0.00123281    -0.00127046     0.00003765
     0.02818177     0.02822261    -0.00004084
     0.01616340     0.01605352     0.00010988
    -0.01649824    -0.01671159     0.00021335
     0.02778438     0.02837968    -0.00059530
    -0.03239371    -0.03211767    -0.00027604
     0.01969873     0.01963211     0.00006662
     0.00431328     0.00419489     0.00011839
     0.01246973     0.01245324     0.00001649
     0.02840741     0.02835131     0.00005610
    -0.00650883    -0.00647701    -0.00003182
    -0.00405031    -0.00403412    -0.00001618
    -0.01654798    -0.01649431    -0.00005367
    -0.01415583    -0.01411706    -0.00003877
    -0.02600962    -0.02602399     0.00001437
    -0.01367603    -0.01363313    -0.00004290
    -0.01851661    -0.01847175    -0.00004486
     0.00038322     0.00034053     0.00004268
     0.00362994     0.00354485     0.00008509
    -0.02020739    -0.02025479     0.00004740
     0.00372611     0.00366220     0.00006391
    -0.01057728    -0.01056426    -0.00001302
    -0.01095533    -0.01096247     0.00000713
     0.02730608     0.02734084    -0.00003476
    -0.02147367    -0.02145589    -0.00001778
    -0.01733183    -0.01731971    -0.00001212
     0.00005508     0.00000535     0.00004972
     0.00941917     0.00936991     0.00004926
    -0.01970752    -0.01965087    -0.00005665
    -0.00461821    -0.00466890     0.00005069
    -0.01054773    -0.01056725     0.00001952
    -0.00045536    -0.00041806    -0.00003730
    -0.01375873    -0.01370329    -0.00005544
     0.00240810     0.00236416     0.00004393
    -0.01610688    -0.01604073    -0.00006615
    -0.00367697    -0.00375966     0.00008270
    -0.02699193    -0.02699535     0.00000342
     0.01642659     0.01532765     0.00109894
     0.02332380     0.02334994    -0.00002613
    -0.01398649    -0.01408306     0.00009657
     0.01330242     0.01331031    -0.00000789
    -0.00966045    -0.00965363    -0.00000682
    -0.00610093    -0.00610124     0.00000031
     0.00206583     0.00204950     0.00001633
     0.01932487     0.01931065     0.00001422
    -0.02683851    -0.02685316     0.00001466
    -0.00373555    -0.00374266     0.00000711
    -0.00003586     0.00000737    -0.00004323
    -0.02179814    -0.02180439     0.00000624
    -0.01294859    -0.01298734     0.00003874
    -0.05618381    -0.05616320    -0.00002061
    -0.00339261    -0.00329672    -0.00009588
     0.00048142     0.00053548    -0.00005405
    -0.00932289    -0.00932353     0.00000064
    -0.01279406    -0.01273877    -0.00005529
     0.00169796     0.00172602    -0.00002806
    -0.00943329    -0.00941020    -0.00002309
    -0.01676371    -0.01710081     0.00033710
    -0.01351323    -0.01346646    -0.00004677
    -0.00609704    -0.00606957    -0.00002747
    -0.00815123    -0.00815195     0.00000073
    -0.01857618    -0.01861985     0.00004367
     0.01531857     0.01537222    -0.00005365
    -0.00910869    -0.00914576     0.00003708
     0.04130144     0.04130231    -0.00000086
     0.03643583     0.03644580    -0.00000998
    -0.01269256    -0.01277915     0.00008659
    -0.00919157    -0.00920205     0.00001048
    -0.01584750    -0.01584188    -0.00000562
    -0.00267717    -0.00273250     0.00005534
     0.03754317     0.03754002     0.00000315
     0.01935296     0.01935651    -0.00000356
    -0.00380410    -0.00386380     0.00005970
    -0.00314915    -0.00322404     0.00007490
    -0.00279763    -0.00284890     0.00005127
    -0.00405202    -0.00407385     0.00002183
    -0.00244704    -0.00241052    -0.00003652
    -0.00245675    -0.00241944    -0.00003731
    -0.00325538    -0.00320172    -0.00005366
    -0.01295545    -0.01296968     0.00001423
    -0.01276592    -0.01280808     0.00004216
     0.01779317     0.01777490     0.00001828
    -0.00285075    -0.00274520    -0.00010554
    -0.00260603    -0.00250786    -0.00009817
    -0.00319407    -0.00326846     0.00007438
    -0.00296718    -0.00288262    -0.00008456
    -0.00338910    -0.00337925    -0.00000985
    -0.00249449    -0.00246946    -0.00002504
    -0.00378489    -0.00384946     0.00006457
    -0.00273932    -0.00281372     0.00007440
    -0.00273959    -0.00281372     0.00007413
    -0.02039983    -0.02039578    -0.00000405
    -0.00351606    -0.00352980     0.00001374
    -0.00257926    -0.00246793    -0.00011133
    -0.00262587    -0.00266818     0.00004231
     0.01744231     0.01741978     0.00002253
     0.00269069     0.00269193    -0.00000124
    -0.01515119    -0.01512612    -0.00002507
    -0.00393980    -0.00394676     0.00000696
     0.03690449     0.03690572    -0.00000123
    -0.00292441    -0.00283350    -0.00009091
     0.04048801     0.04047218     0.00001583
    -0.00269733    -0.00259236    -0.00010497
    -0.00394927    -0.00396632     0.00001705
    -0.00257003    -0.00249894    -0.00007109
    -0.00259910    -0.00259683    -0.00000226
    -0.00256753    -0.00254529    -0.00002224
    -0.00344725    -0.00344965     0.00000240
    -0.01332133    -0.01329610    -0.00002523
    -0.00390347    -0.00390120    -0.00000227
     0.03749231     0.03748426     0.00000805
    -0.01775948    -0.01776257     0.00000309
    -0.00315358    -0.00322737     0.00007379
    -0.00199201    -0.00189992    -0.00009209
    -0.00199201    -0.00189992    -0.00009209
    -0.00347993    -0.00344647    -0.00003346
    -0.00271221    -0.00273421     0.00002200
    -0.00265172    -0.00265294     0.00000122
    -0.00306022    -0.00299967    -0.00006055
    -0.00321677    -0.00328956     0.00007279
    -0.01715825    -0.01717693     0.00001868
    -0.00263156    -0.00256889    -0.00006267
    -0.01538306    -0.01540571     0.00002265
    -0.00263926    -0.00257516    -0.00006410
    -0.00364665    -0.00370137     0.00005472
     0.03705557     0.03702128     0.00003428
    -0.00276800    -0.00267663    -0.00009137
    -0.00358213    -0.00362059     0.00003846
    -0.00285145    -0.00288586     0.00003441
    -0.00308757    -0.00315760     0.00007003
    -0.00262895    -0.00269633     0.00006739
    -0.00262895    -0.00269633     0.00006739
    -0.00311361    -0.00317534     0.00006174
    -0.01544627    -0.01554365     0.00009738
    -0.00306397    -0.00313082     0.00006685
    -0.00217294    -0.00212780    -0.00004514
    -0.00217294    -0.00212780    -0.00004514
    -0.00303366    -0.00308266     0.00004900
    -0.00351892    -0.00355636     0.00003744
    -0.00346673    -0.00353180     0.00006507
    -0.00257597    -0.00252160    -0.00005436
    -0.00257597    -0.00252160    -0.00005436
    -0.00293750    -0.00295240     0.00001490
    -0.02370593    -0.02378135     0.00007542
    -0.00261063    -0.00256626    -0.00004437
    -0.00288784    -0.00288015    -0.00000769
    -0.00264465    -0.00261046    -0.00003419
    -0.00296321    -0.00291597    -0.00004724
    -0.00291763    -0.00291316    -0.00000447
    -0.00234271    -0.00234395     0.00000124
    -0.00234271    -0.00234395     0.00000124
    -0.00271240    -0.00269713    -0.00001527
    -0.00342896    -0.00347912     0.00005016
    -0.00249928    -0.00253708     0.00003779
    -0.00249928    -0.00253708     0.00003779
    -0.00307551    -0.00308439     0.00000887
     0.04137304     0.04137647    -0.00000343
    -0.00332316    -0.00332765     0.00000449
    -0.00300240    -0.00297977    -0.00002263
    -0.00335032    -0.00340073     0.00005041
    -0.00296310    -0.00300736     0.00004425
     0.03809553     0.03804309     0.00005244
     0.03040894     0.03037875     0.00003020
    -0.00324398    -0.00324190    -0.00000207
    -0.00307834    -0.00309681     0.00001846
    -0.00330665    -0.00334467     0.00003802
     0.01038182     0.01044322    -0.00006140
    -0.00316466    -0.00318715     0.00002249
     0.02604674     0.02596689     0.00007985
    -0.00466852    -0.00466680    -0.00000172
    -0.04028602    -0.04030341     0.00001739
    -0.00567904    -0.00567231    -0.00000673
    -0.02990352    -0.02991808     0.00001457
    -0.00522388    -0.00522702     0.00000314
    -0.00522361    -0.00522702     0.00000342
    -0.00688524    -0.00691559     0.00003034
    -0.00688524    -0.00691559     0.00003034
    -0.00709327    -0.00711826     0.00002498
    -0.02230768    -0.02231574     0.00000806
    -0.00544524    -0.00545458     0.00000933
    -0.00544522    -0.00545458     0.00000936
    -0.00654896    -0.00657644     0.00002747
    -0.00654896    -0.00657644     0.00002748
    -0.00568707    -0.00570217     0.00001510
    -0.00568707    -0.00570217     0.00001510
    -0.00597565    -0.00598462     0.00000898
    -0.00623780    -0.00626194     0.00002414
    -0.00623780    -0.00626194     0.00002414
    -0.00595102    -0.00597091     0.00001989
    -0.00592076    -0.00594346     0.00002270
    -0.00592076    -0.00594346     0.00002270
    -0.00606656    -0.00608568     0.00001911
    -0.02093356    -0.02090860    -0.00002496
     0.00597323     0.00598936    -0.00001613
    -0.02593732    -0.02594633     0.00000900
    -0.02021724    -0.02020599    -0.00001125
    -0.02021493    -0.02020508    -0.00000985
    -0.02371293    -0.02372253     0.00000960
    -0.02061600    -0.02060436    -0.00001164
    -0.00377030    -0.00379572     0.00002542
    -0.03242063    -0.03245627     0.00003564
    -0.02241211    -0.02237296    -0.00003915
    -0.03028290    -0.03029388     0.00001098
    -0.02438592    -0.02434085    -0.00004507
    -0.03045909    -0.03046875     0.00000965
    -0.02778742    -0.02776937    -0.00001805
    -0.01895763    -0.01896526     0.00000763
    -0.02107397    -0.02107784     0.00000387
    -0.02107397    -0.02107784     0.00000387
    -0.02107397    -0.02107784     0.00000387
    -0.02107397    -0.02107784     0.00000387
    -0.02107397    -0.02107784     0.00000387
    -0.02107397    -0.02107784     0.00000387
    -0.02107397    -0.02107784     0.00000387
    -0.02107397    -0.02107784     0.00000387
    -0.02107397    -0.02107784     0.00000387
    -0.02107397    -0.02107784     0.00000387
    -0.02107397    -0.02107784     0.00000387
    -0.02107397    -0.02107784     0.00000387
    -0.03008572    -0.03010915     0.00002343
    -0.02450617    -0.02446256    -0.00004361
    -0.03095829    -0.03096233     0.00000405
    -0.02231595    -0.02229577    -0.00002018
    -0.02256210    -0.02252999    -0.00003211
    -0.02717389    -0.02719665     0.00002276
    -0.02328584    -0.02327963    -0.00000622
    -0.02057867    -0.02060141     0.00002274
     0.01825979     0.01824964     0.00001015
    -0.02707334    -0.02707182    -0.00000152
    -0.02464524    -0.02461007    -0.00003517
    -0.03288330    -0.03288356     0.00000026
    -0.03288330    -0.03288356     0.00000026
    -0.03288330    -0.03288356     0.00000026
    -0.03288330    -0.03288356     0.00000026
    -0.03288330    -0.03288356     0.00000026
    -0.03288330    -0.03288356     0.00000026
    -0.03288330    -0.03288356     0.00000026
    -0.03288330    -0.03288356     0.00000026
    -0.03288330    -0.03288356     0.00000026
    -0.03288330    -0.03288356     0.00000026
    -0.03288330    -0.03288356     0.00000026
    -0.03288330    -0.03288356     0.00000026
    -0.02718913    -0.02718695    -0.00000218
    -0.03162877    -0.03164611     0.00001734
    -0.03156888    -0.03157312     0.00000424
     0.00941201     0.00943810    -0.00002609
    -0.02914250    -0.02913221    -0.00001028
    -0.02386079    -0.02385332    -0.00000747
    -0.02647268    -0.02646666    -0.00000601
    -0.02647268    -0.02646666    -0.00000601
    -0.02647268    -0.02646666    -0.00000601
    -0.02647268    -0.02646666    -0.00000601
    -0.02647268    -0.02646666    -0.00000601
    -0.02647268    -0.02646666    -0.00000601
    -0.02647295    -0.02646666    -0.00000629
    -0.02647295    -0.02646666    -0.00000629
    -0.02647295    -0.02646666    -0.00000629
    -0.02647295    -0.02646666    -0.00000629
    -0.02647295    -0.02646666    -0.00000629
    -0.02647295    -0.02646666    -0.00000629
    -0.02403258    -0.02402285    -0.00000973
    -0.03422022    -0.03424759     0.00002736
    -0.02436627    -0.02434981    -0.00001647
    -0.03475754    -0.03483270     0.00007516
    -0.03230936    -0.03232922     0.00001986
     0.00135031     0.00136014    -0.00000983
    -0.02662030    -0.02661106    -0.00000925
    -0.02532545    -0.02532083    -0.00000461
    -0.03357673    -0.03362579     0.00004906
    -0.00040003    -0.00052449     0.00012446
    -0.00040003    -0.00052449     0.00012446
    -0.00040003    -0.00052449     0.00012446
    -0.00039976    -0.00052449     0.00012473
    -0.00186711    -0.00198428     0.00011717
    -0.00151086    -0.00161531     0.00010445
    -0.00093066    -0.00106271     0.00013205
    -0.00108421    -0.00120466     0.00012045
    -0.00025527    -0.00037933     0.00012406
    -0.00133382    -0.00146264     0.00012882
    -0.00095049    -0.00108642     0.00013593
    -0.00180771    -0.00192446     0.00011675
    -0.00113471    -0.00126942     0.00013470
    -0.00134966    -0.00148071     0.00013105
    -0.00142073    -0.00153372     0.00011298
    -0.00178765    -0.00190690     0.00011925
    -0.00172224    -0.00183732     0.00011508
    -0.00098432    -0.00112121     0.00013689
    -0.00143932    -0.00155402     0.00011470
    -0.00101722    -0.00113611     0.00011889
    -0.00101722    -0.00113611     0.00011889
    -0.00101722    -0.00113611     0.00011889
    -0.00101722    -0.00113611     0.00011889
    -0.00101722    -0.00113611     0.00011889
    -0.00101722    -0.00113611     0.00011889
    -0.00101722    -0.00113611     0.00011889
    -0.00101722    -0.00113611     0.00011889
    -0.00101722    -0.00113611     0.00011889
    -0.00101722    -0.00113611     0.00011889
    -0.00101722    -0.00113611     0.00011889
    -0.00101722    -0.00113611     0.00011889
    -0.00061898    -0.00073035     0.00011137
    -0.00147769    -0.00160736     0.00012968
    -0.00145290    -0.00157016     0.00011726
    -0.00102946    -0.00116352     0.00013406
    -0.00051879    -0.00064990     0.00013111
    -0.00051879    -0.00064990     0.00013111
    -0.00051879    -0.00064990     0.00013111
    -0.00051879    -0.00064990     0.00013111
    -0.00051879    -0.00064990     0.00013111
    -0.00051879    -0.00064990     0.00013111
    -0.00051879    -0.00064990     0.00013111
    -0.00051879    -0.00064990     0.00013111
    -0.00051879    -0.00064990     0.00013111
    -0.00051879    -0.00064990     0.00013111
    -0.00051879    -0.00064990     0.00013111
    -0.00051879    -0.00064990     0.00013111
    -0.00035742    -0.00048284     0.00012542
    -0.00113828    -0.00127739     0.00013911
    -0.00125439    -0.00137804     0.00012365
    -0.00160800    -0.00172781     0.00011981
    -0.00150874    -0.00163883     0.00013009
    -0.00145004    -0.00158136     0.00013132
    -0.00131684    -0.00145307     0.00013623
    -0.00083163    -0.00095508     0.00012344
    -0.00104519    -0.00118147     0.00013628
    -0.00083136    -0.00095508     0.00012371
    -0.00083136    -0.00095508     0.00012371
    -0.00083136    -0.00095508     0.00012371
    -0.00083136    -0.00095508     0.00012371
    -0.00083136    -0.00095508     0.00012371
    -0.00083136    -0.00095508     0.00012371
    -0.00083136    -0.00095508     0.00012371
    -0.00083136    -0.00095508     0.00012371
    -0.00083136    -0.00095508     0.00012371
    -0.00083136    -0.00095508     0.00012371
    -0.00083136    -0.00095508     0.00012371
    -0.00164901    -0.00177298     0.00012397
    -0.00158286    -0.00171349     0.00013063
    -0.00130949    -0.00143441     0.00012491
    -0.00066401    -0.00079311     0.00012910
    -0.00066401    -0.00079311     0.00012910
    -0.00066401    -0.00079311     0.00012910
    -0.00066401    -0.00079311     0.00012910
    -0.00066401    -0.00079311     0.00012910
    -0.00066401    -0.00079311     0.00012910
    -0.00066401    -0.00079311     0.00012910
    -0.00066374    -0.00079311     0.00012937
    -0.00066374    -0.00079311     0.00012937
    -0.00066374    -0.00079311     0.00012937
    -0.00066374    -0.00079311     0.00012937
    -0.00066374    -0.00079311     0.00012937
    -0.00117882    -0.00131887     0.00014004
    -0.00162283    -0.00175376     0.00013092
    -0.00142816    -0.00156099     0.00013283
    -0.00047582    -0.00059982     0.00012400
    -0.00108029    -0.00122127     0.00014098
    -0.00112642    -0.00126143     0.00013501
    -0.01937192    -0.01934248    -0.00002944
    -0.00128255    -0.00141212     0.00012956
    -0.00114748    -0.00128346     0.00013599
    -0.00122666    -0.00135965     0.00013299
    -0.00136468    -0.00150197     0.00013730
    -0.00126288    -0.00140307     0.00014019
    -0.00144209    -0.00157868     0.00013659
    -0.00131396    -0.00145368     0.00013973
    -0.00131279    -0.00144939     0.00013660
    -0.00124405    -0.00138293     0.00013888
    -0.00119613    -0.00133827     0.00014214
    -0.06867857    -0.06866589    -0.00001269
    -0.00045857    -0.00048411     0.00002554
    -0.00045838    -0.00048740     0.00002902
    -0.00021856    -0.00024986     0.00003130
    -0.00021824    -0.00025000     0.00003177
    -0.00045982    -0.00048315     0.00002334
    -0.00141635    -0.00140208    -0.00001427
    -0.00022357    -0.00024866     0.00002510
    -0.00046118    -0.00048288     0.00002170
    -0.00021807    -0.00025014     0.00003207
    -0.00022047    -0.00024957     0.00002910
    -0.00022349    -0.00024887     0.00002538
    -0.00022172    -0.00024939     0.00002768
    -0.00022234    -0.00024923     0.00002688
    -0.00165380    -0.00169279     0.00003899
    -0.00021824    -0.00025039     0.00003215
    -0.00021859    -0.00025050     0.00003191
    -0.00946407    -0.00944508    -0.00001899
    -0.00021913    -0.00025062     0.00003148
    -0.00021949    -0.00025082     0.00003133
    -0.00021946    -0.00025091     0.00003145
    -0.00138438    -0.00139971     0.00001533
    -0.00138438    -0.00139971     0.00001533
    -0.00138438    -0.00139971     0.00001533
    -0.00138438    -0.00139971     0.00001533
    -0.00138438    -0.00139971     0.00001533
    -0.00138438    -0.00139971     0.00001533
    -0.00138438    -0.00139971     0.00001533
    -0.00138438    -0.00139971     0.00001533
    -0.00138438    -0.00139971     0.00001533
    -0.00138438    -0.00139971     0.00001533
    -0.00138438    -0.00139971     0.00001533
    -0.00138438    -0.00139971     0.00001533
    -0.00278930    -0.00281369     0.00002439
    -0.00186991    -0.00182430    -0.00004561
    -0.00181111    -0.00181020    -0.00000091
    -0.00215033    -0.00217679     0.00002647
    -0.00045272    -0.00048849     0.00003577
    -0.00211794    -0.00214636     0.00002841
    -0.00179432    -0.00183072     0.00003640
    -0.00209294    -0.00212044     0.00002751
    -0.00155083    -0.00155045    -0.00000038
    -0.00190442    -0.00194004     0.00003562
    -0.00157491    -0.00155826    -0.00001665
    -0.00219590    -0.00222374     0.00002783
    -0.00206056    -0.00208994     0.00002939
    -0.00188265    -0.00191668     0.00003403
    -0.00197111    -0.00200316     0.00003205
    -0.00082600    -0.00080255    -0.00002345
    -0.00082600    -0.00080255    -0.00002345
    -0.00082600    -0.00080255    -0.00002345
    -0.00082600    -0.00080255    -0.00002345
    -0.00082600    -0.00080255    -0.00002345
    -0.00082600    -0.00080255    -0.00002345
    -0.00082600    -0.00080255    -0.00002345
    -0.00082600    -0.00080255    -0.00002345
    -0.00082600    -0.00080255    -0.00002345
    -0.00082600    -0.00080255    -0.00002345
    -0.00082600    -0.00080255    -0.00002345
    -0.00082600    -0.00080255    -0.00002345
    -0.00192357    -0.00194158     0.00001801
     0.00718840     0.00715501     0.00003339
    -0.00252018    -0.00254478     0.00002459
    -0.00188801    -0.00190383     0.00001582
    -0.00160446    -0.00160372    -0.00000074
    -0.00155429    -0.00154656    -0.00000773
    -0.01334618    -0.01342422     0.00007804
    -0.00252209    -0.00251244    -0.00000965
    -0.00177982    -0.00176022    -0.00001959
    -0.00187059    -0.00187082     0.00000023
    -0.01364572    -0.01364401    -0.00000171
    -0.00209558    -0.00211052     0.00001495
    -0.00211525    -0.00212948     0.00001423
    -0.00199797    -0.00200368     0.00000571
    -0.03537774    -0.03539632     0.00001858
    -0.00238026    -0.00238971     0.00000945
    -0.00394056    -0.00398876     0.00004820
    -0.00200654    -0.00201553     0.00000899
    -0.00111523    -0.00110670    -0.00000853
    -0.00111523    -0.00110670    -0.00000853
    -0.00111523    -0.00110670    -0.00000853
    -0.00111523    -0.00110670    -0.00000853
    -0.00111523    -0.00110670    -0.00000853
    -0.00111523    -0.00110670    -0.00000853
    -0.00111523    -0.00110670    -0.00000853
    -0.00111523    -0.00110670    -0.00000853
    -0.00111523    -0.00110670    -0.00000853
    -0.00111523    -0.00110670    -0.00000853
    -0.00111523    -0.00110670    -0.00000853
    -0.00111523    -0.00110670    -0.00000853
    -0.00184311    -0.00184568     0.00000257
    -0.00189266    -0.00189523     0.00000257
    -0.01391974    -0.01394653     0.00002679
    -0.02772108    -0.02772624     0.00000516
    -0.00198850    -0.00196517    -0.00002333
    -0.00579676    -0.00577723    -0.00001953
    -0.00402397    -0.00396238    -0.00006159
    -0.03021460    -0.03019925    -0.00001535
    -0.00222037    -0.00225623     0.00003586
    -0.01577618    -0.01578242     0.00000624
    -0.00427036    -0.00426234    -0.00000803
    -0.00529090    -0.00525938    -0.00003152
    -0.01538461    -0.01542582     0.00004121
    -0.00476071    -0.00471000    -0.00005071
    -0.01532412    -0.01536882     0.00004471
    -0.00989474    -0.00990291     0.00000817
    -0.00509329    -0.00504644    -0.00004685
    -0.00516589    -0.00515470    -0.00001120
    -0.00050556    -0.00054872     0.00004316
    -0.03099693    -0.03096121    -0.00003572
    -0.00445595    -0.00443518    -0.00002076
    -0.01338348    -0.01335927    -0.00002422
    -0.00477709    -0.00473083    -0.00004627
    -0.00298716    -0.00301752     0.00003036
    -0.01142043    -0.01140249    -0.00001793
    -0.00049185    -0.00047660    -0.00001525
    -0.00832772    -0.00833680     0.00000908
    -0.01302927    -0.01304695     0.00001767
    -0.00024166    -0.00024569     0.00000402
     0.01531492     0.01527968     0.00003524
     0.02680221     0.02744050    -0.00063829
    -0.00045269    -0.00047096     0.00001827
    -0.00051326    -0.00050552    -0.00000774
    -0.00532121    -0.00529968    -0.00002154
    -0.00909549    -0.00916090     0.00006541
    -0.03083627    -0.03083625    -0.00000002
    -0.03083630    -0.03083625    -0.00000004
    -0.00524856    -0.00528088     0.00003232
    -0.00057138    -0.00052662    -0.00004477
    -0.00494953    -0.00494582    -0.00000371
    -0.00054425    -0.00049247    -0.00005178
     0.02502721     0.02497747     0.00004974
    -0.00027979    -0.00034694     0.00006715
    -0.01355884    -0.01359527     0.00003643
    -0.00489002    -0.00490857     0.00001855
    -0.00492015    -0.00494441     0.00002426
    -0.00045576    -0.00049637     0.00004061
    -0.00052842    -0.00052082    -0.00000760
    -0.00914556    -0.00920305     0.00005750
    -0.00542979    -0.00543262     0.00000283
    -0.00053859    -0.00049306    -0.00004553
    -0.00477609    -0.00474761    -0.00002848
     0.01636115     0.01631180     0.00004935
    -0.00535594    -0.00535026    -0.00000567
     0.01972975     0.01968140     0.00004835
    -0.00517618    -0.00520337     0.00002719
    -0.00051813    -0.00048730    -0.00003084
    -0.01068994    -0.01071554     0.00002560
    -0.01379367    -0.01376289    -0.00003078
    -0.00023358    -0.00027660     0.00004302
    -0.00756259    -0.00754025    -0.00002234
    -0.00517648    -0.00519721     0.00002073
    -0.00445216    -0.00446156     0.00000940
    -0.00509299    -0.00510984     0.00001685
    -0.01005202    -0.01010956     0.00005754
    -0.01661269    -0.01666542     0.00005274
    -0.00063052    -0.00063002    -0.00000050
    -0.00957335    -0.00958539     0.00001204
    -0.02398564    -0.02394890    -0.00003674
    -0.00052053    -0.00053608     0.00001555
    -0.02691750    -0.02690951    -0.00000799
     0.00017745     0.00017428     0.00000316
    -0.02146557    -0.02138176    -0.00008380
    -0.00049098    -0.00048972    -0.00000126
    -0.00620860    -0.00618370    -0.00002491
     0.00137676     0.00140587    -0.00002911
     0.00013717     0.00007793     0.00005924
    -0.01242330    -0.01242714     0.00000383
    -0.04753922    -0.04755612     0.00001690
    -0.01299118    -0.01298348    -0.00000770
    -0.00057824    -0.00064673     0.00006848
    -0.00351620    -0.00344889    -0.00006731
    -0.01120159    -0.01118610    -0.00001549
    -0.03193588    -0.03195419     0.00001831
    -0.03193615    -0.03195419     0.00001803
    -0.00672676    -0.00674372     0.00001696
    -0.02419748    -0.02419407    -0.00000341
    -0.00481954    -0.00483078     0.00001124
    -0.01104975    -0.01103417    -0.00001559
    -0.00597842    -0.00594115    -0.00003727
    -0.00582076    -0.00583792     0.00001716
     0.00568759     0.00567897     0.00000862
    -0.00223795    -0.00224524     0.00000730
    -0.03304956    -0.03307422     0.00002466
    -0.03304956    -0.03307422     0.00002466
    -0.06441868    -0.06442426     0.00000557
    -0.01309605    -0.01313781     0.00004176
    -0.00439894    -0.00441577     0.00001683
    -0.00728862    -0.00724678    -0.00004184
    -0.00187353    -0.00189087     0.00001734
    -0.00616550    -0.00617549     0.00000999
    -0.00272778    -0.00274382     0.00001604
    -0.00283907    -0.00286312     0.00002405
    -0.03417336    -0.03418638     0.00001301
    -0.03417364    -0.03418637     0.00001274
     0.00494888     0.00496250    -0.00001362
    -0.03530332    -0.03527899    -0.00002433
    -0.03530359    -0.03527899    -0.00002460
     0.03424629     0.03434799    -0.00010170
    -0.00310436    -0.00312795     0.00002359
     0.00495917     0.00473941     0.00021976
    -0.00247760    -0.00228341    -0.00019419
    -0.00212924    -0.00200982    -0.00011942
    -0.02203782    -0.02208540     0.00004758
    -0.00126756    -0.00125382    -0.00001374
     0.02911722     0.02903278     0.00008444
    -0.00194025    -0.00174329    -0.00019696
    -0.00090562    -0.00070973    -0.00019589
     0.00222635     0.00231386    -0.00008751
    -0.00090589    -0.00070973    -0.00019616
    -0.00180844    -0.00182091     0.00001247
    -0.01201981    -0.01196083    -0.00005898
     0.02159692     0.02155956     0.00003735
    -0.00156857    -0.00159139     0.00002282
    -0.00130332    -0.00123414    -0.00006917
    -0.00173448    -0.00175699     0.00002250
    -0.03159149    -0.03153823    -0.00005327
    -0.02190288    -0.02196336     0.00006048
    -0.00129635    -0.00131601     0.00001966
    -0.00138384    -0.00119014    -0.00019370
    -0.02775189    -0.02781323     0.00006134
    -0.02616971    -0.02615535    -0.00001436
    -0.00224472    -0.00220031    -0.00004441
    -0.01865145    -0.01867578     0.00002434
    -0.00189742    -0.00169884    -0.00019858
    -0.00195470    -0.00176761    -0.00018709
    -0.00051952    -0.00044524    -0.00007428
    -0.00051952    -0.00044524    -0.00007428
    -0.00116748    -0.00108391    -0.00008357
    -0.00135211    -0.00117804    -0.00017407
    -0.00134607    -0.00127077    -0.00007530
    -0.00130985    -0.00114094    -0.00016891
     0.01851672     0.01855560    -0.00003888
    -0.00129572    -0.00114352    -0.00015220
    -0.00111033    -0.00108695    -0.00002339
    -0.00111033    -0.00108695    -0.00002339
     0.02852711     0.02837696     0.00015015
    -0.00190697    -0.00172122    -0.00018575
    -0.00132838    -0.00129469    -0.00003369
    -0.00132838    -0.00129469    -0.00003369
    -0.02293240    -0.02295941     0.00002701
    -0.00180689    -0.00160642    -0.00020047
    -0.00120590    -0.00112834    -0.00007756
    -0.00076608    -0.00074642    -0.00001967
    -0.00076608    -0.00074642    -0.00001967
    -0.00122615    -0.00114362    -0.00008253
    -0.00156593    -0.00143850    -0.00012743
    -0.00156593    -0.00143850    -0.00012743
    -0.02610625    -0.02607879    -0.00002747
    -0.00127978    -0.00119045    -0.00008933
    -0.00227893    -0.00215672    -0.00012220
    -0.00145320    -0.00127159    -0.00018160
    -0.00142030    -0.00124152    -0.00017878
    -0.00120838    -0.00112665    -0.00008172
    -0.00210943    -0.00206793    -0.00004149
    -0.00171464    -0.00170180    -0.00001284
    -0.01077672    -0.01066861    -0.00010810
    -0.00168741    -0.00159334    -0.00009406
    -0.00205922    -0.00200983    -0.00004939
    -0.00141989    -0.00125742    -0.00016247
    -0.00092960    -0.00090485    -0.00002474
    -0.00092960    -0.00090485    -0.00002474
    -0.00064118    -0.00055817    -0.00008301
    -0.00064118    -0.00055817    -0.00008301
    -0.00134307    -0.00121538    -0.00012769
    -0.00156289    -0.00137344    -0.00018945
    -0.00157973    -0.00138878    -0.00019095
    -0.00175097    -0.00172706    -0.00002391
    -0.00164305    -0.00148009    -0.00016296
    -0.00196344    -0.00191524    -0.00004819
    -0.00170177    -0.00150236    -0.00019941
    -0.00164637    -0.00145024    -0.00019613
    -0.00152664    -0.00134281    -0.00018383
    -0.00174428    -0.00164564    -0.00009864
    -0.00173157    -0.00153124    -0.00020033
    -0.00163628    -0.00154251    -0.00009377
    -0.00160659    -0.00157692    -0.00002966
    -0.00173802    -0.00155078    -0.00018724
    -0.00156885    -0.00138671    -0.00018214
    -0.00133543    -0.00121438    -0.00012105
    -0.00133543    -0.00121438    -0.00012105
    -0.00200619    -0.00189516    -0.00011103
    -0.00170180    -0.00159049    -0.00011131
    -0.02108915    -0.02105753    -0.00003162
    -0.00158079    -0.00153970    -0.00004109
    -0.00206175    -0.00192020    -0.00014155
    -0.00078750    -0.00068947    -0.00009803
    -0.00078750    -0.00068947    -0.00009803
    -0.00203775    -0.00190544    -0.00013231
    -0.00112974    -0.00101568    -0.00011406
    -0.00112974    -0.00101568    -0.00011406
    -0.02018405    -0.02011138    -0.00007266
    -0.00095294    -0.00084128    -0.00011166
    -0.00095294    -0.00084128    -0.00011166
    -0.01547917    -0.01544451    -0.00003466
    -0.00175127    -0.00164014    -0.00011113
    -0.00146963    -0.00136181    -0.00010783
    -0.02002929    -0.02009077     0.00006147
    -0.00159769    -0.00147200    -0.00012569
    -0.02296943    -0.02294074    -0.00002869
    -0.00067710    -0.00071020     0.00003310
    -0.02257372    -0.02255192    -0.00002180
    -0.00503560    -0.00495955    -0.00007605
    -0.01390488    -0.01387106    -0.00003382
    -0.01062629    -0.01061339    -0.00001290
    -0.02215948    -0.02214749    -0.00001200
    -0.02215921    -0.02214749    -0.00001173
    -0.01686107    -0.01683759    -0.00002348
    -0.00716971    -0.00706609    -0.00010362
    -0.01944836    -0.01941586    -0.00003250
    -0.00475301    -0.00468264    -0.00007037
    -0.01291246    -0.01295710     0.00004464
    -0.00742397    -0.00740100    -0.00002297
    -0.00255118    -0.00260369     0.00005251
    -0.00468240    -0.00466903    -0.00001337
    -0.02132730    -0.02131253    -0.00001478
    -0.01751698    -0.01751493    -0.00000205
    -0.03069156    -0.03070344     0.00001188
    -0.02130984    -0.02129677    -0.00001306
    -0.00987028    -0.00988578     0.00001550
    -0.00274645    -0.00275988     0.00001344
    -0.00634047    -0.00629064    -0.00004983
    -0.00851286    -0.00847578    -0.00003708
    -0.00359413    -0.00355150    -0.00004264
    -0.01710336    -0.01704222    -0.00006115
    -0.00309315    -0.00308169    -0.00001145
    -0.01664077    -0.01665833     0.00001756
    -0.00281194    -0.00283425     0.00002230
    -0.01643696    -0.01639810    -0.00003886
    -0.00886599    -0.00887075     0.00000476
    -0.02188906    -0.02188070    -0.00000836
    -0.02911967    -0.02913247     0.00001281
    -0.00435301    -0.00430438    -0.00004862
    -0.01733686    -0.01735288     0.00001602
    -0.00261224    -0.00265331     0.00004107
    -0.00178765    -0.00182387     0.00003622
    -0.00178765    -0.00182387     0.00003622
    -0.00178765    -0.00182387     0.00003622
    -0.00178765    -0.00182387     0.00003622
    -0.00178765    -0.00182387     0.00003622
    -0.00178765    -0.00182387     0.00003622
    -0.00178765    -0.00182387     0.00003622
    -0.00178765    -0.00182387     0.00003622
    -0.00178765    -0.00182387     0.00003622
    -0.00178765    -0.00182387     0.00003622
    -0.00178765    -0.00182387     0.00003622
    -0.00178765    -0.00182387     0.00003622
    -0.01818918    -0.01820735     0.00001817
    -0.02257250    -0.02262251     0.00005001
    -0.00350728    -0.00346952    -0.00003776
    -0.00317481    -0.00315821    -0.00001659
    -0.01994097    -0.01993333    -0.00000764
    -0.02640394    -0.02640557     0.00000162
    -0.03654217    -0.03655148     0.00000931
    -0.02491801    -0.02490176    -0.00001625
    -0.01428160    -0.01431727     0.00003568
    -0.00830870    -0.00833006     0.00002136
    -0.02754990    -0.02756388     0.00001398
    -0.00351666    -0.00350052    -0.00001615
    -0.02514811    -0.02506420    -0.00008391
    -0.00794311    -0.00793489    -0.00000822
    -0.00400301    -0.00396720    -0.00003581
    -0.01974145    -0.01975960     0.00001815
    -0.01592125    -0.01594695     0.00002570
    -0.00371416    -0.00369795    -0.00001621
    -0.02060645    -0.02062249     0.00001604
    -0.00325723    -0.00323471    -0.00002252
    -0.01234741    -0.01239634     0.00004893
    -0.00342295    -0.00338977    -0.00003317
    -0.02598238    -0.02599773     0.00001534
    -0.00340836    -0.00337621    -0.00003215
    -0.02129691    -0.02131491     0.00001801
    -0.01522594    -0.01520934    -0.00001660
    -0.02441778    -0.02443411     0.00001632
    -0.02285577    -0.02287313     0.00001736
    -0.00374529    -0.00372570    -0.00001959
    -0.04098878    -0.04098717    -0.00000162
    -0.00285815    -0.00289406     0.00003591
    -0.01706072    -0.01706186     0.00000114
    -0.00845768    -0.00846781     0.00001013
    -0.00344708    -0.00344422    -0.00000287
    -0.00320768    -0.00321952     0.00001184
    -0.02018862    -0.02019234     0.00000372
    -0.02196460    -0.02197457     0.00000998
    -0.02034555    -0.02029709    -0.00004845
    -0.01988842    -0.01989850     0.00001008
    -0.01976594    -0.01971191    -0.00005403
    -0.03156026    -0.03161645     0.00005620
    -0.01933951    -0.01930869    -0.00003082
    -0.01673612    -0.01675215     0.00001603
    -0.01806735    -0.01813887     0.00007152
    -0.01760305    -0.01762275     0.00001970
    -0.01732739    -0.01736261     0.00003522
    -0.02862088    -0.02857448    -0.00004641
    -0.02564458    -0.02562580    -0.00001878
    -0.01454163    -0.01457690     0.00003527
    -0.03050184    -0.03036779    -0.00013405
    -0.01708263    -0.01713514     0.00005251
    -0.01923418    -0.01926800     0.00003382
    -0.01835677    -0.01839720     0.00004043
    -0.01837977    -0.01845018     0.00007041
     0.01179682     0.01179186     0.00000496
     0.00131502     0.00128930     0.00002572
     0.03735217     0.03735098     0.00000119
    -0.00050839    -0.00062361     0.00011522
    -0.00088244    -0.00096954     0.00008711
     0.03288586     0.03292661    -0.00004075
    -0.01831236    -0.01832660     0.00001424
     0.00115150     0.00112074     0.00003077
    -0.00134925    -0.00141341     0.00006416
     0.01254445     0.01245658     0.00008786
     0.00122982     0.00120112     0.00002870
    -0.00049974    -0.00061451     0.00011478
    -0.00749246    -0.00749810     0.00000563
     0.01751494     0.01752779    -0.00001285
     0.03938440     0.03930874     0.00007566
     0.02138565     0.02133962     0.00004603
     0.01697014     0.01687734     0.00009279
    -0.00543972    -0.00545673     0.00001701
     0.03540631     0.03539109     0.00001522
     0.00010822    -0.00000884     0.00011706
     0.04154210     0.04148926     0.00005284
    -0.00492224    -0.00490365    -0.00001859
    -0.00008999    -0.00020091     0.00011092
    -0.00010052    -0.00021488     0.00011436
    -0.01298334    -0.01296197    -0.00002137
    -0.01801462    -0.01801158    -0.00000304
    -0.00585347    -0.00587327     0.00001980
    -0.00088655    -0.00097507     0.00008853
     0.03207958     0.03204759     0.00003199
    -0.00703480    -0.00704738     0.00001259
    -0.00580533    -0.00582439     0.00001906
    -0.01757292    -0.01758377     0.00001085
     0.00068173     0.00061685     0.00006487
    -0.00168128    -0.00167145    -0.00000983
    -0.00665416    -0.00667109     0.00001693
     0.03224960     0.03223141     0.00001819
    -0.00660159    -0.00661883     0.00001724
    -0.00619247    -0.00621147     0.00001900
     0.03741979     0.03743380    -0.00001401
    -0.00116070    -0.00118108     0.00002038
    -0.02565163    -0.02565664     0.00000501
    -0.00098078    -0.00104687     0.00006609
    -0.00096845    -0.00103839     0.00006994
    -0.00957961    -0.00960836     0.00002876
    -0.02000342    -0.02000077    -0.00000265
    -0.00058352    -0.00058389     0.00000037
    -0.00120353    -0.00121606     0.00001253
     0.02422763     0.02426744    -0.00003981
     0.03450088     0.03450008     0.00000080
    -0.00091468    -0.00090732    -0.00000737
    -0.00102024    -0.00107961     0.00005938
    -0.00137088    -0.00135120    -0.00001968
    -0.00183323    -0.00174014    -0.00009309
    -0.01100984    -0.01094813    -0.00006170
     0.00152629     0.00159205    -0.00006576
     0.02165313     0.02172030    -0.00006716
    -0.00080769    -0.00091573     0.00010804
    -0.00111322    -0.00115055     0.00003733
    -0.02222762    -0.02220194    -0.00002568
    -0.00087199    -0.00096579     0.00009380
     0.01938389     0.01947635    -0.00009246
    -0.00162308    -0.00156322    -0.00005986
    -0.00184539    -0.00176221    -0.00008319
    -0.00175987    -0.00168031    -0.00007956
    -0.00094647    -0.00102893     0.00008246
    -0.05111599    -0.05111706     0.00000107
    -0.00120293    -0.00122114     0.00001820
     0.04098225     0.04103752    -0.00005527
    -0.00135581    -0.00134240    -0.00001341
    -0.00163791    -0.00160412    -0.00003378
     0.02642392     0.02636151     0.00006241
    -0.00168610    -0.00162241    -0.00006369
    -0.00061280    -0.00061710     0.00000429
    -0.02224114    -0.02227275     0.00003160
     0.04056690     0.04053014     0.00003676
    -0.00429162    -0.00417874    -0.00011288
    -0.00142487    -0.00142660     0.00000173
    -0.00153382    -0.00149445    -0.00003937
     0.00116165     0.00115904     0.00000261
    -0.00075898    -0.00075528    -0.00000370
    -0.00132204    -0.00131969    -0.00000235
    -0.00139409    -0.00137887    -0.00001522
    -0.00363419    -0.00367823     0.00004404
    -0.00152397    -0.00149048    -0.00003350
    -0.00100377    -0.00108242     0.00007865
    -0.00066472    -0.00066736     0.00000264
    -0.00125730    -0.00128662     0.00002932
    -0.00128718    -0.00130479     0.00001761
    -0.00103360    -0.00110480     0.00007121
     0.01027978     0.01038035    -0.00010056
     0.00295287     0.00300820    -0.00005533
     0.00208129     0.00207436     0.00000693
    -0.03519649    -0.03520754     0.00001105
     0.00891246     0.00884622     0.00006625
     0.00809590     0.00804907     0.00004683
    -0.00199179    -0.00196754    -0.00002425
     0.01046700     0.01048278    -0.00001578
     0.01264304     0.01267000    -0.00002697
     0.00768455     0.00766222     0.00002233
     0.01016987     0.01017485    -0.00000498
    -0.00060877    -0.00044398    -0.00016479
    -0.00073713    -0.00068769    -0.00004944
    -0.00118228    -0.00105878    -0.00012350
     0.03477732     0.03472161     0.00005571
    -0.00112103    -0.00100675    -0.00011428
    -0.00075035    -0.00069971    -0.00005065
    -0.00085414    -0.00080213    -0.00005200
    -0.00086734    -0.00081956    -0.00004778
    -0.00008144    -0.00002738    -0.00005406
    -0.00008144    -0.00002738    -0.00005406
    -0.00008144    -0.00002738    -0.00005406
    -0.00008144    -0.00002738    -0.00005406
    -0.00015026    -0.00009870    -0.00005157
    -0.00008172    -0.00002738    -0.00005433
    -0.00008172    -0.00002738    -0.00005433
    -0.00008172    -0.00002738    -0.00005433
    -0.00008172    -0.00002738    -0.00005433
    -0.00008172    -0.00002738    -0.00005433
    -0.00008172    -0.00002738    -0.00005433
    -0.00008172    -0.00002738    -0.00005433
    -0.00008172    -0.00002738    -0.00005433
    -0.00931813    -0.00928817    -0.00002996
    -0.00111648    -0.00099061    -0.00012588
    -0.00026251    -0.00021271    -0.00004980
    -0.00112884    -0.00100978    -0.00011906
    -0.00075327    -0.00070164    -0.00005162
    -0.02605866    -0.02606407     0.00000541
    -0.00082938    -0.00078036    -0.00004901
    -0.00019772    -0.00014402    -0.00005370
    -0.00056344    -0.00051310    -0.00005034
    -0.00011344    -0.00005964    -0.00005380
    -0.00016068    -0.00010036    -0.00006032
    -0.00016068    -0.00010036    -0.00006032
    -0.00016068    -0.00010036    -0.00006032
    -0.00016068    -0.00010036    -0.00006032
    -0.00016068    -0.00010036    -0.00006032
    -0.00016068    -0.00010036    -0.00006032
    -0.00016068    -0.00010036    -0.00006032
    -0.00016068    -0.00010036    -0.00006032
    -0.00016068    -0.00010036    -0.00006032
    -0.00016068    -0.00010036    -0.00006032
    -0.00025666    -0.00020542    -0.00005124
    -0.00016096    -0.00010036    -0.00006059
    -0.00016096    -0.00010036    -0.00006059
    -0.00115531    -0.00102934    -0.00012598
    -0.00057204    -0.00052124    -0.00005080
     0.00618640     0.00629188    -0.00010548
     0.01141226     0.01145035    -0.00003808
    -0.00061498    -0.00056388    -0.00005110
     0.01010669     0.01011229    -0.00000561
    -0.00017173    -0.00011849    -0.00005324
    -0.00012310    -0.00006517    -0.00005794
    -0.00012310    -0.00006517    -0.00005794
    -0.00012310    -0.00006517    -0.00005794
    -0.00012310    -0.00006517    -0.00005794
    -0.00012310    -0.00006517    -0.00005794
    -0.00012310    -0.00006517    -0.00005794
    -0.00012338    -0.00006517    -0.00005821
    -0.00012338    -0.00006517    -0.00005821
    -0.00012338    -0.00006517    -0.00005821
    -0.00012338    -0.00006517    -0.00005821
    -0.00012338    -0.00006517    -0.00005821
    -0.00012338    -0.00006517    -0.00005821
    -0.00059411    -0.00054271    -0.00005140
    -0.00059705    -0.00054544    -0.00005161
    -0.00025113    -0.00019845    -0.00005269
    -0.00059198    -0.00054016    -0.00005182
    -0.00024817    -0.00019514    -0.00005303
    -0.00082331    -0.00077184    -0.00005147
     0.01208496     0.01210406    -0.00001911
    -0.00081953    -0.00076820    -0.00005133
    -0.00085414    -0.00080165    -0.00005249
    -0.00015913    -0.00010258    -0.00005656
     0.04172874     0.04172822     0.00000052
    -0.00019282    -0.00013837    -0.00005445
    -0.00082192    -0.00076931    -0.00005261
     0.02018639     0.02017786     0.00000853
    -0.00081299    -0.00076189    -0.00005110
    -0.00083509    -0.00078205    -0.00005304
    -0.01772180    -0.01764899    -0.00007281
    -0.00023162    -0.00017655    -0.00005507
    -0.00021252    -0.00015728    -0.00005524
    -0.00082089    -0.00076716    -0.00005372
     0.02621194     0.02622407    -0.00001213
    -0.01233389    -0.01231017    -0.00002372
     0.01734046     0.01737503    -0.00003457
     0.02929654     0.02912523     0.00017131
    -0.03317133    -0.03321051     0.00003917
    -0.03394925    -0.03394988     0.00000062
     0.03303740     0.03303305     0.00000435
    -0.01211982    -0.01201639    -0.00010343
    -0.02530814    -0.02532615     0.00001801
    -0.00732560    -0.00722842    -0.00009718
     0.03589190     0.03583999     0.00005191
    -0.04490042    -0.04491829     0.00001787
     0.03335248     0.03334751     0.00000497
     0.00171655     0.00179288    -0.00007633
     0.05312329     0.05314350    -0.00002021
     0.00164773     0.00169021    -0.00004248
     0.04010009     0.04006713     0.00003295
     0.01377000     0.01376115     0.00000885
     0.00765484     0.00769929    -0.00004446
     0.00590707     0.00573000     0.00017707
     0.01015238     0.01014210     0.00001027
    -0.00671917    -0.00681593     0.00009676
    -0.02110099    -0.02111880     0.00001781
    -0.00996114    -0.01005841     0.00009727
     0.00297788     0.00302610    -0.00004822
    -0.01848067    -0.01852274     0.00004207
    -0.00249284    -0.00241922    -0.00007362
    -0.00919658    -0.00919349    -0.00000308
    -0.01652183    -0.01665579     0.00013396
     0.01803271     0.01801482     0.00001789
     0.01044678     0.01042959     0.00001719
    -0.01691879    -0.01698426     0.00006547
     0.04015590     0.04015742    -0.00000153
    -0.02075037    -0.02074186    -0.00000851
     0.03063091     0.03056303     0.00006788
    -0.03587544    -0.03591978     0.00004434
     0.01934033     0.01928620     0.00005413
     0.01728652     0.01728881    -0.00000229
    -0.00522927    -0.00532539     0.00009612
    -0.01894114    -0.01895086     0.00000972
     0.00274019     0.00273230     0.00000789
    -0.00730762    -0.00734608     0.00003846
     0.03009152     0.02998253     0.00010899
    -0.03129701    -0.03129774     0.00000073
     0.02941227     0.02939365     0.00001862
     0.02360634     0.02352143     0.00008491
    -0.02359410    -0.02365118     0.00005708
     0.01095944     0.01092325     0.00003619
     0.00849297     0.00829843     0.00019454
    -0.02147642    -0.02147740     0.00000098
     0.03581304     0.03578950     0.00002355
    -0.00912621    -0.00911410    -0.00001211
    -0.00089164    -0.00100826     0.00011663
     0.00489797     0.00491042    -0.00001245
    -0.00698652    -0.00707037     0.00008385
     0.01834807     0.01827674     0.00007133
     0.01973557     0.01969173     0.00004385
    -0.01173994    -0.01172351    -0.00001644
     0.01024272     0.01019886     0.00004386
    -0.00109178    -0.00114588     0.00005411
    -0.00246647    -0.00244490    -0.00002157
    -0.01462555    -0.01474929     0.00012374
     0.03523793     0.03523182     0.00000611
     0.01090034     0.01080114     0.00009920
     0.04281712     0.04287132    -0.00005421
     0.00392524     0.00389361     0.00003163
    -0.02050119    -0.02049009    -0.00001110
    -0.00177252    -0.00175548    -0.00001704
    -0.00869967    -0.00863053    -0.00006915
    -0.03725598    -0.03728648     0.00003050
    -0.00170052    -0.00178277     0.00008225
     0.00095534     0.00095417     0.00000116
     0.02496721     0.02486316     0.00010405
    -0.01455004    -0.01453262    -0.00001742
    -0.01480182    -0.01478471    -0.00001711
     0.00474890     0.00464941     0.00009949
    -0.01659016    -0.01662540     0.00003525
     0.02919017     0.02912686     0.00006332
     0.00662483     0.00657341     0.00005142
    -0.00331339    -0.00339480     0.00008140
    -0.00726373    -0.00729186     0.00002814
     0.01534556     0.01530787     0.00003769
    -0.00526129    -0.00518172    -0.00007957
    -0.02038149    -0.02043652     0.00005503
     0.03070405     0.03076774    -0.00006370
     0.04135627     0.04130561     0.00005066
     0.02409862     0.02400529     0.00009333
     0.01757592     0.01759793    -0.00002201
    -0.00316191    -0.00316923     0.00000733
    -0.00418987    -0.00433566     0.00014579
    -0.03857840    -0.03859251     0.00001411
    -0.03857840    -0.03859251     0.00001411
     0.03440357     0.03437545     0.00002812
     0.02285166     0.02282380     0.00002786
    -0.01263544    -0.01260617    -0.00002928
     0.02325744     0.02327789    -0.00002046
    -0.02703405    -0.02704488     0.00001083
    -0.01890127    -0.01887752    -0.00002376
     0.01622196     0.01616077     0.00006119
     0.02454941     0.02454879     0.00000062
     0.03181547     0.03182662    -0.00001115
     0.01922648     0.01914072     0.00008575
     0.02843057     0.02846579    -0.00003522
    -0.03990270    -0.03988176    -0.00002094
    -0.01829163    -0.01824877    -0.00004286
    -0.00342055    -0.00361243     0.00019188
    -0.01727858    -0.01726941    -0.00000917
     0.00309274     0.00313409    -0.00004135
    -0.02743022    -0.02741204    -0.00001818
    -0.03047259    -0.03040687    -0.00006572
    -0.04916967    -0.04920635     0.00003668
    -0.02100278    -0.02100115    -0.00000163
    -0.00604283    -0.00603785    -0.00000499
    -0.02126047    -0.02120340    -0.00005708
    -0.01564905    -0.01561930    -0.00002975
    -0.05031954    -0.05035168     0.00003214
    -0.05926243    -0.05926047    -0.00000196
    -0.00131352    -0.00122311    -0.00009041
    -0.00037310    -0.00036209    -0.00001101
    -0.00715774    -0.00715341    -0.00000433
    -0.00780953    -0.00779596    -0.00001357
    -0.00086540    -0.00095113     0.00008572
    -0.00089724    -0.00097778     0.00008054
    -0.00030675    -0.00033296     0.00002621
    -0.00034820    -0.00035650     0.00000830
     0.02160350     0.02166187    -0.00005837
    -0.00052379    -0.00063013     0.00010633
    -0.00084151    -0.00092353     0.00008202
    -0.00102666    -0.00104127     0.00001461
     0.02817829     0.02831856    -0.00014028
    -0.00093896    -0.00099147     0.00005251
    -0.00669738    -0.00672365     0.00002628
    -0.00053348    -0.00064205     0.00010857
     0.01981735     0.01985939    -0.00004204
    -0.00074614    -0.00086205     0.00011591
    -0.00104448    -0.00105441     0.00000993
    -0.00116408    -0.00108774    -0.00007633
     0.00715347     0.00724083    -0.00008737
    -0.00009570    -0.00020328     0.00010757
    -0.00030259    -0.00037735     0.00007476
    -0.00030259    -0.00037735     0.00007476
    -0.01323192    -0.01309160    -0.00014032
    -0.00048491    -0.00040427    -0.00008064
    -0.00109243    -0.00106825    -0.00002417
    -0.00110160    -0.00115516     0.00005356
     0.02355695     0.02368167    -0.00012472
    -0.00697251    -0.00682199    -0.00015052
    -0.00084584    -0.00094509     0.00009925
    -0.00067019    -0.00063494    -0.00003525
    -0.00067019    -0.00063494    -0.00003525
    -0.00091974    -0.00086779    -0.00005196
    -0.01058251    -0.01067454     0.00009203
    -0.00084187    -0.00094619     0.00010433
    -0.00057372    -0.00069017     0.00011644
    -0.00080984    -0.00092522     0.00011538
    -0.00084225    -0.00094800     0.00010576
    -0.00117156    -0.00112240    -0.00004915
    -0.00128125    -0.00127398    -0.00000727
    -0.00037693    -0.00044986     0.00007292
    -0.00037693    -0.00044986     0.00007292
    -0.00083569    -0.00094770     0.00011201
    -0.00102690    -0.00106665     0.00003975
    -0.00097550    -0.00103855     0.00006305
    -0.00111123    -0.00109763    -0.00001360
    -0.00096100    -0.00105592     0.00009492
     0.01314141     0.01309345     0.00004797
    -0.00059560    -0.00071418     0.00011858
    -0.00014936    -0.00026494     0.00011557
    -0.00100211    -0.00109284     0.00009072
    -0.00060714    -0.00072609     0.00011895
    -0.00060409    -0.00061470     0.00001060
    -0.00060409    -0.00061470     0.00001060
    -0.00084698    -0.00096644     0.00011946
    -0.00045340    -0.00051686     0.00006346
    -0.00045340    -0.00051686     0.00006346
    -0.00091294    -0.00089078    -0.00002217
    -0.00109395    -0.00110873     0.00001478
    -0.00094938    -0.00103557     0.00008619
    -0.00117757    -0.00113955    -0.00003803
    -0.00099580    -0.00109313     0.00009733
     0.00778186     0.00770175     0.00008011
    -0.00052959    -0.00057357     0.00004398
    -0.00052959    -0.00057357     0.00004398
    -0.00047103    -0.00044588    -0.00002515
    -0.00097847    -0.00106351     0.00008504
    -0.00020923    -0.00032462     0.00011539
    -0.00119605    -0.00124333     0.00004728
    -0.00089730    -0.00090429     0.00000700
    -0.00111999    -0.00119550     0.00007551
    -0.00086992    -0.00100103     0.00013111
    -0.00117757    -0.00123507     0.00005750
    -0.00067639    -0.00079458     0.00011819
    -0.00101430    -0.00109092     0.00007661
    -0.00110500    -0.00113402     0.00002902
    -0.00068801    -0.00080521     0.00011720
    -0.00088252    -0.00090827     0.00002575
    -0.00069925    -0.00081554     0.00011629
    -0.00069922    -0.00081554     0.00011632
    -0.00108035    -0.00112817     0.00004782
    -0.00071090    -0.00082552     0.00011463
    -0.00086603    -0.00090844     0.00004241
    -0.00086595    -0.00090844     0.00004249
    -0.00043435    -0.00046071     0.00002636
    -0.00072271    -0.00083513     0.00011242
    -0.00094475    -0.00106184     0.00011709
    -0.00026656    -0.00037863     0.00011207
    -0.00085672    -0.00090717     0.00005044
    -0.00074625    -0.00085305     0.00010680
    -0.00111126    -0.00115372     0.00004246
    -0.00081517    -0.00089383     0.00007866
    -0.00038559    -0.00045153     0.00006595
    -0.00108530    -0.00114807     0.00006277
    -0.00032577    -0.00042255     0.00009678
    -0.00098492    -0.00109654     0.00011163
    -0.00102078    -0.00111823     0.00009745
    -0.00108255    -0.00115510     0.00007255
    -0.00105939    -0.00114790     0.00008851
     0.00007037     0.00005932     0.00010775     0.00015522     0.00109894
