                 -1.48262569690736722983
                  1.26012887689911590172
                  1.05716662643803149813
                  0.84819344184736877867
                  0.64177650948702891220
                  0.39010950103257668875
                  0.21353465900357379570
                 -0.02337485419473951317
                  0.23905650930369429230
                  0.41659769656102174640
                  0.64703953747240194883
                 -0.84051791620584404008
                 -1.04753196842347451323
                  1.25054948361849649352
                 -1.47602742973913469982
                 -1.68679136584808242461
                 -1.43832758954445028010
                  1.20860542031443563005
                  0.95901494833457368028
                 -0.71573071322676040662
                 -0.46366010630143678073
                 -0.24310149148754103821
                 -0.01116783350591005024
                 -0.23665105542198475175
                 -0.49897613574178933948
                  0.68814471849797775871
                  0.96541134903049596883
                 -1.18669655658943273835
                  1.43217837395484060004
                 -1.67724254970438724222
                  0.81681972440528705093
