     0.00531264     0.00545945    -0.00014681
    -0.00273025    -0.00365343     0.00092317
     0.02927692     0.03078143    -0.00150451
    -0.00311614     0.00684940    -0.00996554
    -0.01176101    -0.02319987     0.01143887
     0.01535231     0.01593199    -0.00057968
    -0.01062303    -0.00858135    -0.00204168
    -0.00145638    -0.00036532    -0.00109106
    -0.01227549    -0.01546490     0.00318941
    -0.02963285    -0.02208470    -0.00754815
     0.01102094     0.00940009     0.00162084
    -0.00089036    -0.00049275    -0.00039761
    -0.00872650    -0.00416147    -0.00456503
     0.00711866    -0.01756675     0.02468541
    -0.00382908    -0.00469277     0.00086369
    -0.04102963    -0.03738001    -0.00364962
    -0.00328986    -0.00328322    -0.00000664
    -0.02874611    -0.02315355    -0.00559256
     0.03531197     0.03410573     0.00120624
     0.00210086     0.00166214     0.00043872
    -0.01751698    -0.01643521    -0.00108177
     0.03544819     0.03258126     0.00286693
    -0.00078418    -0.00032918    -0.00045500
     0.01891287     0.01865931     0.00025356
    -0.00073841    -0.00053162    -0.00020679
     0.02068797     0.01825665     0.00243132
     0.01717814     0.01566264     0.00151550
    -0.00566029    -0.00504243    -0.00061787
     0.02794658     0.02527461     0.00267198
    -0.01975288    -0.02436798     0.00461509
     0.01716524     0.01731367    -0.00014843
     0.03134839     0.03834401    -0.00699562
     0.02801409     0.02641186     0.00160224
     0.03089431     0.03747005    -0.00657574
    -0.00110470    -0.00306405     0.00195935
    -0.00131426    -0.00686681     0.00555255
    -0.03007884    -0.03729831     0.00721947
     0.03733027     0.03519591     0.00213436
     0.01623020     0.01510290     0.00112731
    -0.00101852     0.00002043    -0.00103895
     0.02410553     0.02564496    -0.00153942
     0.03053202     0.03100854    -0.00047652
     0.01981770     0.02130892    -0.00149123
    -0.02353428    -0.02854664     0.00501236
    -0.01563893     0.00289261    -0.01853153
     0.01989642     0.02256048    -0.00266406
     0.00956943     0.00722616     0.00234326
    -0.00020809     0.00018982    -0.00039791
    -0.00045585    -0.00023011    -0.00022574
     0.01835979     0.01909040    -0.00073061
     0.03818049     0.03550446     0.00267603
     0.02802533     0.02587301     0.00215233
    -0.00226780    -0.00034138    -0.00192642
     0.00401580     0.00366106     0.00035474
     0.00008727     0.00013476    -0.00004749
     0.02768963     0.02706535     0.00062428
     0.01845544     0.01933903    -0.00088359
    -0.00177960    -0.00249511     0.00071551
    -0.00047987    -0.00024450    -0.00023537
     0.03618859     0.03457839     0.00161019
     0.01391071     0.02571906    -0.01180836
    -0.00045495    -0.00022446    -0.00023049
     0.03093439     0.03078763     0.00014677
     0.00341663     0.00520265    -0.00178601
    -0.00227912    -0.00071702    -0.00156210
    -0.02605743    -0.02807612     0.00201868
     0.00011415    -0.00088507     0.00099922
    -0.00929130    -0.02216394     0.01287264
     0.01184016     0.01179429     0.00004587
    -0.00981833    -0.02157992     0.01176159
    -0.00077868     0.00007589    -0.00085457
    -0.01099079    -0.00741995    -0.00357084
    -0.01833718    -0.01606022    -0.00227696
     0.01628430     0.01677519    -0.00049089
    -0.00988884    -0.01284923     0.00296040
    -0.00516638    -0.00613751     0.00097113
    -0.01654599    -0.00906702    -0.00747898
     0.00707874     0.00574707     0.00133167
     0.02743479     0.02862427    -0.00118948
     0.00569488     0.00625952    -0.00056464
     0.01915045     0.02548670    -0.00633625
    -0.02305705    -0.02358999     0.00053294
     0.00002095     0.00015328    -0.00013233
     0.00194281     0.00454889    -0.00260608
     0.02851832     0.02858999    -0.00007167
     0.02128456     0.01895769     0.00232686
     0.01741180     0.01596637     0.00144544
    -0.00131660    -0.00031386    -0.00100273
     0.00565978     0.00321607     0.00244371
    -0.01162797    -0.01295726     0.00132929
     0.03700406     0.03494094     0.00206312
    -0.00435067    -0.00172572    -0.00262494
    -0.01360058    -0.00964310    -0.00395747
    -0.00077019    -0.00949597     0.00872577
     0.01701240     0.01666942     0.00034297
    -0.00161478    -0.00030985    -0.00130493
    -0.01630294    -0.01246985    -0.00383309
    -0.00085411    -0.00119093     0.00033682
    -0.03426218    -0.02533423    -0.00892795
    -0.00238682     0.01070068    -0.01308750
     0.00510328     0.00533807     0.00143021     0.00243193     0.02468541
