     0.00531264     0.00526571     0.00004693
    -0.00273025    -0.00283145     0.00010119
     0.02927692     0.02956608    -0.00028916
    -0.00311614    -0.00315046     0.00003432
    -0.01176101    -0.01204761     0.00028661
     0.01535231     0.01524162     0.00011069
    -0.01062303    -0.01082331     0.00020028
    -0.00145638    -0.00152844     0.00007206
    -0.01227549    -0.01170904    -0.00056645
    -0.02963285    -0.03020776     0.00057492
     0.01102094     0.01079614     0.00022480
    -0.00089036    -0.00119727     0.00030692
    -0.00872650    -0.00880783     0.00008133
     0.00711866     0.00678210     0.00033656
    -0.00382908    -0.00378232    -0.00004676
    -0.04102963    -0.04116904     0.00013941
    -0.00328986    -0.00318384    -0.00010601
    -0.02874611    -0.02882917     0.00008307
     0.03531197     0.03509116     0.00022081
     0.00210086     0.00212016    -0.00001930
    -0.01751698    -0.01766094     0.00014396
     0.03544819     0.03498490     0.00046330
    -0.00078418    -0.00109806     0.00031388
     0.01891287     0.01861909     0.00029377
    -0.00073841    -0.00089892     0.00016052
     0.02068797     0.02078068    -0.00009271
     0.01717814     0.01686448     0.00031366
    -0.00566029    -0.00547470    -0.00018560
     0.02794658     0.02800898    -0.00006240
    -0.01975288    -0.02009282     0.00033994
     0.01716524     0.01670104     0.00046420
     0.03134839     0.03119728     0.00015111
     0.02801409     0.02783167     0.00018243
     0.03089431     0.03144210    -0.00054778
    -0.00110470    -0.00124949     0.00014479
    -0.00131426    -0.00113592    -0.00017834
    -0.03007884    -0.03010480     0.00002596
     0.03733027     0.03729425     0.00003602
     0.01623020     0.01583726     0.00039295
    -0.00101852    -0.00120486     0.00018634
     0.02410553     0.02400658     0.00009896
     0.03053202     0.03025372     0.00027830
     0.01981770     0.01983224    -0.00001454
    -0.02353428    -0.02319810    -0.00033619
    -0.01563893    -0.01620436     0.00056543
     0.01989642     0.01993595    -0.00003952
     0.00956943     0.00938408     0.00018535
    -0.00020809    -0.00025399     0.00004590
    -0.00045585    -0.00026672    -0.00018913
     0.01835979     0.01851254    -0.00015274
     0.03818049     0.03784213     0.00033836
     0.02802533     0.02872610    -0.00070077
    -0.00226780    -0.00200818    -0.00025962
     0.00401580     0.00407118    -0.00005538
     0.00008727     0.00004447     0.00004280
     0.02768963     0.02753625     0.00015338
     0.01845544     0.01865544    -0.00020000
    -0.00177960    -0.00171255    -0.00006705
    -0.00047987    -0.00034883    -0.00013105
     0.03618859     0.03602236     0.00016623
     0.01391071     0.01392299    -0.00001229
    -0.00045495    -0.00027339    -0.00018156
     0.03093439     0.03073141     0.00020299
     0.00341663     0.00279504     0.00062159
    -0.00227912    -0.00217275    -0.00010636
    -0.02605743    -0.02606794     0.00001051
     0.00011415     0.00007052     0.00004363
    -0.00929130    -0.00983794     0.00054664
     0.01184016     0.01159968     0.00024048
    -0.00981833    -0.01033380     0.00051547
    -0.00077868    -0.00108497     0.00030629
    -0.01099079    -0.01127166     0.00028088
    -0.01833718    -0.01851886     0.00018168
     0.01628430     0.01654080    -0.00025650
    -0.00988884    -0.00968551    -0.00020332
    -0.00516638    -0.00496716    -0.00019922
    -0.01654599    -0.01641759    -0.00012840
     0.00707874     0.00712896    -0.00005021
     0.02743479     0.02731736     0.00011743
     0.00569488     0.00587615    -0.00018127
     0.01915045     0.01932527    -0.00017482
    -0.02305705    -0.02264701    -0.00041004
     0.00002095    -0.00002152     0.00004248
     0.00194281     0.00225347    -0.00031065
     0.02851832     0.02820583     0.00031249
     0.02128456     0.02114420     0.00014036
     0.01741180     0.01718804     0.00022377
    -0.00131660    -0.00139980     0.00008320
     0.00565978     0.00541135     0.00024843
    -0.01162797    -0.01162802     0.00000005
     0.03700406     0.03721048    -0.00020643
    -0.00435067    -0.00426016    -0.00009051
    -0.01360058    -0.01348291    -0.00011766
    -0.00077019    -0.00051160    -0.00025859
     0.01701240     0.01675428     0.00025812
    -0.00161478    -0.00181083     0.00019605
    -0.01630294    -0.01656863     0.00026569
    -0.00085411    -0.00095259     0.00009848
    -0.03426218    -0.03440479     0.00014261
    -0.00238682    -0.00242598     0.00003916
    -0.01491195    -0.01490526    -0.00000668
    -0.00948066    -0.00964577     0.00016511
    -0.00948075    -0.00964577     0.00016503
    -0.01238088    -0.01250348     0.00012260
    -0.00947258    -0.00950592     0.00003333
    -0.00611562    -0.00613249     0.00001687
    -0.00893981    -0.00909599     0.00015618
    -0.00605636    -0.00594588    -0.00011048
    -0.00605636    -0.00594588    -0.00011048
    -0.00890378    -0.00899745     0.00009367
    -0.00528015    -0.00517726    -0.00010289
    -0.01699286    -0.01675899    -0.00023387
    -0.01132595    -0.01147739     0.00015144
    -0.00406870    -0.00386295    -0.00020575
    -0.01626299    -0.01605568    -0.00020732
    -0.00653737    -0.00658276     0.00004539
    -0.00841934    -0.00856084     0.00014151
    -0.00841950    -0.00856084     0.00014134
    -0.01661244    -0.01641144    -0.00020100
    -0.01322699    -0.01324786     0.00002087
    -0.00473304    -0.00451011    -0.00022293
    -0.00791900    -0.00804116     0.00012216
    -0.00574528    -0.00568882    -0.00005646
    -0.00941076    -0.00947509     0.00006433
    -0.00743848    -0.00753775     0.00009927
    -0.01094850    -0.01093381    -0.00001469
    -0.01383326    -0.01393769     0.00010443
    -0.01649489    -0.01653725     0.00004236
    -0.01518466    -0.01505602    -0.00012864
    -0.01535816    -0.01521314    -0.00014502
    -0.00579137    -0.00572890    -0.00006247
    -0.01134054    -0.01134901     0.00000847
    -0.01189154    -0.01186013    -0.00003140
    -0.00492151    -0.00468425    -0.00023726
    -0.01772961    -0.01777382     0.00004422
    -0.01122415    -0.01123488     0.00001073
    -0.00510170    -0.00487782    -0.00022388
    -0.01057690    -0.01069791     0.00012100
    -0.00516861    -0.00493625    -0.00023236
    -0.01001722    -0.01016374     0.00014652
    -0.00606621    -0.00589422    -0.00017198
    -0.00574694    -0.00557722    -0.00016972
    -0.01028207    -0.01038842     0.00010635
    -0.01094752    -0.01110749     0.00015997
    -0.00702688    -0.00701003    -0.00001685
    -0.00556495    -0.00533730    -0.00022764
    -0.01551645    -0.01569832     0.00018187
    -0.00723017    -0.00711935    -0.00011082
    -0.01325404    -0.01343856     0.00018452
    -0.00876667    -0.00880528     0.00003862
    -0.00876694    -0.00880528     0.00003835
    -0.01221682    -0.01240881     0.00019199
    -0.01221682    -0.01240881     0.00019199
    -0.01083484    -0.01098074     0.00014590
    -0.01671179    -0.01679429     0.00008250
    -0.01037418    -0.01050633     0.00013215
    -0.01394788    -0.01413264     0.00018476
    -0.01084537    -0.01093498     0.00008961
    -0.01481480    -0.01492872     0.00011391
    -0.00599236    -0.00578171    -0.00021064
    -0.00944453    -0.00948904     0.00004451
    -0.00794532    -0.00792062    -0.00002470
    -0.00832358    -0.00828401    -0.00003957
    -0.01048574    -0.01060651     0.00012077
    -0.01510531    -0.01527326     0.00016795
    -0.00617538    -0.00607478    -0.00010060
    -0.00801764    -0.00801887     0.00000123
    -0.00795430    -0.00792767    -0.00002662
    -0.01022517    -0.01033176     0.00010659
    -0.00646311    -0.00626308    -0.00020003
    -0.00654739    -0.00636364    -0.00018375
    -0.01583284    -0.01594885     0.00011601
    -0.00655792    -0.00637333    -0.00018459
    -0.00782316    -0.00779033    -0.00003283
    -0.00793721    -0.00790866    -0.00002855
    -0.01029507    -0.01039630     0.00010123
    -0.00672086    -0.00653583    -0.00018503
    -0.01526687    -0.01540509     0.00013823
    -0.01532254    -0.01544053     0.00011799
    -0.01229566    -0.01245244     0.00015679
    -0.00798447    -0.00792845    -0.00005602
    -0.00851882    -0.00850883    -0.00000999
    -0.00949332    -0.00954030     0.00004699
    -0.00744512    -0.00730963    -0.00013548
    -0.01374238    -0.01386774     0.00012536
    -0.00903168    -0.00903827     0.00000660
    -0.00771429    -0.00759870    -0.00011559
    -0.00846625    -0.00841712    -0.00004913
    -0.01109977    -0.01119228     0.00009251
    -0.00888648    -0.00894786     0.00006138
    -0.01445376    -0.01457801     0.00012425
    -0.00780847    -0.00768325    -0.00012522
    -0.01073367    -0.01080261     0.00006894
    -0.01395838    -0.01407658     0.00011820
    -0.00837104    -0.00827851    -0.00009253
    -0.00840990    -0.00831472    -0.00009518
    -0.01119615    -0.01126925     0.00007310
    -0.00865929    -0.00857832    -0.00008097
    -0.01145975    -0.01152627     0.00006652
    -0.01107365    -0.01111734     0.00004369
    -0.04466303    -0.04454959    -0.00011344
    -0.02817649    -0.02821254     0.00003605
     0.02655747     0.02653590     0.00002156
     0.01874320     0.01841201     0.00033120
    -0.02794003    -0.02808570     0.00014567
    -0.02729327    -0.02752707     0.00023381
     0.01692747     0.01742701    -0.00049955
     0.01982537     0.01956561     0.00025976
    -0.03040682    -0.03059733     0.00019051
    -0.02884540    -0.02898755     0.00014214
    -0.03278504    -0.03287696     0.00009192
     0.03381793     0.03400099    -0.00018306
    -0.04561126    -0.04562355     0.00001229
    -0.02964504    -0.02955227    -0.00009277
    -0.03734385    -0.03704468    -0.00029917
    -0.03329574    -0.03334473     0.00004899
    -0.03156796    -0.03177671     0.00020876
    -0.03295288    -0.03303489     0.00008201
    -0.03295302    -0.03303490     0.00008188
    -0.03367485    -0.03359764    -0.00007722
    -0.04733968    -0.04722373    -0.00011595
    -0.03038407    -0.03046815     0.00008408
    -0.02764584    -0.02779170     0.00014586
    -0.01893366    -0.01902775     0.00009410
    -0.03582825    -0.03585779     0.00002954
    -0.02860390    -0.02876248     0.00015858
     0.04762423     0.04767589    -0.00005166
    -0.04571766    -0.04565212    -0.00006554
     0.04791702     0.04771189     0.00020513
     0.02703329     0.02789257    -0.00085928
    -0.04021418    -0.04060126     0.00038708
     0.01212964     0.01201867     0.00011097
    -0.03870077    -0.03866024    -0.00004053
     0.01995441     0.01983044     0.00012397
     0.02289427     0.02314536    -0.00025109
    -0.00944902    -0.00939300    -0.00005601
    -0.03670095    -0.03668866    -0.00001229
    -0.03784497    -0.03772336    -0.00012161
    -0.03984838    -0.03978406    -0.00006432
    -0.03261200    -0.03326155     0.00064954
    -0.04569045    -0.04540650    -0.00028395
     0.05745499     0.05576952     0.00168547
    -0.03164388    -0.03162697    -0.00001690
    -0.02917101    -0.02952747     0.00035646
    -0.04455347    -0.04486502     0.00031155
    -0.04656203    -0.04648199    -0.00008004
    -0.00321511    -0.00318345    -0.00003166
    -0.02522713    -0.02517603    -0.00005111
    -0.04109616    -0.04144441     0.00034825
    -0.00952545    -0.00926134    -0.00026411
     0.02744992     0.02693312     0.00051681
    -0.03406988    -0.03400451    -0.00006537
     0.02124662     0.02123889     0.00000773
     0.02469017     0.02488242    -0.00019225
    -0.04141734    -0.04144804     0.00003070
     0.03698800     0.03711097    -0.00012296
    -0.03181487    -0.03199290     0.00017803
    -0.03495697    -0.03510121     0.00014424
     0.01749151     0.01771201    -0.00022050
    -0.02052354    -0.02033500    -0.00018853
    -0.02334712    -0.02329576    -0.00005137
    -0.04418430    -0.04375203    -0.00043226
    -0.03969170    -0.03975542     0.00006372
     0.04562843     0.04516797     0.00046046
    -0.03328924    -0.03305440    -0.00023484
     0.02508060     0.02526722    -0.00018662
    -0.04850982    -0.04862222     0.00011240
    -0.02999770    -0.03000412     0.00000643
     0.02030190     0.02069859    -0.00039669
    -0.04089224    -0.04084598    -0.00004625
    -0.04692900    -0.04719018     0.00026118
    -0.04434808    -0.04437911     0.00003103
    -0.03643199    -0.03644220     0.00001021
    -0.02933287    -0.02948409     0.00015122
    -0.04693110    -0.04685198    -0.00007912
    -0.01634485    -0.01620791    -0.00013694
    -0.03256680    -0.03259371     0.00002690
    -0.03018575    -0.03032813     0.00014238
    -0.04165663    -0.04199112     0.00033449
    -0.02619991    -0.02654054     0.00034063
    -0.05612806    -0.05647061     0.00034256
    -0.02532849    -0.02559157     0.00026308
    -0.02619115    -0.02631393     0.00012278
    -0.04255039    -0.04249236    -0.00005803
    -0.04178006    -0.04214138     0.00036132
    -0.02783126    -0.02777409    -0.00005717
    -0.02366144    -0.02394839     0.00028695
    -0.03205501    -0.03215410     0.00009909
    -0.03195262    -0.03194824    -0.00000437
    -0.04454477    -0.04470107     0.00015630
    -0.03807393    -0.03834462     0.00027070
    -0.03255078    -0.03266856     0.00011779
    -0.04793903    -0.04822293     0.00028389
    -0.03361874    -0.03370213     0.00008339
    -0.02949703    -0.02998084     0.00048381
    -0.02884363    -0.02891811     0.00007448
    -0.04308466    -0.04293063    -0.00015403
    -0.04598460    -0.04575785    -0.00022675
    -0.03403181    -0.03416774     0.00013593
    -0.04133355    -0.04136874     0.00003519
     0.00673204     0.00657364     0.00015840
    -0.03240177    -0.03232495    -0.00007682
    -0.00459576    -0.00454992    -0.00004584
    -0.02942218    -0.02925085    -0.00017133
    -0.00799294    -0.00783192    -0.00016102
     0.00937889     0.00953166    -0.00015277
    -0.01228926    -0.01267189     0.00038263
     0.01252056     0.01246925     0.00005131
     0.00014985     0.00015919    -0.00000934
     0.00709382     0.00701272     0.00008109
    -0.00314640    -0.00319319     0.00004679
     0.00373316     0.00324836     0.00048480
    -0.00396731    -0.00401466     0.00004735
     0.01626841     0.01633630    -0.00006789
     0.00382331     0.00375955     0.00006375
     0.00349620     0.00340075     0.00009545
    -0.01208986    -0.01242472     0.00033487
    -0.00825343    -0.00810555    -0.00014788
    -0.01818344    -0.01836987     0.00018644
     0.02201831     0.02240896    -0.00039065
     0.01665995     0.01656335     0.00009660
     0.00082304     0.00076122     0.00006181
     0.00243776     0.00260319    -0.00016543
    -0.01188844    -0.01217787     0.00028943
     0.00263273     0.00238764     0.00024508
    -0.00850927    -0.00837576    -0.00013351
    -0.00849270    -0.00844107    -0.00005164
     0.01542254     0.01511143     0.00031111
    -0.00460509    -0.00494941     0.00034431
     0.00166760     0.00143640     0.00023119
    -0.01168443    -0.01193116     0.00024673
     0.01959133     0.01983966    -0.00024833
    -0.00876038    -0.00864278    -0.00011760
    -0.03570547    -0.03584048     0.00013500
     0.00524521     0.00514601     0.00009921
    -0.01147768    -0.01168440     0.00020671
    -0.03427456    -0.03432502     0.00005045
     0.00124054     0.00143682    -0.00019628
    -0.03876126    -0.03887367     0.00011241
    -0.00900710    -0.00890686    -0.00010025
    -0.01377590    -0.01362236    -0.00015354
    -0.01126889    -0.01143739     0.00016850
     0.00877611     0.00896189    -0.00018579
    -0.00924940    -0.00916823    -0.00008117
    -0.01105707    -0.01118993     0.00013286
    -0.00948769    -0.00942713    -0.00006055
     0.01306304     0.01319494    -0.00013190
    -0.01084246    -0.01094182     0.00009936
     0.00592958     0.00560656     0.00032302
    -0.00972222    -0.00968380    -0.00003842
    -0.00381474    -0.00376703    -0.00004771
     0.01197818     0.01198035    -0.00000217
    -0.01062518    -0.01069284     0.00006766
    -0.00995360    -0.00993848    -0.00001512
     0.00723020     0.00719181     0.00003839
    -0.01040463    -0.01044277     0.00003814
    -0.01018068    -0.01019139     0.00001072
     0.01745551     0.01752286    -0.00006735
     0.01202384     0.01213944    -0.00011560
     0.00590977     0.00605517    -0.00014541
     0.00300147     0.00291229     0.00008918
     0.01203551     0.01193164     0.00010387
     0.00696658     0.00683914     0.00012744
     0.00565953     0.00560239     0.00005714
     0.00582389     0.00604735    -0.00022346
    -0.00566283    -0.00559028    -0.00007255
     0.01290941     0.01297316    -0.00006375
     0.00336221     0.00328934     0.00007287
     0.01013243     0.00996356     0.00016887
     0.01801429     0.01800240     0.00001189
     0.00662303     0.00668295    -0.00005992
    -0.00069756    -0.00043966    -0.00025790
    -0.03237472    -0.03233829    -0.00003643
     0.00257958     0.00251907     0.00006052
     0.00048031     0.00040230     0.00007801
     0.00232157     0.00224927     0.00007230
     0.01312528     0.01320386    -0.00007858
     0.01349320     0.01379506    -0.00030185
    -0.00049677    -0.00079057     0.00029380
     0.00805579     0.00840803    -0.00035224
     0.00842296     0.00853643    -0.00011347
     0.00241939     0.00249802    -0.00007863
     0.01749698     0.01750530    -0.00000832
     0.00332471     0.00344575    -0.00012104
    -0.00069661    -0.00085267     0.00015606
     0.00000533    -0.00008604     0.00009138
     0.00379457     0.00381307    -0.00001850
    -0.00219212    -0.00217478    -0.00001734
     0.00105735     0.00107707    -0.00001972
     0.00509046     0.00490775     0.00018271
     0.01898332     0.01895361     0.00002970
    -0.00160947    -0.00159881    -0.00001066
     0.01104012     0.01056204     0.00047808
     0.01791775     0.01801129    -0.00009354
     0.00262848     0.00260957     0.00001891
     0.00909783     0.00873891     0.00035892
     0.01672994     0.01675784    -0.00002790
     0.00408712     0.00387260     0.00021452
     0.01786917     0.01792980    -0.00006063
     0.00539392     0.00544707    -0.00005315
     0.01298506     0.01298336     0.00000170
    -0.01722821    -0.01696701    -0.00026120
     0.00038975    -0.00014690     0.00053664
    -0.00454144    -0.00444325    -0.00009820
    -0.00357786    -0.00357761    -0.00000025
     0.05068028     0.04991532     0.00076496
     0.00962842     0.00932692     0.00030150
    -0.02451174    -0.02434955    -0.00016219
    -0.00246312    -0.00254029     0.00007717
    -0.00246285    -0.00254029     0.00007744
    -0.00246285    -0.00254029     0.00007744
    -0.00246285    -0.00254029     0.00007744
    -0.00246285    -0.00254029     0.00007744
    -0.00246285    -0.00254029     0.00007744
    -0.00246285    -0.00254029     0.00007744
    -0.00246285    -0.00254029     0.00007744
    -0.00246285    -0.00254029     0.00007744
    -0.00246285    -0.00254029     0.00007744
    -0.00246285    -0.00254029     0.00007744
    -0.00246285    -0.00254029     0.00007744
     0.01108459     0.01084562     0.00023897
    -0.01055323    -0.01116881     0.00061558
    -0.00995700    -0.01023198     0.00027498
     0.01561406     0.01551699     0.00009706
    -0.00514467    -0.00503328    -0.00011139
     0.01063127     0.01066013    -0.00002886
    -0.01532257    -0.01554510     0.00022253
    -0.02251345    -0.02234689    -0.00016656
    -0.01213296    -0.01203626    -0.00009670
     0.00619568     0.00600242     0.00019326
     0.01357655     0.01377623    -0.00019968
     0.00314735     0.00318480    -0.00003745
    -0.03366617    -0.03407992     0.00041375
    -0.01145455    -0.01139664    -0.00005791
    -0.00492668    -0.00483595    -0.00009072
     0.01094809     0.01076916     0.00017893
    -0.00341500    -0.00329345    -0.00012155
     0.01531424     0.01512237     0.00019187
     0.00042722     0.00044844    -0.00002122
    -0.00381071    -0.00380513    -0.00000558
    -0.00778308    -0.00788188     0.00009879
    -0.01703961    -0.01719541     0.00015581
    -0.01703961    -0.01719541     0.00015581
     0.03297130     0.03262960     0.00034170
    -0.03286452    -0.03269593    -0.00016860
    -0.01247204    -0.01249219     0.00002015
    -0.00728386    -0.00730219     0.00001833
    -0.01445572    -0.01439973    -0.00005599
     0.00902841     0.00902676     0.00000165
     0.01049875     0.01035282     0.00014594
    -0.02247856    -0.02249800     0.00001944
    -0.00089955    -0.00081593    -0.00008362
    -0.00676149    -0.00674862    -0.00001286
    -0.02089843    -0.02092303     0.00002460
    -0.02089815    -0.02092303     0.00002487
    -0.02334906    -0.02346455     0.00011549
     0.00622109     0.00606754     0.00015355
    -0.01238270    -0.01247714     0.00009444
    -0.01663960    -0.01672708     0.00008748
    -0.01835503    -0.01869970     0.00034467
    -0.01513236    -0.01518910     0.00005674
    -0.01513236    -0.01518910     0.00005674
    -0.00244478    -0.00268253     0.00023775
    -0.01331663    -0.01314090    -0.00017573
    -0.00814437    -0.00828527     0.00014091
    -0.02039692    -0.02050519     0.00010827
    -0.01362651    -0.01370420     0.00007769
    -0.00027421    -0.00043380     0.00015959
    -0.00605170    -0.00597718    -0.00007452
    -0.00944426    -0.00939651    -0.00004774
    -0.00976045    -0.00955946    -0.00020099
     0.00832649     0.00834410    -0.00001761
    -0.00687790    -0.00679939    -0.00007850
    -0.00558084    -0.00592176     0.00034093
    -0.01876799    -0.01887883     0.00011084
    -0.01876799    -0.01887883     0.00011084
    -0.01706810    -0.01723605     0.00016795
    -0.00777925    -0.00769382    -0.00008543
     0.00883554     0.00872851     0.00010703
    -0.01675538    -0.01678002     0.00002464
    -0.00697896    -0.00690076    -0.00007819
    -0.00841232    -0.00848943     0.00007711
     0.00321971     0.00301372     0.00020599
    -0.01956673    -0.01989178     0.00032505
    -0.01737265    -0.01748524     0.00011260
    -0.01737265    -0.01748524     0.00011260
    -0.00853417    -0.00848299    -0.00005118
    -0.01267536    -0.01288308     0.00020772
     0.00626295     0.00613201     0.00013094
    -0.00656624    -0.00658807     0.00002183
    -0.01199434    -0.01219633     0.00020198
    -0.00779095    -0.00773399    -0.00005695
     0.01120766     0.01103111     0.00017655
    -0.05506420    -0.05497934    -0.00008486
     0.00725015     0.00716664     0.00008351
    -0.01556230    -0.01591542     0.00035312
    -0.00645808    -0.00689452     0.00043644
     0.00016169     0.00012160     0.00004009
     0.00454958     0.00455348    -0.00000390
    -0.01105008    -0.01101770    -0.00003239
    -0.00466839    -0.00473048     0.00006210
    -0.00472790    -0.00480439     0.00007649
    -0.00437676    -0.00445430     0.00007753
    -0.00437676    -0.00445430     0.00007754
    -0.00451513    -0.00458554     0.00007041
    -0.01159728    -0.01158662    -0.00001065
    -0.00442193    -0.00450618     0.00008424
    -0.02008306    -0.02002329    -0.00005977
    -0.02086917    -0.02094157     0.00007239
    -0.01790117    -0.01794933     0.00004816
    -0.00488872    -0.00495363     0.00006491
    -0.01494781    -0.01516733     0.00021952
    -0.00259395    -0.00211176    -0.00048219
    -0.00387234    -0.00394367     0.00007133
    -0.00387234    -0.00394367     0.00007133
    -0.01878448    -0.01869793    -0.00008655
    -0.01955002    -0.01960121     0.00005119
    -0.02261840    -0.02265205     0.00003364
    -0.02261827    -0.02265204     0.00003378
    -0.01615437    -0.01639299     0.00023863
    -0.01615437    -0.01639299     0.00023863
    -0.01833383    -0.01845490     0.00012106
    -0.02123111    -0.02129509     0.00006397
    -0.02238142    -0.02245671     0.00007529
    -0.01825525    -0.01824256    -0.00001269
    -0.01680654    -0.01688315     0.00007661
    -0.00501898    -0.00452987    -0.00048911
    -0.01901262    -0.01895064    -0.00006199
    -0.01984469    -0.01985455     0.00000986
    -0.01552157    -0.01575445     0.00023289
     0.00354464     0.00362737    -0.00008274
    -0.01665832    -0.01655435    -0.00010397
    -0.01665832    -0.01655435    -0.00010397
    -0.02007542    -0.02003421    -0.00004120
    -0.01955642    -0.01951152    -0.00004490
    -0.01960423    -0.01956482    -0.00003940
    -0.01633146    -0.01657305     0.00024160
    -0.01958771    -0.01960559     0.00001788
    -0.01921782    -0.01934053     0.00012271
    -0.02346743    -0.02324558    -0.00022185
    -0.01837188    -0.01833086    -0.00004102
    -0.02049787    -0.02065307     0.00015519
    -0.01994499    -0.02005214     0.00010715
    -0.01780202    -0.01772941    -0.00007260
    -0.01667908    -0.01657885    -0.00010023
     0.00587948     0.00602708    -0.00014760
    -0.00041693     0.00009552    -0.00051246
    -0.00176719    -0.00146424    -0.00030295
    -0.01698918    -0.01713173     0.00014255
    -0.00021190    -0.00045030     0.00023840
    -0.01652028    -0.01674717     0.00022689
    -0.01652001    -0.01674717     0.00022716
    -0.02208784    -0.02212320     0.00003537
    -0.00060020     0.00006352    -0.00066372
    -0.01728152    -0.01717790    -0.00010362
    -0.02283139    -0.02263581    -0.00019558
    -0.02283133    -0.02263580    -0.00019553
    -0.01902623    -0.01899034    -0.00003588
    -0.01769121    -0.01776892     0.00007771
    -0.02254512    -0.02243231    -0.00011281
    -0.01260559    -0.01260614     0.00000054
    -0.02156747    -0.02161529     0.00004782
    -0.01758898    -0.01747426    -0.00011472
    -0.01758871    -0.01747426    -0.00011445
    -0.01211786    -0.01181780    -0.00030006
    -0.01764653    -0.01766139     0.00001487
    -0.01778680    -0.01782679     0.00003999
    -0.01851114    -0.01870557     0.00019443
    -0.01846034    -0.01864432     0.00018398
    -0.00105488    -0.00100508    -0.00004980
    -0.01861033    -0.01868521     0.00007488
    -0.01860984    -0.01868522     0.00007538
    -0.02054906    -0.02060854     0.00005948
    -0.02054881    -0.02060854     0.00005972
    -0.02163088    -0.02159546    -0.00003542
    -0.00593682    -0.00562828    -0.00030854
    -0.01831811    -0.01833690     0.00001879
    -0.01956305    -0.01963181     0.00006876
    -0.01956267    -0.01963181     0.00006914
    -0.01855942    -0.01843188    -0.00012754
    -0.01855915    -0.01843187    -0.00012727
    -0.02022108    -0.02030525     0.00008417
    -0.02170693    -0.02152892    -0.00017801
    -0.02170690    -0.02152892    -0.00017798
    -0.01804988    -0.01791876    -0.00013112
    -0.00769250    -0.00731789    -0.00037461
    -0.01365944    -0.01366883     0.00000939
    -0.01846401    -0.01836093    -0.00010309
    -0.01846401    -0.01836093    -0.00010309
    -0.00390807    -0.00380778    -0.00010029
    -0.01956980    -0.01942696    -0.00014284
    -0.01956978    -0.01942696    -0.00014281
    -0.02061924    -0.02045933    -0.00015990
    -0.02061921    -0.02045934    -0.00015987
    -0.01964885    -0.01949455    -0.00015431
    -0.02082558    -0.02069616    -0.00012942
    -0.01991182    -0.01974377    -0.00016806
    -0.01708921    -0.01710854     0.00001933
    -0.01475861    -0.01477394     0.00001533
    -0.01590239    -0.01592073     0.00001834
     0.03377948     0.03349662     0.00028286
    -0.03780565    -0.03774824    -0.00005741
     0.03503047     0.03493797     0.00009250
     0.03562354     0.03574371    -0.00012017
    -0.01807519    -0.01792789    -0.00014730
     0.03526136     0.03492482     0.00033654
     0.03673434     0.03635069     0.00038365
    -0.03394400    -0.03412716     0.00018316
    -0.03444613    -0.03437903    -0.00006711
    -0.04435298    -0.04457744     0.00022446
     0.02588195     0.02573522     0.00014673
    -0.01718434    -0.01696567    -0.00021868
     0.04584670     0.04585642    -0.00000972
     0.04116038     0.04089736     0.00026302
     0.03248041     0.03258690    -0.00010650
     0.03499746     0.03484346     0.00015400
    -0.03695214    -0.03725059     0.00029845
     0.02194114     0.02186815     0.00007299
     0.02899809     0.02930752    -0.00030944
    -0.03251785    -0.03237473    -0.00014313
    -0.03397480    -0.03414131     0.00016650
     0.02676267     0.02695118    -0.00018851
     0.03743669     0.03709365     0.00034304
    -0.01967726    -0.01946356    -0.00021370
    -0.04233945    -0.04271405     0.00037460
    -0.03510291    -0.03507487    -0.00002804
     0.03808819     0.03787798     0.00021021
     0.02310502     0.02301824     0.00008678
     0.03383066     0.03366249     0.00016817
     0.04489479     0.04488622     0.00000857
    -0.03547684    -0.03560180     0.00012496
     0.03311550     0.03282144     0.00029405
    -0.03592861    -0.03602532     0.00009671
     0.02803951     0.02820632    -0.00016681
    -0.03929841    -0.03928895    -0.00000946
     0.02428159     0.02418016     0.00010143
     0.03265075     0.03247658     0.00017417
     0.04392046     0.04389881     0.00002165
     0.04178953     0.04186303    -0.00007350
     0.02725084     0.02729726    -0.00004642
     0.03960408     0.03989263    -0.00028855
     0.02546822     0.02535185     0.00011637
    -0.03915011    -0.03950683     0.00035672
     0.03146085     0.03128730     0.00017355
     0.03255097     0.03248607     0.00006490
     0.02666272     0.02653129     0.00013143
     0.02930002     0.02944389    -0.00014386
    -0.03558376    -0.03564369     0.00005993
     0.03026393     0.03009634     0.00016759
     0.02786177     0.02771647     0.00014529
     0.02906337     0.02890546     0.00015791
     0.04292354     0.04289402     0.00002952
    -0.03206339    -0.03200571    -0.00005768
     0.03938309     0.03932019     0.00006291
    -0.02966025    -0.02970467     0.00004442
     0.03054304     0.03066370    -0.00012066
     0.03288602     0.03270931     0.00017671
     0.03626197     0.03564271     0.00061927
     0.04190426     0.04187169     0.00003256
     0.02635880     0.02610447     0.00025433
    -0.04742732    -0.04761537     0.00018804
    -0.03796862    -0.03773166    -0.00023696
     0.03176829     0.03186563    -0.00009735
     0.04086258     0.04083171     0.00003087
     0.03297498     0.03304958    -0.00007461
     0.03437416     0.03478379    -0.00040964
    -0.04795147    -0.04779980    -0.00015166
     0.03979905     0.03977394     0.00002511
     0.02425329     0.02396406     0.00028924
    -0.04660742    -0.04642533    -0.00018209
     0.03416281     0.03421548    -0.00005267
     0.03871364     0.03869829     0.00001535
    -0.03434744    -0.03429956    -0.00004787
     0.03533088     0.03536330    -0.00003242
     0.03760682     0.03760467     0.00000214
     0.03647929     0.03649302    -0.00001374
    -0.04378470    -0.04446003     0.00067533
     0.03002556     0.03009586    -0.00007030
     0.02714268     0.02731344    -0.00017076
     0.03651635     0.03656786    -0.00005151
    -0.03221238    -0.03220713    -0.00000525
     0.03045659     0.03085437    -0.00039779
     0.04490611     0.04465678     0.00024933
     0.03938062     0.03927757     0.00010305
     0.03659915     0.03638894     0.00021021
    -0.03702362    -0.03695267    -0.00007095
    -0.03818362    -0.03842745     0.00024383
    -0.03566161    -0.03566146    -0.00000015
    -0.04568533    -0.04573582     0.00005049
    -0.03484851    -0.03483384    -0.00001466
     0.04146887     0.04192068    -0.00045180
    -0.03900845    -0.03893022    -0.00007822
     0.03772959     0.03799416    -0.00026456
    -0.03719258    -0.03722854     0.00003596
    -0.03806451    -0.03809156     0.00002705
    -0.03719318    -0.03719324     0.00000007
     0.03749073     0.03802999    -0.00053925
     0.04018376     0.04036062    -0.00017686
     0.03565268     0.03588168    -0.00022900
     0.04610210     0.04590569     0.00019641
    -0.01728748    -0.01739516     0.00010769
    -0.00419197    -0.00374219    -0.00044978
    -0.02415280    -0.02456276     0.00040996
     0.01554867     0.01538353     0.00016514
    -0.06052406    -0.06073520     0.00021115
     0.00945688     0.00977144    -0.00031456
     0.00107719     0.00119774    -0.00012055
    -0.03088201    -0.03110457     0.00022256
    -0.00264280    -0.00269288     0.00005008
    -0.00817686    -0.00806552    -0.00011133
    -0.00795533    -0.00773234    -0.00022299
     0.01732097     0.01688308     0.00043789
    -0.00852312    -0.00842805    -0.00009508
    -0.02377413    -0.02409731     0.00032319
     0.00057827     0.00052639     0.00005188
     0.00362287     0.00385330    -0.00023043
    -0.01407177    -0.01300539    -0.00106638
    -0.00066578    -0.00040835    -0.00025743
    -0.01548619    -0.01603408     0.00054789
    -0.00831030    -0.00847035     0.00016004
    -0.01048746    -0.01055163     0.00006417
    -0.00784700    -0.00790672     0.00005972
     0.01194313     0.01235297    -0.00040984
    -0.01701071    -0.01742001     0.00040931
     0.01771992     0.01698041     0.00073951
    -0.01402820    -0.01449838     0.00047018
     0.00254375     0.00256852    -0.00002477
    -0.01164364    -0.01168950     0.00004585
    -0.01992652    -0.02026458     0.00033806
     0.00902762     0.00941540    -0.00038778
    -0.01628035    -0.01594459    -0.00033577
    -0.00123281    -0.00100379    -0.00022903
     0.02818177     0.02860197    -0.00042019
     0.01616340     0.01671166    -0.00054826
    -0.01649824    -0.01677870     0.00028046
     0.02778438     0.02781948    -0.00003511
    -0.03239371    -0.03187092    -0.00052279
     0.01969873     0.01945560     0.00024313
     0.00431328     0.00402969     0.00028359
     0.01246973     0.01198232     0.00048741
     0.02840741     0.02836906     0.00003835
    -0.00650883    -0.00636539    -0.00014343
    -0.00405031    -0.00412317     0.00007286
    -0.01654798    -0.01676931     0.00022133
    -0.01415583    -0.01422988     0.00007405
    -0.02600962    -0.02574654    -0.00026309
    -0.01367603    -0.01398018     0.00030414
    -0.01851661    -0.01851692     0.00000031
     0.00038322     0.00042485    -0.00004163
     0.00362994     0.00351911     0.00011083
    -0.02020739    -0.02041623     0.00020884
     0.00372611     0.00340016     0.00032595
    -0.01057728    -0.01046736    -0.00010992
    -0.01095533    -0.01111430     0.00015897
     0.02730608     0.02710076     0.00020532
    -0.02147367    -0.02164722     0.00017354
    -0.01733183    -0.01756331     0.00023148
     0.00005508     0.00022454    -0.00016947
     0.00941917     0.00952269    -0.00010353
    -0.01970752    -0.01954188    -0.00016564
    -0.00461821    -0.00475864     0.00014044
    -0.01054773    -0.01072937     0.00018164
    -0.00045536    -0.00056793     0.00011258
    -0.01375873    -0.01382521     0.00006648
     0.00240810     0.00233369     0.00007441
    -0.01610688    -0.01482118    -0.00128570
    -0.00367697    -0.00380802     0.00013106
    -0.02699193    -0.02757779     0.00058587
     0.01642659     0.01743677    -0.00101018
     0.02332380     0.02350368    -0.00017988
    -0.01398649    -0.01447301     0.00048652
     0.01330242     0.01310903     0.00019339
    -0.00966045    -0.00960170    -0.00005875
    -0.00610093    -0.00619535     0.00009442
     0.00206583     0.00200509     0.00006074
     0.01932487     0.01908382     0.00024105
    -0.02683851    -0.02731195     0.00047344
    -0.00373555    -0.00368810    -0.00004745
    -0.00003586    -0.00032496     0.00028910
    -0.02179814    -0.02198012     0.00018198
    -0.01294859    -0.01310946     0.00016087
    -0.05618381    -0.05653274     0.00034893
    -0.00339261    -0.00338207    -0.00001054
     0.00048142     0.00070365    -0.00022222
    -0.00932289    -0.00920094    -0.00012195
    -0.01279406    -0.01283952     0.00004546
     0.00169796     0.00158972     0.00010824
    -0.00943329    -0.00970882     0.00027553
    -0.01676371    -0.01727365     0.00050994
    -0.01351323    -0.01349484    -0.00001839
    -0.00609704    -0.00537982    -0.00071722
    -0.00815123    -0.00808812    -0.00006310
    -0.01857618    -0.01875052     0.00017434
     0.01531857     0.01514218     0.00017638
    -0.00910869    -0.00921704     0.00010836
     0.04130144     0.04125269     0.00004875
     0.03643583     0.03679923    -0.00036340
    -0.01269256    -0.01282305     0.00013048
    -0.00919157    -0.00906465    -0.00012692
    -0.01584750    -0.01573502    -0.00011248
    -0.00267717    -0.00244708    -0.00023009
     0.03754317     0.03780725    -0.00026408
     0.01935296     0.02017555    -0.00082259
    -0.00380410    -0.00354213    -0.00026197
    -0.00314915    -0.00293112    -0.00021803
    -0.00279763    -0.00257001    -0.00022762
    -0.00405202    -0.00373801    -0.00031401
    -0.00244704    -0.00218336    -0.00026368
    -0.00245675    -0.00219130    -0.00026546
    -0.00325538    -0.00294611    -0.00030927
    -0.01295545    -0.01260714    -0.00034831
    -0.01276592    -0.01236096    -0.00040496
     0.01779317     0.01806435    -0.00027118
    -0.00285075    -0.00254828    -0.00030247
    -0.00260603    -0.00231807    -0.00028797
    -0.00319407    -0.00295994    -0.00023414
    -0.00296718    -0.00266297    -0.00030422
    -0.00338910    -0.00308998    -0.00029912
    -0.00249449    -0.00222824    -0.00026625
    -0.00378489    -0.00352212    -0.00026276
    -0.00273932    -0.00249572    -0.00024359
    -0.00273959    -0.00249572    -0.00024387
    -0.02039983    -0.01989701    -0.00050282
    -0.00351606    -0.00322088    -0.00029518
    -0.00257926    -0.00228751    -0.00029175
    -0.00262587    -0.00237552    -0.00025035
     0.01744231     0.01770753    -0.00026522
     0.00269069     0.00302608    -0.00033539
    -0.01515119    -0.01479927    -0.00035192
    -0.00393980    -0.00361349    -0.00032631
     0.03690449     0.03714607    -0.00024158
    -0.00292441    -0.00261602    -0.00030838
     0.04048801     0.04061877    -0.00013075
    -0.00269733    -0.00239673    -0.00030060
    -0.00394927    -0.00362936    -0.00031991
    -0.00257003    -0.00228212    -0.00028791
    -0.00259910    -0.00233005    -0.00026904
    -0.00256753    -0.00229193    -0.00027560
    -0.00344725    -0.00314366    -0.00030358
    -0.01332133    -0.01298948    -0.00033186
    -0.00390347    -0.00356952    -0.00033395
     0.03749231     0.03773221    -0.00023990
    -0.01775948    -0.01723989    -0.00051959
    -0.00315358    -0.00290648    -0.00024710
    -0.00199201    -0.00168146    -0.00031055
    -0.00199201    -0.00168146    -0.00031055
    -0.00347993    -0.00315409    -0.00032584
    -0.00271221    -0.00244549    -0.00026672
    -0.00265172    -0.00237676    -0.00027497
    -0.00306022    -0.00274485    -0.00031537
    -0.00321677    -0.00296184    -0.00025493
    -0.01715825    -0.01672594    -0.00043231
    -0.00263156    -0.00233296    -0.00029860
    -0.01538306    -0.01497055    -0.00041251
    -0.00263926    -0.00233939    -0.00029987
    -0.00364665    -0.00335629    -0.00029036
     0.03705557     0.03735918    -0.00030361
    -0.00276800    -0.00245313    -0.00031487
    -0.00358213    -0.00327974    -0.00030239
    -0.00285145    -0.00257506    -0.00027639
    -0.00308757    -0.00281615    -0.00027142
    -0.00262895    -0.00234425    -0.00028470
    -0.00262895    -0.00234425    -0.00028470
    -0.00311361    -0.00284138    -0.00027223
    -0.01544627    -0.01579329     0.00034702
    -0.00306397    -0.00278519    -0.00027879
    -0.00217294    -0.00184853    -0.00032441
    -0.00217294    -0.00184853    -0.00032441
    -0.00303366    -0.00275016    -0.00028351
    -0.00351892    -0.00320831    -0.00031061
    -0.00346673    -0.00317706    -0.00028967
    -0.00257597    -0.00225822    -0.00031774
    -0.00257597    -0.00225822    -0.00031774
    -0.00293750    -0.00263609    -0.00030141
    -0.02370593    -0.02364486    -0.00006107
    -0.00261063    -0.00229172    -0.00031892
    -0.00288784    -0.00257671    -0.00031113
    -0.00264465    -0.00232527    -0.00031938
    -0.00296321    -0.00263570    -0.00032752
    -0.00291763    -0.00260404    -0.00031360
    -0.00234271    -0.00201700    -0.00032571
    -0.00234271    -0.00201700    -0.00032571
    -0.00271240    -0.00239243    -0.00031997
    -0.00342896    -0.00312035    -0.00030861
    -0.00249928    -0.00218348    -0.00031580
    -0.00249928    -0.00218348    -0.00031580
    -0.00307551    -0.00275783    -0.00031768
     0.04137304     0.04151528    -0.00014225
    -0.00332316    -0.00299320    -0.00032996
    -0.00300240    -0.00267517    -0.00032722
    -0.00335032    -0.00304239    -0.00030793
    -0.00296310    -0.00265783    -0.00030527
     0.03809553     0.03843266    -0.00033713
     0.03040894     0.03083168    -0.00042274
    -0.00324398    -0.00291195    -0.00033202
    -0.00307834    -0.00276053    -0.00031781
    -0.00330665    -0.00298869    -0.00031796
     0.01038182     0.01123324    -0.00085142
    -0.00316466    -0.00284249    -0.00032217
     0.02604674     0.02544187     0.00060487
    -0.00466852    -0.00470106     0.00003254
    -0.04028602    -0.04005735    -0.00022867
    -0.00567904    -0.00571703     0.00003798
    -0.02990352    -0.02995272     0.00004921
    -0.00522388    -0.00525969     0.00003581
    -0.00522361    -0.00525969     0.00003609
    -0.00688524    -0.00686267    -0.00002258
    -0.00688524    -0.00686267    -0.00002258
    -0.00709327    -0.00708019    -0.00001309
    -0.02230768    -0.02246002     0.00015234
    -0.00544524    -0.00547186     0.00002661
    -0.00544522    -0.00547186     0.00002664
    -0.00654896    -0.00653579    -0.00001317
    -0.00654896    -0.00653579    -0.00001317
    -0.00568707    -0.00570415     0.00001708
    -0.00568707    -0.00570415     0.00001708
    -0.00597565    -0.00599873     0.00002308
    -0.00623780    -0.00623470    -0.00000311
    -0.00623780    -0.00623470    -0.00000311
    -0.00595102    -0.00595795     0.00000693
    -0.00592076    -0.00590730    -0.00001346
    -0.00592076    -0.00590730    -0.00001346
    -0.00606656    -0.00608076     0.00001420
    -0.02093356    -0.02102092     0.00008736
     0.00597323     0.00608087    -0.00010765
    -0.02593732    -0.02598995     0.00005263
    -0.02021724    -0.02029877     0.00008152
    -0.02021493    -0.02029436     0.00007943
    -0.02371293    -0.02374512     0.00003219
    -0.02061600    -0.02070858     0.00009258
    -0.00377030    -0.00388172     0.00011142
    -0.03242063    -0.03206489    -0.00035573
    -0.02241211    -0.02247378     0.00006166
    -0.03028290    -0.03033593     0.00005303
    -0.02438592    -0.02434071    -0.00004521
    -0.03045909    -0.03051687     0.00005778
    -0.02778742    -0.02755921    -0.00022822
    -0.01895763    -0.01916413     0.00020650
    -0.02107397    -0.02106899    -0.00000498
    -0.02107397    -0.02106899    -0.00000498
    -0.02107397    -0.02106899    -0.00000498
    -0.02107397    -0.02106899    -0.00000498
    -0.02107397    -0.02106899    -0.00000498
    -0.02107397    -0.02106899    -0.00000498
    -0.02107397    -0.02106899    -0.00000498
    -0.02107397    -0.02106899    -0.00000498
    -0.02107397    -0.02106899    -0.00000498
    -0.02107397    -0.02106899    -0.00000498
    -0.02107397    -0.02106899    -0.00000498
    -0.02107397    -0.02106899    -0.00000498
    -0.03008572    -0.02999374    -0.00009198
    -0.02450617    -0.02450893     0.00000276
    -0.03095829    -0.03101996     0.00006167
    -0.02231595    -0.02242973     0.00011378
    -0.02256210    -0.02269633     0.00013422
    -0.02717389    -0.02712362    -0.00005027
    -0.02328584    -0.02342998     0.00014414
    -0.02057867    -0.02072160     0.00014294
     0.01825979     0.01777335     0.00048645
    -0.02707334    -0.02715172     0.00007838
    -0.02464524    -0.02473545     0.00009021
    -0.03288330    -0.03294553     0.00006223
    -0.03288330    -0.03294553     0.00006223
    -0.03288330    -0.03294553     0.00006223
    -0.03288330    -0.03294553     0.00006223
    -0.03288330    -0.03294553     0.00006223
    -0.03288330    -0.03294553     0.00006223
    -0.03288330    -0.03294553     0.00006223
    -0.03288330    -0.03294553     0.00006223
    -0.03288330    -0.03294553     0.00006223
    -0.03288330    -0.03294553     0.00006223
    -0.03288330    -0.03294553     0.00006223
    -0.03288330    -0.03294553     0.00006223
    -0.02718913    -0.02727196     0.00008284
    -0.03162877    -0.03172658     0.00009781
    -0.03156888    -0.03164489     0.00007600
     0.00941201     0.00876350     0.00064851
    -0.02914250    -0.02904339    -0.00009911
    -0.02386079    -0.02394995     0.00008915
    -0.02647268    -0.02658024     0.00010756
    -0.02647268    -0.02658024     0.00010756
    -0.02647268    -0.02658024     0.00010756
    -0.02647268    -0.02658024     0.00010756
    -0.02647268    -0.02658024     0.00010756
    -0.02647268    -0.02658024     0.00010756
    -0.02647295    -0.02658024     0.00010729
    -0.02647295    -0.02658024     0.00010729
    -0.02647295    -0.02658024     0.00010729
    -0.02647295    -0.02658024     0.00010729
    -0.02647295    -0.02658024     0.00010729
    -0.02647295    -0.02658024     0.00010729
    -0.02403258    -0.02413736     0.00010478
    -0.03422022    -0.03412472    -0.00009551
    -0.02436627    -0.02449860     0.00013233
    -0.03475754    -0.03456233    -0.00019521
    -0.03230936    -0.03241194     0.00010259
     0.00135031     0.00086958     0.00048073
    -0.02662030    -0.02677571     0.00015541
    -0.02532545    -0.02540063     0.00007518
    -0.03357673    -0.03350784    -0.00006889
    -0.00040003    -0.00075480     0.00035477
    -0.00040003    -0.00075480     0.00035477
    -0.00040003    -0.00075480     0.00035477
    -0.00039976    -0.00075480     0.00035504
    -0.00186711    -0.00212456     0.00025745
    -0.00151086    -0.00181619     0.00030533
    -0.00093066    -0.00130503     0.00037437
    -0.00108421    -0.00144319     0.00035898
    -0.00025527    -0.00063127     0.00037600
    -0.00133382    -0.00166484     0.00033102
    -0.00095049    -0.00132538     0.00037488
    -0.00180771    -0.00208052     0.00027282
    -0.00113471    -0.00149209     0.00035738
    -0.00134966    -0.00168264     0.00033298
    -0.00142073    -0.00174417     0.00032344
    -0.00178765    -0.00206501     0.00027735
    -0.00172224    -0.00200883     0.00028660
    -0.00098432    -0.00136065     0.00037634
    -0.00143932    -0.00176300     0.00032369
    -0.00101722    -0.00130579     0.00028858
    -0.00101722    -0.00130579     0.00028858
    -0.00101722    -0.00130579     0.00028858
    -0.00101722    -0.00130579     0.00028858
    -0.00101722    -0.00130579     0.00028858
    -0.00101722    -0.00130579     0.00028858
    -0.00101722    -0.00130579     0.00028858
    -0.00101722    -0.00130579     0.00028858
    -0.00101722    -0.00130579     0.00028858
    -0.00101722    -0.00130579     0.00028858
    -0.00101722    -0.00130579     0.00028858
    -0.00101722    -0.00130579     0.00028858
    -0.00061898    -0.00095870     0.00033972
    -0.00147769    -0.00180006     0.00032238
    -0.00145290    -0.00177750     0.00032460
    -0.00102946    -0.00140530     0.00037583
    -0.00051879    -0.00087500     0.00035621
    -0.00051879    -0.00087500     0.00035621
    -0.00051879    -0.00087500     0.00035621
    -0.00051879    -0.00087500     0.00035621
    -0.00051879    -0.00087500     0.00035621
    -0.00051879    -0.00087500     0.00035621
    -0.00051879    -0.00087500     0.00035621
    -0.00051879    -0.00087500     0.00035621
    -0.00051879    -0.00087500     0.00035621
    -0.00051879    -0.00087500     0.00035621
    -0.00051879    -0.00087500     0.00035621
    -0.00051879    -0.00087500     0.00035621
    -0.00035742    -0.00073215     0.00037473
    -0.00113828    -0.00150284     0.00036456
    -0.00125439    -0.00160512     0.00035073
    -0.00160800    -0.00191504     0.00030704
    -0.00150874    -0.00182909     0.00032035
    -0.00145004    -0.00177845     0.00032841
    -0.00131684    -0.00166197     0.00034513
    -0.00083163    -0.00114978     0.00031814
    -0.00104519    -0.00142191     0.00037672
    -0.00083136    -0.00114978     0.00031841
    -0.00083136    -0.00114978     0.00031841
    -0.00083136    -0.00114978     0.00031841
    -0.00083136    -0.00114978     0.00031841
    -0.00083136    -0.00114978     0.00031841
    -0.00083136    -0.00114978     0.00031841
    -0.00083136    -0.00114978     0.00031841
    -0.00083136    -0.00114978     0.00031841
    -0.00083136    -0.00114978     0.00031841
    -0.00083136    -0.00114978     0.00031841
    -0.00083136    -0.00114978     0.00031841
    -0.00164901    -0.00195232     0.00030331
    -0.00158286    -0.00189574     0.00031288
    -0.00130949    -0.00165650     0.00034701
    -0.00066401    -0.00100641     0.00034240
    -0.00066401    -0.00100641     0.00034240
    -0.00066401    -0.00100641     0.00034240
    -0.00066401    -0.00100641     0.00034240
    -0.00066401    -0.00100641     0.00034240
    -0.00066401    -0.00100641     0.00034240
    -0.00066401    -0.00100641     0.00034240
    -0.00066374    -0.00100641     0.00034267
    -0.00066374    -0.00100641     0.00034267
    -0.00066374    -0.00100641     0.00034267
    -0.00066374    -0.00100641     0.00034267
    -0.00066374    -0.00100641     0.00034267
    -0.00117882    -0.00154328     0.00036446
    -0.00162283    -0.00193217     0.00030934
    -0.00142816    -0.00176266     0.00033450
    -0.00047582    -0.00084119     0.00036537
    -0.00108029    -0.00145673     0.00037644
    -0.00112642    -0.00149803     0.00037161
    -0.01937192    -0.01899711    -0.00037481
    -0.00128255    -0.00163682     0.00035427
    -0.00114748    -0.00151927     0.00037179
    -0.00122666    -0.00158934     0.00036268
    -0.00136468    -0.00171113     0.00034645
    -0.00126288    -0.00162282     0.00035994
    -0.00144209    -0.00178166     0.00033956
    -0.00131396    -0.00167066     0.00035670
    -0.00131279    -0.00167019     0.00035740
    -0.00124405    -0.00161027     0.00036622
    -0.00119613    -0.00156856     0.00037243
    -0.06867857    -0.06880545     0.00012688
    -0.00045857    -0.00026385    -0.00019471
    -0.00045838    -0.00026543    -0.00019294
    -0.00021856    -0.00002626    -0.00019230
    -0.00021824    -0.00002597    -0.00019226
    -0.00045982    -0.00026394    -0.00019588
    -0.00141635    -0.00127816    -0.00013819
    -0.00022357    -0.00002891    -0.00019466
    -0.00046118    -0.00026458    -0.00019659
    -0.00021807    -0.00002564    -0.00019243
    -0.00022047    -0.00002689    -0.00019358
    -0.00022349    -0.00002842    -0.00019507
    -0.00022172    -0.00002729    -0.00019442
    -0.00022234    -0.00002765    -0.00019469
    -0.00165380    -0.00167397     0.00002017
    -0.00021824    -0.00002512    -0.00019311
    -0.00021859    -0.00002489    -0.00019370
    -0.00946407    -0.00940434    -0.00005973
    -0.00021913    -0.00002461    -0.00019452
    -0.00021949    -0.00002419    -0.00019529
    -0.00021946    -0.00002400    -0.00019546
    -0.00138438    -0.00147432     0.00008994
    -0.00138438    -0.00147432     0.00008994
    -0.00138438    -0.00147432     0.00008994
    -0.00138438    -0.00147432     0.00008994
    -0.00138438    -0.00147432     0.00008994
    -0.00138438    -0.00147432     0.00008994
    -0.00138438    -0.00147432     0.00008994
    -0.00138438    -0.00147432     0.00008994
    -0.00138438    -0.00147432     0.00008994
    -0.00138438    -0.00147432     0.00008994
    -0.00138438    -0.00147432     0.00008994
    -0.00138438    -0.00147432     0.00008994
    -0.00278930    -0.00287996     0.00009066
    -0.00186991    -0.00178303    -0.00008688
    -0.00181111    -0.00183761     0.00002650
    -0.00215033    -0.00223950     0.00008918
    -0.00045272    -0.00025186    -0.00020086
    -0.00211794    -0.00220536     0.00008742
    -0.00179432    -0.00184054     0.00004622
    -0.00209294    -0.00217799     0.00008506
    -0.00155083    -0.00150498    -0.00004586
    -0.00190442    -0.00196812     0.00006370
    -0.00157491    -0.00148856    -0.00008636
    -0.00219590    -0.00220467     0.00000877
    -0.00206056    -0.00214311     0.00008255
    -0.00188265    -0.00194308     0.00006043
    -0.00197111    -0.00204414     0.00007302
    -0.00082600    -0.00071675    -0.00010925
    -0.00082600    -0.00071675    -0.00010925
    -0.00082600    -0.00071675    -0.00010925
    -0.00082600    -0.00071675    -0.00010925
    -0.00082600    -0.00071675    -0.00010925
    -0.00082600    -0.00071675    -0.00010925
    -0.00082600    -0.00071675    -0.00010925
    -0.00082600    -0.00071675    -0.00010925
    -0.00082600    -0.00071675    -0.00010925
    -0.00082600    -0.00071675    -0.00010925
    -0.00082600    -0.00071675    -0.00010925
    -0.00082600    -0.00071675    -0.00010925
    -0.00192357    -0.00199825     0.00007468
     0.00718840     0.00747222    -0.00028381
    -0.00252018    -0.00258450     0.00006432
    -0.00188801    -0.00195509     0.00006708
    -0.00160446    -0.00157168    -0.00003279
    -0.00155429    -0.00148261    -0.00007168
    -0.01334618    -0.01419760     0.00085143
    -0.00252209    -0.00256066     0.00003857
    -0.00177982    -0.00169902    -0.00008079
    -0.00187059    -0.00181701    -0.00005358
    -0.01364572    -0.01410859     0.00046287
    -0.00209558    -0.00215814     0.00006256
    -0.00211525    -0.00217689     0.00006164
    -0.00199797    -0.00197567    -0.00002230
    -0.03537774    -0.03476729    -0.00061045
    -0.00238026    -0.00243696     0.00005670
    -0.00394056    -0.00392138    -0.00001918
    -0.00200654    -0.00205209     0.00004555
    -0.00111523    -0.00113118     0.00001595
    -0.00111523    -0.00113118     0.00001595
    -0.00111523    -0.00113118     0.00001595
    -0.00111523    -0.00113118     0.00001595
    -0.00111523    -0.00113118     0.00001595
    -0.00111523    -0.00113118     0.00001595
    -0.00111523    -0.00113118     0.00001595
    -0.00111523    -0.00113118     0.00001595
    -0.00111523    -0.00113118     0.00001595
    -0.00111523    -0.00113118     0.00001595
    -0.00111523    -0.00113118     0.00001595
    -0.00111523    -0.00113118     0.00001595
    -0.00184311    -0.00185928     0.00001617
    -0.00189266    -0.00191107     0.00001841
    -0.01391974    -0.01426337     0.00034363
    -0.02772108    -0.02774432     0.00002324
    -0.00198850    -0.00215291     0.00016441
    -0.00579676    -0.00555948    -0.00023728
    -0.00402397    -0.00404338     0.00001942
    -0.03021460    -0.03418745     0.00397285
    -0.00222037    -0.00239443     0.00017407
    -0.01577618    -0.01609404     0.00031786
    -0.00427036    -0.00428100     0.00001064
    -0.00529090    -0.00545730     0.00016640
    -0.01538461    -0.01539070     0.00000609
    -0.00476071    -0.00487823     0.00011752
    -0.01532412    -0.01554242     0.00021830
    -0.00989474    -0.01003872     0.00014398
    -0.00509329    -0.00525042     0.00015712
    -0.00516589    -0.00523321     0.00006732
    -0.00050556    -0.00071786     0.00021230
    -0.03099693    -0.03094084    -0.00005608
    -0.00445595    -0.00457366     0.00011772
    -0.01338348    -0.01344400     0.00006051
    -0.00477709    -0.00489478     0.00011769
    -0.00298716    -0.00341428     0.00042712
    -0.01142043    -0.01145122     0.00003079
    -0.00049185    -0.00073159     0.00023974
    -0.00832772    -0.00834310     0.00001538
    -0.01302927    -0.01337915     0.00034987
    -0.00024166    -0.00048059     0.00023893
     0.01531492     0.01526994     0.00004498
     0.02680221     0.02888254    -0.00208033
    -0.00045269    -0.00068424     0.00023155
    -0.00051326    -0.00075403     0.00024076
    -0.00532121    -0.00548040     0.00015919
    -0.00909549    -0.00930925     0.00021376
    -0.03083627    -0.03075738    -0.00007889
    -0.03083630    -0.03075738    -0.00007892
    -0.00524856    -0.00530700     0.00005844
    -0.00057138    -0.00056781    -0.00000358
    -0.00494953    -0.00504715     0.00009761
    -0.00054425    -0.00079029     0.00024603
     0.02502721     0.02441837     0.00060884
    -0.00027979    -0.00048560     0.00020581
    -0.01355884    -0.01360413     0.00004530
    -0.00489002    -0.00495993     0.00006991
    -0.00492015    -0.00498594     0.00006580
    -0.00045576    -0.00067750     0.00022173
    -0.00052842    -0.00077256     0.00024414
    -0.00914556    -0.00906539    -0.00008016
    -0.00542979    -0.00555473     0.00012494
    -0.00053859    -0.00078697     0.00024837
    -0.00477609    -0.00523483     0.00045875
     0.01636115     0.01585710     0.00050404
    -0.00535594    -0.00549569     0.00013975
     0.01972975     0.01910692     0.00062283
    -0.00517618    -0.00525099     0.00007482
    -0.00051813    -0.00076997     0.00025184
    -0.01068994    -0.01065042    -0.00003951
    -0.01379367    -0.01394367     0.00015000
    -0.00023358    -0.00046468     0.00023110
    -0.00756259    -0.00766869     0.00010610
    -0.00517648    -0.00526340     0.00008692
    -0.00445216    -0.00437148    -0.00008069
    -0.00509299    -0.00518224     0.00008924
    -0.01005202    -0.01041843     0.00036641
    -0.01661269    -0.01671874     0.00010606
    -0.00063052    -0.00067370     0.00004319
    -0.00957335    -0.00958387     0.00001053
    -0.02398564    -0.02424599     0.00026035
    -0.00052053    -0.00077214     0.00025161
    -0.02691750    -0.02715318     0.00023567
     0.00017745    -0.00006268     0.00024013
    -0.02146557    -0.02176944     0.00030388
    -0.00049098    -0.00074900     0.00025802
    -0.00620860    -0.00636785     0.00015925
     0.00137676     0.00131063     0.00006613
     0.00013717    -0.00008502     0.00022219
    -0.01242330    -0.01255270     0.00012940
    -0.04753922    -0.04742065    -0.00011856
    -0.01299118    -0.01330269     0.00031151
    -0.00057824    -0.00082514     0.00024690
    -0.00351620    -0.00372985     0.00021365
    -0.01120159    -0.01149634     0.00029475
    -0.03193588    -0.03188076    -0.00005512
    -0.03193615    -0.03188076    -0.00005540
    -0.00672676    -0.00672217    -0.00000459
    -0.02419748    -0.02428143     0.00008395
    -0.00481954    -0.00483734     0.00001780
    -0.01104975    -0.01127446     0.00022470
    -0.00597842    -0.00617711     0.00019869
    -0.00582076    -0.00581360    -0.00000716
     0.00568759     0.00560524     0.00008235
    -0.00223795    -0.00224546     0.00000752
    -0.03304956    -0.03303127    -0.00001829
    -0.03304956    -0.03303127    -0.00001829
    -0.06441868    -0.06441004    -0.00000865
    -0.01309605    -0.01318533     0.00008928
    -0.00439894    -0.00441511     0.00001617
    -0.00728862    -0.00739675     0.00010812
    -0.00187353    -0.00190564     0.00003210
    -0.00616550    -0.00618932     0.00002382
    -0.00272778    -0.00285921     0.00013144
    -0.00283907    -0.00289797     0.00005889
    -0.03417336    -0.03421088     0.00003752
    -0.03417364    -0.03421088     0.00003724
     0.00494888     0.00464122     0.00030766
    -0.03530332    -0.03542203     0.00011872
    -0.03530359    -0.03542204     0.00011845
     0.03424629     0.03499288    -0.00074659
    -0.00310436    -0.00315775     0.00005339
     0.00495917     0.00500533    -0.00004617
    -0.00247760    -0.00234853    -0.00012907
    -0.00212924    -0.00206960    -0.00005963
    -0.02203782    -0.02241520     0.00037738
    -0.00126756    -0.00140486     0.00013730
     0.02911722     0.02924676    -0.00012955
    -0.00194025    -0.00178411    -0.00015615
    -0.00090562    -0.00081987    -0.00008575
     0.00222635     0.00211682     0.00010954
    -0.00090589    -0.00081987    -0.00008602
    -0.00180844    -0.00187115     0.00006271
    -0.01201981    -0.01209980     0.00007999
     0.02159692     0.02179228    -0.00019536
    -0.00156857    -0.00171165     0.00014308
    -0.00130332    -0.00140104     0.00009772
    -0.00173448    -0.00185543     0.00012095
    -0.03159149    -0.03150852    -0.00008298
    -0.02190288    -0.02196190     0.00005902
    -0.00129635    -0.00144120     0.00014485
    -0.00138384    -0.00129012    -0.00009372
    -0.02775189    -0.02779400     0.00004211
    -0.02616971    -0.02610605    -0.00006366
    -0.00224472    -0.00222493    -0.00001979
    -0.01865145    -0.01906044     0.00040900
    -0.00189742    -0.00175322    -0.00014420
    -0.00195470    -0.00183072    -0.00012399
    -0.00051952    -0.00061727     0.00009775
    -0.00051952    -0.00061727     0.00009775
    -0.00116748    -0.00124735     0.00007987
    -0.00135211    -0.00132578    -0.00002633
    -0.00134607    -0.00143555     0.00008948
    -0.00130985    -0.00129511    -0.00001474
     0.01851672     0.01835160     0.00016512
    -0.00129572    -0.00130788     0.00001215
    -0.00111033    -0.00119088     0.00008054
    -0.00111033    -0.00119088     0.00008054
     0.02852711     0.02823715     0.00028996
    -0.00190697    -0.00179703    -0.00010995
    -0.00132838    -0.00136319     0.00003481
    -0.00132838    -0.00136319     0.00003481
    -0.02293240    -0.02291872    -0.00001367
    -0.00180689    -0.00167815    -0.00012874
    -0.00120590    -0.00129139     0.00008549
    -0.00076608    -0.00089296     0.00012688
    -0.00076608    -0.00089296     0.00012688
    -0.00122615    -0.00130859     0.00008245
    -0.00156593    -0.00147559    -0.00009034
    -0.00156593    -0.00147559    -0.00009034
    -0.02610625    -0.02599169    -0.00011456
    -0.00127978    -0.00135741     0.00007764
    -0.00227893    -0.00218407    -0.00009485
    -0.00145320    -0.00140873    -0.00004447
    -0.00142030    -0.00138415    -0.00003614
    -0.00120838    -0.00128984     0.00008146
    -0.00210943    -0.00211859     0.00000916
    -0.00171464    -0.00181196     0.00009732
    -0.01077672    -0.01066943    -0.00010729
    -0.00168741    -0.00172844     0.00004104
    -0.00205922    -0.00207210     0.00001287
    -0.00141989    -0.00141274    -0.00000715
    -0.00092960    -0.00103456     0.00010496
    -0.00092960    -0.00103456     0.00010496
    -0.00064118    -0.00072838     0.00008720
    -0.00064118    -0.00072838     0.00008720
    -0.00134307    -0.00138339     0.00004032
    -0.00156289    -0.00149598    -0.00006691
    -0.00157973    -0.00150804    -0.00007169
    -0.00175097    -0.00183438     0.00008341
    -0.00164305    -0.00161686    -0.00002619
    -0.00196344    -0.00199435     0.00003092
    -0.00170177    -0.00159885    -0.00010292
    -0.00164637    -0.00155736    -0.00008901
    -0.00152664    -0.00147532    -0.00005132
    -0.00174428    -0.00177219     0.00002792
    -0.00173157    -0.00162335    -0.00010822
    -0.00163628    -0.00168397     0.00004770
    -0.00160659    -0.00170467     0.00009808
    -0.00173802    -0.00166146    -0.00007656
    -0.00156885    -0.00152081    -0.00004804
    -0.00133543    -0.00129733    -0.00003809
    -0.00133543    -0.00129733    -0.00003809
    -0.00200619    -0.00197692    -0.00002926
    -0.00170180    -0.00172384     0.00002204
    -0.02108915    -0.02101067    -0.00007848
    -0.00158079    -0.00167240     0.00009161
    -0.00206175    -0.00199148    -0.00007028
    -0.00078750    -0.00085095     0.00006345
    -0.00078750    -0.00085095     0.00006345
    -0.00203775    -0.00198159    -0.00005616
    -0.00112974    -0.00113442     0.00000469
    -0.00112974    -0.00113442     0.00000469
    -0.02018405    -0.02023428     0.00005023
    -0.00095294    -0.00098596     0.00003301
    -0.00095294    -0.00098596     0.00003301
    -0.01547917    -0.01579669     0.00031752
    -0.00175127    -0.00176391     0.00001264
    -0.00146963    -0.00151705     0.00004742
    -0.02002929    -0.02006818     0.00003888
    -0.00159769    -0.00161750     0.00001981
    -0.02296943    -0.02276147    -0.00020796
    -0.00067710    -0.00064245    -0.00003465
    -0.02257372    -0.02220795    -0.00036577
    -0.00503560    -0.00527243     0.00023683
    -0.01390488    -0.01378171    -0.00012317
    -0.01062629    -0.01075599     0.00012970
    -0.02215948    -0.02207486    -0.00008462
    -0.02215921    -0.02207486    -0.00008435
    -0.01686107    -0.01720602     0.00034495
    -0.00716971    -0.00724738     0.00007767
    -0.01944836    -0.01954713     0.00009877
    -0.00475301    -0.00492460     0.00017159
    -0.01291246    -0.01308919     0.00017673
    -0.00742397    -0.00748988     0.00006590
    -0.00255118    -0.00256559     0.00001441
    -0.00468240    -0.00490114     0.00021874
    -0.02132730    -0.02152092     0.00019362
    -0.01751698    -0.01766094     0.00014396
    -0.03069156    -0.03045141    -0.00024015
    -0.02130984    -0.02113774    -0.00017210
    -0.00987028    -0.01010314     0.00023286
    -0.00274645    -0.00261431    -0.00013214
    -0.00634047    -0.00649151     0.00015103
    -0.00851286    -0.00870704     0.00019417
    -0.00359413    -0.00378828     0.00019415
    -0.01710336    -0.01725037     0.00014701
    -0.00309315    -0.00316193     0.00006879
    -0.01664077    -0.01655651    -0.00008426
    -0.00281194    -0.00271559    -0.00009636
    -0.01643696    -0.01674842     0.00031147
    -0.00886599    -0.00890808     0.00004210
    -0.02188906    -0.02166433    -0.00022473
    -0.02911967    -0.02890746    -0.00021220
    -0.00435301    -0.00454113     0.00018813
    -0.01733686    -0.01741652     0.00007966
    -0.00261224    -0.00256045    -0.00005179
    -0.00178765    -0.00174213    -0.00004552
    -0.00178765    -0.00174213    -0.00004552
    -0.00178765    -0.00174213    -0.00004552
    -0.00178765    -0.00174213    -0.00004552
    -0.00178765    -0.00174213    -0.00004552
    -0.00178765    -0.00174213    -0.00004552
    -0.00178765    -0.00174213    -0.00004552
    -0.00178765    -0.00174213    -0.00004552
    -0.00178765    -0.00174213    -0.00004552
    -0.00178765    -0.00174213    -0.00004552
    -0.00178765    -0.00174213    -0.00004552
    -0.00178765    -0.00174213    -0.00004552
    -0.01818918    -0.01809960    -0.00008958
    -0.02257250    -0.02280320     0.00023070
    -0.00350728    -0.00367394     0.00016667
    -0.00317481    -0.00325331     0.00007850
    -0.01994097    -0.01975431    -0.00018665
    -0.02640394    -0.02643810     0.00003416
    -0.03654217    -0.03660064     0.00005847
    -0.02491801    -0.02468286    -0.00023515
    -0.01428160    -0.01440676     0.00012516
    -0.00830870    -0.00852977     0.00022107
    -0.02754990    -0.02736343    -0.00018646
    -0.00351666    -0.00354859     0.00003193
    -0.02514811    -0.02509209    -0.00005602
    -0.00794311    -0.00815559     0.00021248
    -0.00400301    -0.00411673     0.00011372
    -0.01974145    -0.01964318    -0.00009827
    -0.01592125    -0.01599535     0.00007410
    -0.00371416    -0.00379522     0.00008106
    -0.02060645    -0.02043996    -0.00016649
    -0.00325723    -0.00335033     0.00009310
    -0.01234741    -0.01250204     0.00015462
    -0.00342295    -0.00356151     0.00013856
    -0.02598238    -0.02581934    -0.00016304
    -0.00340836    -0.00353622     0.00012786
    -0.02129691    -0.02118706    -0.00010985
    -0.01522594    -0.01549201     0.00026607
    -0.02441778    -0.02427522    -0.00014256
    -0.02285577    -0.02273111    -0.00012466
    -0.00374529    -0.00384552     0.00010022
    -0.04098878    -0.04081664    -0.00017214
    -0.00285815    -0.00286743     0.00000928
    -0.01706072    -0.01734712     0.00028640
    -0.00845768    -0.00863857     0.00018089
    -0.00344708    -0.00351893     0.00007185
    -0.00320768    -0.00324973     0.00004206
    -0.02018862    -0.01996558    -0.00022304
    -0.02196460    -0.02183743    -0.00012716
    -0.02034555    -0.02054879     0.00020325
    -0.01988842    -0.01965448    -0.00023394
    -0.01976594    -0.01954250    -0.00022345
    -0.03156026    -0.03159691     0.00003666
    -0.01933951    -0.01957005     0.00023054
    -0.01673612    -0.01699726     0.00026114
    -0.01806735    -0.01801581    -0.00005155
    -0.01760305    -0.01740323    -0.00019982
    -0.01732739    -0.01757976     0.00025236
    -0.02862088    -0.02834766    -0.00027322
    -0.02564458    -0.02539259    -0.00025199
    -0.01454163    -0.01450742    -0.00003421
    -0.03050184    -0.03027270    -0.00022914
    -0.01708263    -0.01732349     0.00024086
    -0.01923418    -0.01942942     0.00019524
    -0.01835677    -0.01857877     0.00022200
    -0.01837977    -0.01858225     0.00020249
     0.01179682     0.01103627     0.00076054
     0.00131502     0.00179094    -0.00047593
     0.03735217     0.03717403     0.00017815
    -0.00050839    -0.00064652     0.00013813
    -0.00088244    -0.00100991     0.00012747
     0.03288586     0.03259530     0.00029056
    -0.01831236    -0.01865442     0.00034206
     0.00115150     0.00160389    -0.00045239
    -0.00134925    -0.00148542     0.00013617
     0.01254445     0.01249769     0.00004675
     0.00122982     0.00169349    -0.00046368
    -0.00049974    -0.00063799     0.00013826
    -0.00749246    -0.00710264    -0.00038983
     0.01751494     0.01724263     0.00027230
     0.03938440     0.03914599     0.00023841
     0.02138565     0.02100666     0.00037898
     0.01697014     0.01699463    -0.00002450
    -0.00543972    -0.00513985    -0.00029987
     0.03540631     0.03505842     0.00034790
     0.00010822     0.00018330    -0.00007508
     0.04154210     0.04110339     0.00043871
    -0.00492224    -0.00489057    -0.00003167
    -0.00008999    -0.00022763     0.00013765
    -0.00010052    -0.00024513     0.00014461
    -0.01298334    -0.01316713     0.00018379
    -0.01801462    -0.01834045     0.00032583
    -0.00585347    -0.00553012    -0.00032335
    -0.00088655    -0.00104376     0.00015721
     0.03207958     0.03173161     0.00034797
    -0.00703480    -0.00665807    -0.00037672
    -0.00580533    -0.00548349    -0.00032184
    -0.01757292    -0.01723595    -0.00033698
     0.00068173     0.00055720     0.00012453
    -0.00168128    -0.00182509     0.00014381
    -0.00665416    -0.00629211    -0.00036205
     0.03224960     0.03180530     0.00044430
    -0.00660159    -0.00624105    -0.00036054
    -0.00619247    -0.00585004    -0.00034243
     0.03741979     0.03702357     0.00039622
    -0.00116070    -0.00131793     0.00015723
    -0.02565163    -0.02602049     0.00036886
    -0.00098078    -0.00114234     0.00016156
    -0.00096845    -0.00113102     0.00016257
    -0.00957961    -0.00973228     0.00015268
    -0.02000342    -0.02012767     0.00012425
    -0.00058352    -0.00073582     0.00015230
    -0.00120353    -0.00136395     0.00016041
     0.02422763     0.02391092     0.00031671
     0.03450088     0.03422200     0.00027888
    -0.00091468    -0.00106951     0.00015483
    -0.00102024    -0.00118797     0.00016774
    -0.00137088    -0.00153520     0.00016432
    -0.00183323    -0.00200182     0.00016859
    -0.01100984    -0.01120119     0.00019136
     0.00152629     0.00110612     0.00042016
     0.02165313     0.02148939     0.00016375
    -0.00080769    -0.00097302     0.00016533
    -0.00111322    -0.00128231     0.00016909
    -0.02222762    -0.02190488    -0.00032274
    -0.00087199    -0.00103244     0.00016045
     0.01938389     0.01930736     0.00007654
    -0.00162308    -0.00179601     0.00017293
    -0.00184539    -0.00201705     0.00017166
    -0.00175987    -0.00193409     0.00017422
    -0.00094647    -0.00112383     0.00017736
    -0.05111599    -0.05154554     0.00042954
    -0.00120293    -0.00137620     0.00017327
     0.04098225     0.04068570     0.00029655
    -0.00135581    -0.00152997     0.00017416
    -0.00163791    -0.00180992     0.00017201
     0.02642392     0.02598072     0.00044320
    -0.00168610    -0.00186689     0.00018079
    -0.00061280    -0.00078537     0.00017257
    -0.02224114    -0.02248150     0.00024036
     0.04056690     0.04011926     0.00044764
    -0.00429162    -0.00447784     0.00018622
    -0.00142487    -0.00160212     0.00017725
    -0.00153382    -0.00171839     0.00018457
     0.00116165     0.00087450     0.00028715
    -0.00075898    -0.00093696     0.00017798
    -0.00132204    -0.00150671     0.00018468
    -0.00139409    -0.00157972     0.00018563
    -0.00363419    -0.00380080     0.00016661
    -0.00152397    -0.00171142     0.00018744
    -0.00100377    -0.00119131     0.00018754
    -0.00066472    -0.00084835     0.00018363
    -0.00125730    -0.00144537     0.00018806
    -0.00128718    -0.00147806     0.00019088
    -0.00103360    -0.00123023     0.00019664
     0.01027978     0.01018756     0.00009222
     0.00295287     0.00273531     0.00021756
     0.00208129     0.00211316    -0.00003187
    -0.03519649    -0.03512043    -0.00007606
     0.00891246     0.00866078     0.00025169
     0.00809590     0.00817678    -0.00008087
    -0.00199179    -0.00215936     0.00016757
     0.01046700     0.01031571     0.00015129
     0.01264304     0.01246986     0.00017317
     0.00768455     0.00768052     0.00000403
     0.01016987     0.01008088     0.00008899
    -0.00060877    -0.00043898    -0.00016980
    -0.00073713    -0.00079473     0.00005760
    -0.00118228    -0.00111757    -0.00006471
     0.03477732     0.03546403    -0.00068671
    -0.00112103    -0.00106361    -0.00005741
    -0.00075035    -0.00076277     0.00001241
    -0.00085414    -0.00082246    -0.00003168
    -0.00086734    -0.00091441     0.00004708
    -0.00008144    -0.00008658     0.00000514
    -0.00008144    -0.00008658     0.00000514
    -0.00008144    -0.00008658     0.00000514
    -0.00008144    -0.00008658     0.00000514
    -0.00015026    -0.00020351     0.00005325
    -0.00008172    -0.00008658     0.00000486
    -0.00008172    -0.00008658     0.00000486
    -0.00008172    -0.00008658     0.00000486
    -0.00008172    -0.00008658     0.00000486
    -0.00008172    -0.00008658     0.00000486
    -0.00008172    -0.00008658     0.00000486
    -0.00008172    -0.00008658     0.00000486
    -0.00008172    -0.00008658     0.00000486
    -0.00931813    -0.00927938    -0.00003875
    -0.00111648    -0.00099479    -0.00012169
    -0.00026251    -0.00027209     0.00000958
    -0.00112884    -0.00105733    -0.00007151
    -0.00075327    -0.00076667     0.00001340
    -0.02605866    -0.02566400    -0.00039466
    -0.00082938    -0.00088600     0.00005662
    -0.00019772    -0.00023466     0.00003695
    -0.00056344    -0.00061928     0.00005584
    -0.00011344    -0.00018043     0.00006699
    -0.00016068    -0.00012428    -0.00003641
    -0.00016068    -0.00012428    -0.00003641
    -0.00016068    -0.00012428    -0.00003641
    -0.00016068    -0.00012428    -0.00003641
    -0.00016068    -0.00012428    -0.00003641
    -0.00016068    -0.00012428    -0.00003641
    -0.00016068    -0.00012428    -0.00003641
    -0.00016068    -0.00012428    -0.00003641
    -0.00016068    -0.00012428    -0.00003641
    -0.00016068    -0.00012428    -0.00003641
    -0.00025666    -0.00026771     0.00001106
    -0.00016096    -0.00012428    -0.00003668
    -0.00016096    -0.00012428    -0.00003668
    -0.00115531    -0.00107292    -0.00008240
    -0.00057204    -0.00062475     0.00005271
     0.00618640     0.00616432     0.00002208
     0.01141226     0.01177091    -0.00035865
    -0.00061498    -0.00065396     0.00003898
     0.01010669     0.00999966     0.00010703
    -0.00017173    -0.00021726     0.00004553
    -0.00012310    -0.00010750    -0.00001560
    -0.00012310    -0.00010750    -0.00001560
    -0.00012310    -0.00010750    -0.00001560
    -0.00012310    -0.00010750    -0.00001560
    -0.00012310    -0.00010750    -0.00001560
    -0.00012310    -0.00010750    -0.00001560
    -0.00012338    -0.00010750    -0.00001588
    -0.00012338    -0.00010750    -0.00001588
    -0.00012338    -0.00010750    -0.00001588
    -0.00012338    -0.00010750    -0.00001588
    -0.00012338    -0.00010750    -0.00001588
    -0.00012338    -0.00010750    -0.00001588
    -0.00059411    -0.00063971     0.00004561
    -0.00059705    -0.00064042     0.00004337
    -0.00025113    -0.00026419     0.00001305
    -0.00059198    -0.00063608     0.00004409
    -0.00024817    -0.00026285     0.00001469
    -0.00082331    -0.00086550     0.00004219
     0.01208496     0.01206396     0.00002100
    -0.00081953    -0.00086029     0.00004076
    -0.00085414    -0.00087001     0.00001587
    -0.00015913    -0.00020918     0.00005005
     0.04172874     0.04102439     0.00070435
    -0.00019282    -0.00023041     0.00003759
    -0.00082192    -0.00086322     0.00004130
     0.02018639     0.02026653    -0.00008014
    -0.00081299    -0.00082481     0.00001181
    -0.00083509    -0.00086865     0.00003356
    -0.01772180    -0.01753593    -0.00018587
    -0.00023162    -0.00025244     0.00002081
    -0.00021252    -0.00024100     0.00002848
    -0.00082089    -0.00081929    -0.00000160
     0.02621194     0.02639023    -0.00017829
    -0.01233389    -0.01239810     0.00006421
     0.01734046     0.01757066    -0.00023020
     0.02929654     0.02944342    -0.00014688
    -0.03317133    -0.03294889    -0.00022244
    -0.03394925    -0.03449607     0.00054682
     0.03303740     0.03333017    -0.00029277
    -0.01211982    -0.01204557    -0.00007425
    -0.02530814    -0.02513672    -0.00017142
    -0.00732560    -0.00714708    -0.00017852
     0.03589190     0.03618529    -0.00029339
    -0.04490042    -0.04506115     0.00016073
     0.03335248     0.03348886    -0.00013638
     0.00171655    -0.00002476     0.00174131
     0.05312329     0.05279660     0.00032669
     0.00164773     0.00168178    -0.00003405
     0.04010009     0.04004156     0.00005853
     0.01377000     0.01417006    -0.00040006
     0.00765484     0.00789255    -0.00023771
     0.00590707     0.00558519     0.00032188
     0.01015238     0.00990606     0.00024631
    -0.00671917    -0.00723304     0.00051387
    -0.02110099    -0.02128300     0.00018201
    -0.00996114    -0.01050181     0.00054067
     0.00297788     0.00245303     0.00052484
    -0.01848067    -0.01853417     0.00005350
    -0.00249284    -0.00295888     0.00046605
    -0.00919658    -0.00915931    -0.00003727
    -0.01652183    -0.01718949     0.00066767
     0.01803271     0.01776555     0.00026717
     0.01044678     0.00980950     0.00063727
    -0.01691879    -0.01690474    -0.00001405
     0.04015590     0.03972951     0.00042639
    -0.02075037    -0.02075931     0.00000894
     0.03063091     0.03034741     0.00028349
    -0.03587544    -0.03574144    -0.00013400
     0.01934033     0.01889606     0.00044426
     0.01728652     0.01712376     0.00016276
    -0.00522927    -0.00565239     0.00042312
    -0.01894114    -0.01816688    -0.00077426
     0.00274019     0.00328493    -0.00054475
    -0.00730762    -0.00765253     0.00034491
     0.03009152     0.03000236     0.00008916
    -0.03129701    -0.03133092     0.00003391
     0.02941227     0.02973909    -0.00032682
     0.02360634     0.02342736     0.00017898
    -0.02359410    -0.02365285     0.00005875
     0.01095944     0.01061327     0.00034617
     0.00849297     0.00813123     0.00036174
    -0.02147642    -0.02169921     0.00022278
     0.03581304     0.03597307    -0.00016003
    -0.00912621    -0.00934413     0.00021792
    -0.00089164    -0.00126328     0.00037165
     0.00489797     0.00517891    -0.00028095
    -0.00698652    -0.00732242     0.00033590
     0.01834807     0.01795365     0.00039442
     0.01973557     0.01943574     0.00029983
    -0.01173994    -0.01178526     0.00004531
     0.01024272     0.00988303     0.00035969
    -0.00109178    -0.00148627     0.00039449
    -0.00246647    -0.00277712     0.00031065
    -0.01462555    -0.01492307     0.00029752
     0.03523793     0.03576546    -0.00052753
     0.01090034     0.01058638     0.00031395
     0.04281712     0.04318327    -0.00036616
     0.00392524     0.00339562     0.00052962
    -0.02050119    -0.02034294    -0.00015825
    -0.00177252    -0.00142399    -0.00034853
    -0.00869967    -0.00883013     0.00013046
    -0.03725598    -0.03740638     0.00015040
    -0.00170052    -0.00209745     0.00039693
     0.00095534     0.00050462     0.00045071
     0.02496721     0.02479466     0.00017255
    -0.01455004    -0.01427431    -0.00027573
    -0.01480182    -0.01473018    -0.00007164
     0.00474890     0.00398756     0.00076134
    -0.01659016    -0.01679110     0.00020095
     0.02919017     0.02925913    -0.00006896
     0.00662483     0.00607878     0.00054605
    -0.00331339    -0.00369411     0.00038071
    -0.00726373    -0.00705978    -0.00020395
     0.01534556     0.01497934     0.00036623
    -0.00526129    -0.00546049     0.00019920
    -0.02038149    -0.02041199     0.00003050
     0.03070405     0.03081418    -0.00011013
     0.04135627     0.04148387    -0.00012760
     0.02409862     0.02375682     0.00034180
     0.01757592     0.01810349    -0.00052757
    -0.00316191    -0.00339925     0.00023734
    -0.00418987    -0.00451953     0.00032965
    -0.03857840    -0.03880584     0.00022744
    -0.03857840    -0.03880584     0.00022744
     0.03440357     0.03441441    -0.00001083
     0.02285166     0.02256915     0.00028250
    -0.01263544    -0.01298438     0.00034893
     0.02325744     0.02376589    -0.00050846
    -0.02703405    -0.02675364    -0.00028041
    -0.01890127    -0.01907132     0.00017005
     0.01622196     0.01576446     0.00045750
     0.02454941     0.02487846    -0.00032906
     0.03181547     0.03174283     0.00007264
     0.01922648     0.01893939     0.00028709
     0.02843057     0.02880721    -0.00037665
    -0.03990270    -0.04022091     0.00031821
    -0.01829163    -0.01839849     0.00010686
    -0.00342055    -0.00356765     0.00014710
    -0.01727858    -0.01651131    -0.00076726
     0.00309274     0.00338727    -0.00029453
    -0.02743022    -0.02705369    -0.00037653
    -0.03047259    -0.03029360    -0.00017899
    -0.04916967    -0.04936600     0.00019633
    -0.02100278    -0.02065375    -0.00034904
    -0.00604283    -0.00637644     0.00033361
    -0.02126047    -0.02076546    -0.00049502
    -0.01564905    -0.01513529    -0.00051376
    -0.05031954    -0.05077351     0.00045397
    -0.05926243    -0.05882753    -0.00043490
    -0.00131352    -0.00118819    -0.00012533
    -0.00037310    -0.00028722    -0.00008588
    -0.00715774    -0.00715713    -0.00000061
    -0.00780953    -0.00766347    -0.00014606
    -0.00086540    -0.00090850     0.00004309
    -0.00089724    -0.00093066     0.00003342
    -0.00030675    -0.00025370    -0.00005306
    -0.00034820    -0.00027463    -0.00007357
     0.02160350     0.02179613    -0.00019263
    -0.00052379    -0.00059399     0.00007020
    -0.00084151    -0.00086699     0.00002548
    -0.00102666    -0.00095420    -0.00007246
     0.02817829     0.02835589    -0.00017760
    -0.00093896    -0.00091342    -0.00002554
    -0.00669738    -0.00656175    -0.00013562
    -0.00053348    -0.00060230     0.00006882
     0.01981735     0.01977833     0.00003902
    -0.00074614    -0.00082359     0.00007746
    -0.00104448    -0.00096901    -0.00007547
    -0.00116408    -0.00108168    -0.00008240
     0.00715347     0.00717763    -0.00002416
    -0.00009570    -0.00016486     0.00006916
    -0.00030259    -0.00032141     0.00001882
    -0.00030259    -0.00032141     0.00001882
    -0.01323192    -0.01328217     0.00005025
    -0.00048491    -0.00040247    -0.00008244
    -0.00109243    -0.00101797    -0.00007446
    -0.00110160    -0.00107229    -0.00002931
     0.02355695     0.02384870    -0.00029175
    -0.00697251    -0.00695973    -0.00001278
    -0.00084584    -0.00088181     0.00003598
    -0.00067019    -0.00054974    -0.00012045
    -0.00067019    -0.00054974    -0.00012045
    -0.00091974    -0.00084497    -0.00007478
    -0.01058251    -0.01056970    -0.00001281
    -0.00084187    -0.00088259     0.00004072
    -0.00057372    -0.00063569     0.00006197
    -0.00080984    -0.00086791     0.00005808
    -0.00084225    -0.00088384     0.00004159
    -0.00117156    -0.00108846    -0.00008309
    -0.00128125    -0.00117814    -0.00010311
    -0.00037693    -0.00037329    -0.00000365
    -0.00037693    -0.00037329    -0.00000365
    -0.00083569    -0.00088486     0.00004917
    -0.00102690    -0.00097450    -0.00005240
    -0.00097550    -0.00094966    -0.00002584
    -0.00111123    -0.00103796    -0.00007327
    -0.00096100    -0.00098275     0.00002175
     0.01314141     0.01307214     0.00006927
    -0.00059560    -0.00065240     0.00005679
    -0.00014936    -0.00020734     0.00005798
    -0.00100211    -0.00101329     0.00001118
    -0.00060714    -0.00066073     0.00005359
    -0.00060409    -0.00051431    -0.00008978
    -0.00060409    -0.00051431    -0.00008978
    -0.00084698    -0.00089669     0.00004970
    -0.00045340    -0.00042388    -0.00002951
    -0.00045340    -0.00042388    -0.00002951
    -0.00091294    -0.00084309    -0.00006985
    -0.00109395    -0.00102870    -0.00006525
    -0.00094938    -0.00094676    -0.00000262
    -0.00117757    -0.00109696    -0.00008061
    -0.00099580    -0.00100893     0.00001313
     0.00778186     0.00770469     0.00007717
    -0.00052959    -0.00047156    -0.00005802
    -0.00052959    -0.00047156    -0.00005802
    -0.00047103    -0.00039967    -0.00007136
    -0.00097847    -0.00096891    -0.00000956
    -0.00020923    -0.00024937     0.00004014
    -0.00119605    -0.00113729    -0.00005876
    -0.00089730    -0.00083665    -0.00006065
    -0.00111999    -0.00109168    -0.00002831
    -0.00086992    -0.00092124     0.00005132
    -0.00117757    -0.00112818    -0.00004939
    -0.00067639    -0.00070981     0.00003341
    -0.00101430    -0.00099299    -0.00002131
    -0.00110500    -0.00105045    -0.00005455
    -0.00068801    -0.00071775     0.00002974
    -0.00088252    -0.00083011    -0.00005241
    -0.00069925    -0.00072559     0.00002634
    -0.00069922    -0.00072559     0.00002637
    -0.00108035    -0.00103672    -0.00004363
    -0.00071090    -0.00073333     0.00002243
    -0.00086603    -0.00082198    -0.00004405
    -0.00086595    -0.00082198    -0.00004397
    -0.00043435    -0.00038437    -0.00004998
    -0.00072271    -0.00074094     0.00001823
    -0.00094475    -0.00096702     0.00002227
    -0.00026656    -0.00028977     0.00002321
    -0.00085672    -0.00081736    -0.00003936
    -0.00074625    -0.00075574     0.00000950
    -0.00111126    -0.00106677    -0.00004449
    -0.00081517    -0.00079572    -0.00001945
    -0.00038559    -0.00035931    -0.00002627
    -0.00108530    -0.00105203    -0.00003327
    -0.00032577    -0.00032704     0.00000126
    -0.00098492    -0.00099520     0.00001028
    -0.00102078    -0.00101562    -0.00000516
    -0.00108255    -0.00105589    -0.00002666
    -0.00105939    -0.00104548    -0.00001391
    -0.00423306    -0.00420729    -0.00002577
    -0.00237055    -0.00211894    -0.00025160
    -0.00474583    -0.00471553    -0.00003030
    -0.05799005    -0.05794407    -0.00004598
    -0.00480920    -0.00480624    -0.00000297
    -0.00115284    -0.00115277    -0.00000007
    -0.00409703    -0.00408100    -0.00001603
    -0.00380750    -0.00390358     0.00009608
    -0.00058034    -0.00052927    -0.00005107
    -0.00058034    -0.00052927    -0.00005107
    -0.00422650    -0.00417978    -0.00004672
    -0.00119561    -0.00113974    -0.00005587
    -0.01634406    -0.01718908     0.00084502
     0.01039336     0.01043434    -0.00004098
    -0.00117586    -0.00118426     0.00000840
    -0.00121842    -0.00115667    -0.00006174
    -0.00134362    -0.00129951    -0.00004411
    -0.00287431    -0.00278999    -0.00008433
     0.01160364     0.01143992     0.00016372
     0.00852799     0.00847441     0.00005358
    -0.00116821    -0.00116453    -0.00000369
    -0.00118770    -0.00119356     0.00000586
    -0.00434005    -0.00443043     0.00009038
    -0.00332616    -0.00339745     0.00007130
    -0.00293771    -0.00302281     0.00008509
     0.01506294     0.01527996    -0.00021702
    -0.00350420    -0.00360116     0.00009696
    -0.00199269    -0.00180141    -0.00019128
    -0.00231436    -0.00211312    -0.00020124
    -0.01821892    -0.01820494    -0.00001398
    -0.00457268    -0.00460250     0.00002982
    -0.00377544    -0.00386261     0.00008717
    -0.00334360    -0.00342091     0.00007731
    -0.00384540    -0.00394010     0.00009469
    -0.00438571    -0.00446155     0.00007583
     0.01198732     0.01193506     0.00005226
     0.02533396     0.02543284    -0.00009887
    -0.00400954    -0.00410274     0.00009319
    -0.00230883    -0.00207104    -0.00023779
    -0.00050861    -0.00050874     0.00000014
    -0.00050861    -0.00050874     0.00000014
     0.01368466     0.01382150    -0.00013684
    -0.00125956    -0.00123747    -0.00002209
    -0.00228023    -0.00207967    -0.00020056
    -0.00394952    -0.00396640     0.00001689
     0.01386260     0.01404021    -0.00017761
     0.02689895     0.02718560    -0.00028665
    -0.00204036    -0.00184202    -0.00019834
    -0.00385196    -0.00388109     0.00002912
    -0.00366736    -0.00375761     0.00009025
    -0.00352213    -0.00360589     0.00008375
    -0.00352774    -0.00359273     0.00006499
     0.01280252     0.01275919     0.00004333
    -0.00127366    -0.00125013    -0.00002353
    -0.00423338    -0.00428597     0.00005258
    -0.00132359    -0.00128981    -0.00003378
    -0.00224687    -0.00201922    -0.00022765
    -0.00383332    -0.00386945     0.00003613
     0.00665838     0.00682831    -0.00016993
    -0.00136631    -0.00126957    -0.00009674
    -0.00190257    -0.00168747    -0.00021510
    -0.00182765    -0.00167371    -0.00015394
    -0.00332499    -0.00339588     0.00007090
     0.02079048     0.02081529    -0.00002481
    -0.00212398    -0.00196189    -0.00016209
    -0.00221049    -0.00201981    -0.00019068
     0.00467301     0.00463549     0.00003752
    -0.00188722    -0.00172236    -0.00016486
    -0.00150645    -0.00142941    -0.00007704
    -0.00142267    -0.00121298    -0.00020969
    -0.00142294    -0.00121298    -0.00020996
    -0.00107681    -0.00105107    -0.00002574
    -0.00188657    -0.00172376    -0.00016281
    -0.00144484    -0.00138716    -0.00005768
    -0.00180319    -0.00165486    -0.00014833
     0.01483113     0.01490894    -0.00007781
    -0.00062684    -0.00060376    -0.00002308
    -0.00062684    -0.00060376    -0.00002308
    -0.00151791    -0.00143972    -0.00007819
    -0.00147127    -0.00140661    -0.00006466
    -0.00209811    -0.00192923    -0.00016888
     0.02149621     0.02169441    -0.00019820
    -0.00166724    -0.00155192    -0.00011532
    -0.00210162    -0.00190960    -0.00019202
    -0.00208066    -0.00189464    -0.00018602
     0.01394540     0.01389743     0.00004797
    -0.00075691    -0.00070734    -0.00004958
    -0.00075691    -0.00070734    -0.00004958
     0.01445140     0.01458289    -0.00013150
    -0.00123831    -0.00107273    -0.00016558
    -0.00123831    -0.00107273    -0.00016558
     0.01794107     0.01818333    -0.00024226
    -0.00161304    -0.00146528    -0.00014776
    -0.00157951    -0.00143914    -0.00014037
    -0.00106848    -0.00094164    -0.00012685
    -0.00106848    -0.00094164    -0.00012685
     0.00446903     0.00447893    -0.00000990
     0.02547252     0.02567899    -0.00020646
     0.00393977     0.00408888    -0.00014911
     0.00422342     0.00429731    -0.00007389
     0.00024816     0.00022765     0.00030630     0.00045276     0.00397285
