     0.00013105     0.00030974    -0.00017869
     0.02248545     0.02251084    -0.00002539
    -0.01472814    -0.01490171     0.00017357
     0.03938440     0.03893843     0.00044597
    -0.00835920    -0.00826241    -0.00009680
     0.01503587     0.01515908    -0.00012321
     0.00008727     0.00015505    -0.00006779
    -0.02133286    -0.02144015     0.00010729
    -0.02912807    -0.02904165    -0.00008642
    -0.01862652    -0.01858362    -0.00004291
     0.01521862     0.01513298     0.00008564
     0.00163704     0.00160045     0.00003659
    -0.00086611    -0.00084426    -0.00002185
     0.02370240     0.02368905     0.00001335
    -0.00005693     0.00009204    -0.00014896
    -0.01545324    -0.01526421    -0.00018903
     0.02800090     0.02785888     0.00014202
     0.01375955     0.01375335     0.00000620
    -0.02915009    -0.02886751    -0.00028257
     0.01361105     0.01374628    -0.00013523
     0.02544344     0.02537625     0.00006719
    -0.00275083    -0.00299332     0.00024249
     0.03055158     0.03081774    -0.00026616
     0.01867354     0.01869830    -0.00002476
     0.04042456     0.04065201    -0.00022745
     0.02956705     0.02944107     0.00012598
     0.04064772     0.04039329     0.00025443
     0.00783462     0.00774824     0.00008638
    -0.00106399    -0.00123314     0.00016914
    -0.00287785    -0.00274049    -0.00013736
    -0.00785737    -0.00787842     0.00002105
     0.03260876     0.03259728     0.00001149
    -0.01014865    -0.01009292    -0.00005573
    -0.01674700    -0.01679081     0.00004381
     0.01755034     0.01777146    -0.00022112
     0.03207763     0.03205410     0.00002352
     0.03335830     0.03338570    -0.00002740
    -0.01619026    -0.01621216     0.00002190
    -0.01555860    -0.01549589    -0.00006271
     0.02413010     0.02420232    -0.00007221
    -0.00133532    -0.00121905    -0.00011626
    -0.01508177    -0.01510700     0.00002522
    -0.00062769    -0.00069202     0.00006433
     0.04314458     0.04311519     0.00002939
    -0.00200785    -0.00192200    -0.00008584
    -0.00702680    -0.00690848    -0.00011832
    -0.00672682    -0.00654022    -0.00018660
    -0.00113961    -0.00133966     0.00020004
    -0.00016931    -0.00039714     0.00022783
    -0.03058620    -0.03063789     0.00005169
    -0.01978553    -0.01981527     0.00002973
     0.00390677     0.00410817    -0.00020141
    -0.02415895    -0.02402516    -0.00013379
    -0.00141415    -0.00143933     0.00002518
    -0.00150210    -0.00111498    -0.00038712
    -0.00046861    -0.00031768    -0.00015093
    -0.00948352    -0.00909902    -0.00038451
    -0.00063144    -0.00068153     0.00005009
     0.02863800     0.02872467    -0.00008667
    -0.02603109    -0.02597267    -0.00005842
     0.03337656     0.03349246    -0.00011590
     0.00847001     0.00858422    -0.00011421
     0.00721630     0.00727889    -0.00006260
     0.01381827     0.01355052     0.00026775
    -0.01201883    -0.01191687    -0.00010196
     0.00003924    -0.00011919     0.00015843
    -0.00226382    -0.00241126     0.00014744
     0.00662306     0.00659245     0.00003062
     0.00540130     0.00557856    -0.00017726
    -0.01086975    -0.01075486    -0.00011489
    -0.00046297    -0.00030310    -0.00015987
    -0.00915903    -0.00903927    -0.00011975
     0.02074457     0.02070261     0.00004196
    -0.01618160    -0.01618204     0.00000044
     0.00505637     0.00509169    -0.00003533
    -0.00045593    -0.00028658    -0.00016934
    -0.01848072    -0.01845886    -0.00002187
    -0.00072581    -0.00091204     0.00018623
     0.02089919     0.02082358     0.00007561
     0.01791889     0.01797977    -0.00006088
    -0.00573270    -0.00558176    -0.00015095
     0.01941832     0.01932639     0.00009193
    -0.03183324    -0.03182011    -0.00001313
     0.02524346     0.02516356     0.00007989
     0.01616871     0.01619640    -0.00002769
     0.03466148     0.03469633    -0.00003484
     0.02785445     0.02782359     0.00003086
    -0.01749445    -0.01747573    -0.00001871
     0.00298199     0.00298407    -0.00000208
     0.01512031     0.01513824    -0.00001793
     0.02495826     0.02513650    -0.00017824
     0.01682347     0.01688428    -0.00006081
    -0.02238700    -0.02240459     0.00001759
     0.02828273     0.02825065     0.00003208
     0.03404215     0.03407334    -0.00003118
     0.01266883     0.01260981     0.00005902
    -0.00046798    -0.00031437    -0.00015361
     0.00920899     0.00943552    -0.00022654
     0.03655798     0.03659734    -0.00003936
     0.00619568     0.00614222     0.00005346
    -0.00361196    -0.00349948    -0.00011248
    -0.00463960    -0.00457527    -0.00006433
    -0.00867091    -0.00854982    -0.00012109
    -0.00867118    -0.00854982    -0.00012136
    -0.00893981    -0.00894500     0.00000519
    -0.00808837    -0.00798857    -0.00009979
    -0.01001722    -0.01002473     0.00000751
    -0.00585467    -0.00583973    -0.00001494
    -0.00891763    -0.00892772     0.00001008
    -0.00455508    -0.00450021    -0.00005486
    -0.00611478    -0.00602299    -0.00009179
    -0.00781340    -0.00781540     0.00000200
    -0.00544089    -0.00541664    -0.00002425
    -0.00429330    -0.00421190    -0.00008141
    -0.00567208    -0.00565910    -0.00001298
    -0.01211699    -0.01216344     0.00004646
    -0.00433075    -0.00426203    -0.00006871
    -0.01094752    -0.01088732    -0.00006020
    -0.03422022    -0.03417135    -0.00004888
    -0.00693346    -0.00695080     0.00001734
    -0.02450617    -0.02447033    -0.00003584
    -0.00440288    -0.00433489    -0.00006799
    -0.00480159    -0.00473900    -0.00006258
    -0.00630354    -0.00629483    -0.00000872
    -0.00778556    -0.00781285     0.00002729
    -0.01037418    -0.01037536     0.00000118
    -0.00795430    -0.00792778    -0.00002652
    -0.00466085    -0.00460753    -0.00005332
    -0.01057690    -0.01048538    -0.00009152
    -0.01878446    -0.01877500    -0.00000946
    -0.00562865    -0.00558640    -0.00004225
    -0.00502047    -0.00497808    -0.00004239
    -0.00731921    -0.00733320     0.00001399
    -0.01396905    -0.01399748     0.00002843
    -0.00686690    -0.00685628    -0.00001062
    -0.02438592    -0.02434625    -0.00003966
    -0.01048574    -0.01047950    -0.00000624
    -0.03169354    -0.03201740     0.00032386
    -0.00549001    -0.00547330    -0.00001670
    -0.00571137    -0.00568202    -0.00002935
    -0.01949715    -0.01947874    -0.00001841
    -0.01094850    -0.01091743    -0.00003107
    -0.00841934    -0.00842116     0.00000182
    -0.00841950    -0.00842116     0.00000166
    -0.00626265    -0.00626878     0.00000613
    -0.01084537    -0.01074136    -0.00010401
    -0.00906841    -0.00906650    -0.00000191
    -0.01028207    -0.01020275    -0.00007932
    -0.01699286    -0.01690825    -0.00008460
    -0.01644292    -0.01643556    -0.00000736
    -0.00944453    -0.00938080    -0.00006373
    -0.00947258    -0.00945882    -0.00001376
    -0.00636357    -0.00636936     0.00000579
    -0.00661726    -0.00662492     0.00000765
    -0.00782316    -0.00780292    -0.00002024
    -0.00798447    -0.00795403    -0.00003044
    -0.01109977    -0.01107634    -0.00002343
    -0.00743848    -0.00744096     0.00000249
    -0.00791900    -0.00792022     0.00000121
    -0.01626299    -0.01618744    -0.00007556
    -0.01359048    -0.01360926     0.00001878
    -0.00793721    -0.00791615    -0.00002106
    -0.00837104    -0.00831966    -0.00005138
    -0.00840990    -0.00835912    -0.00005078
    -0.01651494    -0.01650339    -0.00001155
    -0.01022517    -0.01021287    -0.00001230
    -0.00702184    -0.00702732     0.00000548
    -0.01029507    -0.01028203    -0.00001305
    -0.03047311    -0.03038507    -0.00008804
    -0.01085269    -0.01086404     0.00001135
    -0.01864614    -0.01856384    -0.00008230
    -0.01145975    -0.01141706    -0.00004269
    -0.01119615    -0.01116103    -0.00003512
    -0.00846625    -0.00842843    -0.00003782
    -0.00801764    -0.00800240    -0.00001524
    -0.00888648    -0.00885673    -0.00002975
    -0.01569887    -0.01564206    -0.00005681
    -0.00865929    -0.00861013    -0.00004915
    -0.02532849    -0.02517401    -0.00015448
    -0.01228872    -0.01227535    -0.00001337
    -0.01900661    -0.01897199    -0.00003462
    -0.01073367    -0.01070119    -0.00003248
    -0.01273253    -0.01272831    -0.00000423
    -0.01513231    -0.01512183    -0.00001048
    -0.01690129    -0.01683437    -0.00006692
    -0.01799130    -0.01793082    -0.00006048
    -0.01756253    -0.01752363    -0.00003890
    -0.01969966    -0.01964721    -0.00005245
    -0.01501282    -0.01497220    -0.00004062
    -0.01471695    -0.01469601    -0.00002095
    -0.00851882    -0.00849274    -0.00002609
    -0.00903168    -0.00899609    -0.00003558
    -0.01107365    -0.01102553    -0.00004812
    -0.01860159    -0.01854958    -0.00005201
    -0.01849427    -0.01843870    -0.00005557
    -0.00949332    -0.00946653    -0.00002679
    -0.01890127    -0.01877979    -0.00012148
    -0.03255078    -0.03249181    -0.00005896
    -0.01214180    -0.01216727     0.00002547
    -0.02514811    -0.02510818    -0.00003993
    -0.00199813    -0.00197148    -0.00002665
    -0.00199813    -0.00197148    -0.00002665
    -0.00199813    -0.00197148    -0.00002665
    -0.00199813    -0.00197148    -0.00002665
    -0.00199813    -0.00197148    -0.00002665
    -0.00199813    -0.00197148    -0.00002665
    -0.00199813    -0.00197148    -0.00002665
    -0.00199813    -0.00197148    -0.00002665
     0.01749151     0.01756126    -0.00006975
    -0.00324942    -0.00316645    -0.00008297
    -0.00481584    -0.00482582     0.00000997
    -0.00433665    -0.00424497    -0.00009168
    -0.01162019    -0.01149429    -0.00012589
    -0.05506420    -0.05501001    -0.00005418
    -0.00475271    -0.00474842    -0.00000429
    -0.00331184    -0.00324841    -0.00006343
    -0.00351593    -0.00342792    -0.00008801
     0.03303740     0.03306622    -0.00002882
    -0.00345293    -0.00342354    -0.00002940
    -0.00366341    -0.00368204     0.00001863
    -0.00360031    -0.00360507     0.00000476
     0.02081181     0.02083271    -0.00002089
    -0.00377373    -0.00381809     0.00004436
    -0.00777925    -0.00766839    -0.00011086
    -0.00413349    -0.00411394    -0.00001955
    -0.00317981    -0.00310862    -0.00007119
    -0.00313543    -0.00306900    -0.00006643
     0.03297130     0.03299749    -0.00002619
    -0.00295189    -0.00293249    -0.00001941
    -0.00357786    -0.00349384    -0.00008402
     0.03381793     0.03383326    -0.00001533
    -0.00378622    -0.00382262     0.00003640
     0.01851672     0.01855090    -0.00003418
    -0.00697896    -0.00695330    -0.00002565
    -0.00596259    -0.00595038    -0.00001221
    -0.00570280    -0.00569496    -0.00000784
    -0.00646189    -0.00639181    -0.00007008
    -0.00369776    -0.00370691     0.00000915
     0.02929654     0.02935876    -0.00006222
    -0.00327339    -0.00320537    -0.00006803
    -0.00361367    -0.00362170     0.00000803
     0.04882457     0.04876880     0.00005577
     0.04766229     0.04772704    -0.00006474
    -0.00784039    -0.00777632    -0.00006407
    -0.00386421    -0.00389233     0.00002812
    -0.00417466    -0.00417495     0.00000029
     0.02508060     0.02508693    -0.00000633
     0.00494888     0.00495770    -0.00000882
    -0.00687790    -0.00686211    -0.00001579
    -0.00615600    -0.00611784    -0.00003816
    -0.00722070    -0.00715832    -0.00006239
    -0.00246312    -0.00240944    -0.00005368
    -0.00246285    -0.00240944    -0.00005341
    -0.00246285    -0.00240944    -0.00005341
    -0.00246285    -0.00240944    -0.00005341
    -0.00246285    -0.00240944    -0.00005341
    -0.00246285    -0.00240944    -0.00005341
    -0.00246285    -0.00240944    -0.00005341
    -0.00246285    -0.00240944    -0.00005341
    -0.00246285    -0.00240944    -0.00005341
    -0.00246285    -0.00240944    -0.00005341
    -0.00246285    -0.00240944    -0.00005341
    -0.00246285    -0.00240944    -0.00005341
    -0.00605170    -0.00599791    -0.00005380
    -0.00347228    -0.00344928    -0.00002301
    -0.00381071    -0.00378629    -0.00002442
    -0.00728386    -0.00724057    -0.00004329
    -0.00740713    -0.00732644    -0.00008069
    -0.00676149    -0.00673524    -0.00002624
     0.05312329     0.05312995    -0.00000666
    -0.00375493    -0.00374741    -0.00000752
    -0.00395591    -0.00396717     0.00001126
     0.04010009     0.04016903    -0.00006895
    -0.00663351    -0.00659174    -0.00004177
    -0.00649710    -0.00644399    -0.00005311
    -0.00492668    -0.00490733    -0.00001934
    -0.00326392    -0.00323903    -0.00002489
    -0.00404827    -0.00404408    -0.00000419
    -0.00454144    -0.00453546    -0.00000598
    -0.00226807    -0.00223018    -0.00003789
    -0.00226807    -0.00223018    -0.00003789
    -0.00226807    -0.00223018    -0.00003789
    -0.00226780    -0.00223018    -0.00003762
    -0.00226780    -0.00223018    -0.00003762
    -0.00226780    -0.00223018    -0.00003762
    -0.00226780    -0.00223018    -0.00003762
    -0.00226780    -0.00223018    -0.00003762
    -0.00226780    -0.00223018    -0.00003762
    -0.00226780    -0.00223018    -0.00003762
    -0.00226780    -0.00223018    -0.00003762
    -0.00226780    -0.00223018    -0.00003762
     0.04130144     0.04125007     0.00005138
    -0.00414574    -0.00412138    -0.00002436
     0.02289427     0.02285681     0.00003747
     0.02136097     0.02138998    -0.00002901
     0.03643583     0.03657244    -0.00013661
     0.02604674     0.02606089    -0.00001416
     0.02873648     0.02874234    -0.00000587
     0.02287517     0.02284436     0.00003081
     0.02466241     0.02471874    -0.00005632
    -0.02206065    -0.02208699     0.00002634
    -0.02034476    -0.02029538    -0.00004937
    -0.02034476    -0.02029538    -0.00004937
    -0.02204830    -0.02206997     0.00002167
    -0.02564458    -0.02565952     0.00001493
    -0.02933287    -0.02918076    -0.00015211
    -0.03050184    -0.03035593    -0.00014591
    -0.03260855    -0.03244267    -0.00016587
    -0.00760180    -0.00750934    -0.00009246
    -0.02375791    -0.02374705    -0.00001086
    -0.02375791    -0.02374705    -0.00001086
    -0.03235657    -0.03250869     0.00015212
    -0.01497600    -0.01488405    -0.00009196
    -0.02617991    -0.02614074    -0.00003917
    -0.02129092    -0.02118337    -0.00010755
    -0.03103263    -0.03098754    -0.00004508
    -0.04255039    -0.04250952    -0.00004087
    -0.02115092    -0.02111812    -0.00003280
    -0.02115092    -0.02111812    -0.00003280
    -0.03215787    -0.03212416    -0.00003372
    -0.02285822    -0.02284471    -0.00001351
    -0.02285822    -0.02284471    -0.00001351
    -0.02691750    -0.02689602    -0.00002149
    -0.02198909    -0.02196814    -0.00002095
    -0.02198909    -0.02196814    -0.00002095
    -0.02195934    -0.02193557    -0.00002378
    -0.03537888    -0.03542933     0.00005045
    -0.02876611    -0.02866794    -0.00009817
    -0.02553032    -0.02556925     0.00003893
    -0.02253737    -0.02255165     0.00001428
    -0.02549122    -0.02548514    -0.00000608
    -0.02038149    -0.02023605    -0.00014544
    -0.03568515    -0.03562932    -0.00005583
    -0.03778241    -0.03774074    -0.00004167
    -0.04765892    -0.04762317    -0.00003575
    -0.03129152    -0.03110424    -0.00018728
    -0.03190981    -0.03186402    -0.00004580
    -0.03360652    -0.03361183     0.00000531
    -0.02224114    -0.02229258     0.00005144
    -0.03023288    -0.03040270     0.00016981
    -0.05407624    -0.05411140     0.00003517
    -0.04761255    -0.04752027    -0.00009228
    -0.03728948    -0.03720010    -0.00008937
    -0.04156169    -0.04159167     0.00002998
    -0.04102963    -0.04089160    -0.00013803
    -0.00732531    -0.00732166    -0.00000364
    -0.02773515    -0.02771119    -0.00002396
    -0.02838784    -0.02835509    -0.00003276
    -0.00481954    -0.00481226    -0.00000728
    -0.04308466    -0.04302853    -0.00005613
    -0.02764584    -0.02755988    -0.00008597
    -0.04507180    -0.04501275    -0.00005905
    -0.02853756    -0.02849207    -0.00004549
    -0.03156026    -0.03158445     0.00002419
    -0.01691879    -0.01676026    -0.00015852
    -0.04319552    -0.04315985    -0.00003566
    -0.02022266    -0.02027988     0.00005722
    -0.03056299    -0.03058516     0.00002218
    -0.03990035    -0.03988673    -0.00001362
    -0.04693110    -0.04684842    -0.00008267
    -0.02669140    -0.02670522     0.00001382
    -0.02206865    -0.02221341     0.00014476
    -0.04068178    -0.04057229    -0.00010949
    -0.02892323    -0.02896588     0.00004265
    -0.01377136    -0.01376749    -0.00000387
    -0.03662791    -0.03665984     0.00003192
    -0.03631844    -0.03630029    -0.00001815
    -0.03042976    -0.03041692    -0.00001284
    -0.02334712    -0.02327658    -0.00007055
    -0.03175544    -0.03175865     0.00000321
    -0.01549430    -0.01560647     0.00011217
    -0.04489071    -0.04457963    -0.00031108
    -0.04610433    -0.04602120    -0.00008313
    -0.02146557    -0.02147375     0.00000819
    -0.03878335    -0.03871071    -0.00007265
    -0.03654217    -0.03652903    -0.00001314
    -0.02543318    -0.02532494    -0.00010824
    -0.03361874    -0.03355725    -0.00006149
    -0.03389058    -0.03384726    -0.00004332
    -0.02137468    -0.02126761    -0.00010707
    -0.03335874    -0.03347107     0.00011233
    -0.03495697    -0.03492254    -0.00003443
    -0.02374607    -0.02366455    -0.00008152
    -0.01916234    -0.01911786    -0.00004448
    -0.02757654    -0.02759275     0.00001621
    -0.02917101    -0.02897273    -0.00019828
    -0.03918372    -0.03924452     0.00006081
    -0.02619115    -0.02606990    -0.00012125
    -0.03403181    -0.03404331     0.00001150
    -0.03205501    -0.03218892     0.00013391
    -0.02860390    -0.02845061    -0.00015329
    -0.03887693    -0.03884692    -0.00003001
    -0.02522713    -0.02529408     0.00006695
    -0.04204690    -0.04190990    -0.00013699
    -0.04133355    -0.04125337    -0.00008018
    -0.03807393    -0.03803152    -0.00004240
    -0.03261200    -0.03259955    -0.00001245
    -0.03018575    -0.03028378     0.00009803
    -0.03164388    -0.03155624    -0.00008763
    -0.03643199    -0.03630407    -0.00012792
    -0.01886769    -0.01883097    -0.00003673
    -0.02819342    -0.02810839    -0.00008503
    -0.02449125    -0.02444123    -0.00005002
    -0.01866200    -0.01864875    -0.00001325
    -0.02492998    -0.02482821    -0.00010178
    -0.02542455    -0.02537354    -0.00005101
    -0.01837667    -0.01828917    -0.00008750
    -0.01592370    -0.01588367    -0.00004002
    -0.02754369    -0.02739346    -0.00015024
    -0.01627467    -0.01624169    -0.00003297
    -0.02830360    -0.02816765    -0.00013595
    -0.01972570    -0.01971512    -0.00001058
    -0.01681275    -0.01677719    -0.00003555
    -0.01776035    -0.01770514    -0.00005522
    -0.02693163    -0.02690515    -0.00002647
    -0.01317265    -0.01310260    -0.00007005
    -0.01365388    -0.01356227    -0.00009161
    -0.01704633    -0.01699171    -0.00005462
    -0.02707672    -0.02693456    -0.00014216
    -0.01483494    -0.01476059    -0.00007435
    -0.01583099    -0.01576590    -0.00006508
    -0.01913611    -0.01908620    -0.00004991
    -0.01591967    -0.01584200    -0.00007767
    -0.02619550    -0.02617158    -0.00002392
    -0.02066101    -0.02055893    -0.00010207
    -0.02573446    -0.02565386    -0.00008061
    -0.02521075    -0.02520572    -0.00000503
    -0.02297449    -0.02286998    -0.00010451
    -0.02261911    -0.02256632    -0.00005279
    -0.02300154    -0.02300516     0.00000362
    -0.01517146    -0.01507434    -0.00009712
    -0.02347719    -0.02335903    -0.00011816
    -0.01429803    -0.01421666    -0.00008137
    -0.01396175    -0.01387705    -0.00008471
    -0.02347243    -0.02338590    -0.00008653
    -0.01782670    -0.01775893    -0.00006777
    -0.02690183    -0.02676332    -0.00013851
    -0.01944708    -0.01938432    -0.00006276
    -0.01701297    -0.01695068    -0.00006229
    -0.02588913    -0.02588275    -0.00000638
    -0.02718962    -0.02705687    -0.00013275
    -0.02184043    -0.02180028    -0.00004015
    -0.01519574    -0.01514696    -0.00004877
    -0.02064430    -0.02060343    -0.00004087
    -0.01746008    -0.01742586    -0.00003422
    -0.01944196    -0.01938726    -0.00005470
    -0.02183420    -0.02185820     0.00002401
    -0.02337725    -0.02334154    -0.00003571
    -0.02011711    -0.02017126     0.00005416
    -0.01538592    -0.01530137    -0.00008455
    -0.02568695    -0.02561181    -0.00007514
    -0.01359587    -0.01349598    -0.00009989
    -0.02447583    -0.02442578    -0.00005005
    -0.02241032    -0.02238663    -0.00002369
    -0.02295370    -0.02289261    -0.00006109
    -0.02171248    -0.02165202    -0.00006046
    -0.02519908    -0.02515342    -0.00004566
    -0.01567449    -0.01557284    -0.00010166
    -0.02371685    -0.02367166    -0.00004519
    -0.02546373    -0.02535544    -0.00010829
    -0.01954961    -0.01951022    -0.00003939
    -0.01586731    -0.01578796    -0.00007936
    -0.02397157    -0.02394274    -0.00002883
    -0.01860317    -0.01855139    -0.00005179
    -0.01822891    -0.01824545     0.00001654
    -0.02106507    -0.02099991    -0.00006516
    -0.01388058    -0.01377126    -0.00010933
    -0.02160092    -0.02154271    -0.00005820
    -0.01641848    -0.01641407    -0.00000441
    -0.02346337    -0.02339523    -0.00006814
    -0.02219829    -0.02214664    -0.00005164
    -0.02380017    -0.02378177    -0.00001840
    -0.01913916    -0.01907448    -0.00006468
    -0.02260654    -0.02255463    -0.00005191
    -0.02076139    -0.02073965    -0.00002174
    -0.01384932    -0.01371861    -0.00013071
    -0.01732203    -0.01733222     0.00001018
    -0.02055828    -0.02048868    -0.00006961
    -0.02303493    -0.02303081    -0.00000411
    -0.02330963    -0.02326720    -0.00004243
    -0.01694336    -0.01684809    -0.00009527
    -0.02478250    -0.02465874    -0.00012375
    -0.01784221    -0.01775832    -0.00008388
    -0.01576331    -0.01564021    -0.00012311
    -0.02122962    -0.02112665    -0.00010297
    -0.02001071    -0.01992278    -0.00008793
    -0.02305980    -0.02295530    -0.00010450
    -0.02167920    -0.02158318    -0.00009602
    -0.01753423    -0.01742910    -0.00010513
    -0.01870138    -0.01861726    -0.00008412
    -0.02135634    -0.02124585    -0.00011049
    -0.01891537    -0.01882702    -0.00008835
    -0.01975332    -0.01967005    -0.00008326
    -0.02310590    -0.02301997    -0.00008593
    -0.02268080    -0.02262826    -0.00005254
    -0.02515856    -0.02507440    -0.00008416
    -0.01903445    -0.01895079    -0.00008365
    -0.02216484    -0.02208034    -0.00008450
    -0.01998135    -0.01988823    -0.00009311
    -0.02155923    -0.02145341    -0.00010582
     0.02202035     0.02216473    -0.00014437
    -0.01676371    -0.01671096    -0.00005276
    -0.01918054    -0.01903248    -0.00014807
    -0.02130891    -0.02134637     0.00003746
    -0.04753922    -0.04751585    -0.00002337
     0.01732097     0.01734020    -0.00001923
    -0.02677772    -0.02685153     0.00007381
    -0.02677772    -0.02685153     0.00007381
    -0.02248137    -0.02245054    -0.00003083
    -0.00736414    -0.00740578     0.00004164
     0.02899809     0.02901688    -0.00001880
    -0.04658132    -0.04653557    -0.00004575
    -0.03218884    -0.03220315     0.00001431
    -0.00919157    -0.00913708    -0.00005449
    -0.02766843    -0.02760954    -0.00005889
    -0.02766843    -0.02760954    -0.00005889
    -0.02521208    -0.02514957    -0.00006251
    -0.02547138    -0.02538832    -0.00008306
     0.00309274     0.00310253    -0.00000980
    -0.02459381    -0.02459277    -0.00000105
    -0.02645137    -0.02637054    -0.00008083
    -0.03857840    -0.03851381    -0.00006459
    -0.03857840    -0.03851381    -0.00006459
    -0.06867857    -0.06864763    -0.00003095
    -0.04013609    -0.04007820    -0.00005788
    -0.02662776    -0.02657792    -0.00004984
    -0.02059584    -0.02051710    -0.00007874
    -0.02493570    -0.02501707     0.00008137
     0.01470452     0.01485382    -0.00014931
     0.03626197     0.03628876    -0.00002679
     0.05906218     0.05906655    -0.00000437
    -0.00177252    -0.00173909    -0.00003343
     0.05616743     0.05619197    -0.00002454
    -0.03196639    -0.03195132    -0.00001506
    -0.01015153    -0.01012335    -0.00002818
    -0.06777222    -0.06776815    -0.00000407
    -0.03396566    -0.03399098     0.00002532
    -0.03286452    -0.03286627     0.00000174
    -0.00114987    -0.00123594     0.00008607
    -0.02751662    -0.02754782     0.00003121
    -0.03990270    -0.03985772    -0.00004498
     0.04791702     0.04801599    -0.00009897
     0.02609801     0.02604465     0.00005335
    -0.03240177    -0.03229059    -0.00011118
    -0.03427456    -0.03418894    -0.00008563
    -0.03129701    -0.03124009    -0.00005693
    -0.01466188    -0.01461456    -0.00004731
     0.00169796     0.00180870    -0.00011074
     0.01906734     0.01908682    -0.00001947
     0.02653698     0.02653686     0.00000012
    -0.00951166    -0.00914430    -0.00036736
    -0.00715774    -0.00713891    -0.00001883
    -0.03521649    -0.03516605    -0.00005044
    -0.03521649    -0.03516605    -0.00005044
    -0.03570547    -0.03566425    -0.00004122
     0.04562843     0.04545696     0.00017147
    -0.02686776    -0.02686491    -0.00000285
    -0.02942218    -0.02939241    -0.00002977
    -0.00321511    -0.00307023    -0.00014488
    -0.00963316    -0.00964339     0.00001023
     0.01946833     0.01972575    -0.00025742
     0.01932487     0.01938402    -0.00005915
     0.01937385     0.01917871     0.00019514
     0.04663828     0.04653153     0.00010675
    -0.03237472    -0.03227365    -0.00010107
     0.01878179     0.01863313     0.00014866
    -0.03809042    -0.03810452     0.00001411
    -0.02924726    -0.02915969    -0.00008758
     0.02730608     0.02736740    -0.00006132
    -0.02625651    -0.02629380     0.00003729
    -0.04559877    -0.04556522    -0.00003356
    -0.03876126    -0.03867252    -0.00008874
     0.02757645     0.02763715    -0.00006070
    -0.03116180    -0.03111696    -0.00004484
     0.01801429     0.01798709     0.00002721
    -0.03181487    -0.03172117    -0.00009371
     0.05745499     0.05733806     0.00011693
    -0.00887733    -0.00876480    -0.00011253
     0.00849297     0.00852592    -0.00003294
    -0.01142788    -0.01143948     0.00001160
     0.01531857     0.01544154    -0.00012297
    -0.02805791    -0.02784241    -0.00021550
     0.02818177     0.02821998    -0.00003821
     0.01330242     0.01342950    -0.00012708
     0.02965636     0.02966179    -0.00000543
    -0.00019380    -0.00001715    -0.00017665
    -0.05618381    -0.05611267    -0.00007114
    -0.00162923    -0.00165018     0.00002096
     0.00419627     0.00412988     0.00006638
     0.01623837     0.01620703     0.00003134
     0.02262610     0.02251264     0.00011347
     0.02223663     0.02238086    -0.00014424
     0.00997844     0.00996479     0.00001365
    -0.00069756    -0.00074258     0.00004502
    -0.05031954    -0.05086227     0.00054273
     0.01104012     0.01087048     0.00016964
     0.01969873     0.01975337    -0.00005464
     0.02895757     0.02883306     0.00012451
     0.02572850     0.02589253    -0.00016402
    -0.00981833    -0.00968323    -0.00013510
    -0.00579676    -0.00575891    -0.00003785
    -0.00423845    -0.00408524    -0.00015321
    -0.01081870    -0.01078714    -0.00003156
    -0.01482022    -0.01488195     0.00006173
     0.00349345     0.00343724     0.00005621
    -0.00429896    -0.00416199    -0.00013698
    -0.00946407    -0.00941961    -0.00004445
    -0.00518410    -0.00520457     0.00002048
    -0.02202819    -0.02190412    -0.00012407
    -0.00436473    -0.00422659    -0.00013815
     0.02337513     0.02338795    -0.00001282
    -0.00430247    -0.00420034    -0.00010213
    -0.00442000    -0.00429094    -0.00012906
    -0.00456759    -0.00446734    -0.00010026
    -0.01053111    -0.01048776    -0.00004334
    -0.00503781    -0.00506016     0.00002236
    -0.00750754    -0.00742864    -0.00007890
    -0.00468172    -0.00462504    -0.00005668
     0.01091340     0.01086153     0.00005187
    -0.00509593    -0.00509449    -0.00000144
    -0.00467587    -0.00461790    -0.00005797
     0.02911722     0.02907460     0.00004262
     0.00759573     0.00759604    -0.00000031
    -0.00437505    -0.00427122    -0.00010383
    -0.01726048    -0.01719461    -0.00006587
    -0.00511239    -0.00510707    -0.00000532
    -0.00489669    -0.00489125    -0.00000544
    -0.01709071    -0.01732929     0.00023858
    -0.00507011    -0.00505727    -0.00001283
     0.00167614     0.00173581    -0.00005967
    -0.00446166    -0.00435892    -0.00010274
     0.01349320     0.01358790    -0.00009470
    -0.00500532    -0.00497995    -0.00002537
    -0.00456961    -0.00448048    -0.00008913
     0.01223960     0.01237939    -0.00013979
     0.02868464     0.02884755    -0.00016292
     0.00940235     0.00927300     0.00012935
    -0.00433926    -0.00424190    -0.00009737
    -0.00473075    -0.00465476    -0.00007600
     0.00520897     0.00505357     0.00015540
     0.01130064     0.01130732    -0.00000668
     0.01234891     0.01242157    -0.00007266
     0.01252056     0.01250607     0.00001449
     0.00662567     0.00664890    -0.00002322
    -0.00054611    -0.00035007    -0.00019603
     0.00530301     0.00533248    -0.00002947
     0.02153613     0.02144858     0.00008754
     0.01352360     0.01355019    -0.00002659
     0.00017407     0.00021753    -0.00004346
     0.00456120     0.00453607     0.00002513
     0.01151681     0.01158277    -0.00006596
     0.01290941     0.01278352     0.00012589
     0.01619336     0.01625908    -0.00006572
     0.01998791     0.01996763     0.00002027
     0.01945603     0.01936298     0.00009305
    -0.00396731    -0.00394946    -0.00001785
    -0.00522189    -0.00525473     0.00003284
    -0.00063468    -0.00062016    -0.00001452
    -0.01160234    -0.01149194    -0.00011040
    -0.00706647    -0.00707939     0.00001292
     0.02030190     0.02017674     0.00012516
     0.02199358     0.02186110     0.00013248
     0.02251331     0.02234045     0.00017286
     0.01581324     0.01572990     0.00008335
     0.01131795     0.01131838    -0.00000043
    -0.01865145    -0.01868269     0.00003124
     0.01688755     0.01680688     0.00008067
     0.01692747     0.01696342    -0.00003595
     0.02844393     0.02853451    -0.00009058
     0.01338019     0.01345932    -0.00007913
     0.02043004     0.02057125    -0.00014121
     0.00698119     0.00695773     0.00002346
     0.02159692     0.02158447     0.00001245
     0.00243776     0.00240514     0.00003262
    -0.02203782    -0.02201364    -0.00002419
     0.01872274     0.01860864     0.00011410
     0.01181475     0.01180188     0.00001287
    -0.00459576    -0.00452056    -0.00007520
    -0.00849270    -0.00833455    -0.00015815
     0.01132671     0.01127809     0.00004862
     0.00565953     0.00554645     0.00011308
    -0.00566283    -0.00558023    -0.00008259
     0.00124054     0.00135719    -0.00011665
     0.02366060     0.02359154     0.00006906
     0.00937889     0.00948261    -0.00010372
    -0.00381474    -0.00388007     0.00006534
     0.02218237     0.02207022     0.00011215
     0.02051902     0.02038289     0.00013613
     0.00752841     0.00756749    -0.00003908
     0.00590977     0.00586906     0.00004071
     0.02999236     0.03000672    -0.00001436
     0.00241939     0.00231379     0.00010560
     0.00582389     0.00585551    -0.00003162
     0.01429022     0.01428506     0.00000516
     0.02472579     0.02485712    -0.00013133
     0.01612130     0.01609082     0.00003048
     0.00805579     0.00820091    -0.00014511
     0.02756013     0.02770907    -0.00014894
     0.02703329     0.02716325    -0.00012996
     0.01311676     0.01313421    -0.00001745
     0.00188278     0.00198443    -0.00010165
    -0.01062518    -0.01051942    -0.00010576
    -0.01084246    -0.01074586    -0.00009660
     0.01427896     0.01430023    -0.00002127
    -0.02166456    -0.02168286     0.00001829
    -0.01105707    -0.01096931    -0.00008777
    -0.01126889    -0.01118980    -0.00007909
    -0.01147768    -0.01140739    -0.00007029
    -0.01168443    -0.01162211    -0.00006232
    -0.01188844    -0.01183400    -0.00005444
    -0.01208986    -0.01204311    -0.00004675
    -0.00619802    -0.00628347     0.00008545
    -0.01228926    -0.01224947    -0.00003979
    -0.02419748    -0.02412029    -0.00007719
    -0.01248638    -0.01245314    -0.00003324
    -0.02020007    -0.02017353    -0.00002655
    -0.01268151    -0.01265415    -0.00002736
     0.01158070     0.01174055    -0.00015985
    -0.01287428    -0.01285257    -0.00002171
     0.02892734     0.02886907     0.00005826
    -0.01306476    -0.01304845    -0.00001630
     0.00425058     0.00425881    -0.00000823
     0.02694904     0.02719063    -0.00024159
     0.01281874     0.01279019     0.00002855
    -0.01325344    -0.01324186    -0.00001158
    -0.04353865    -0.04352795    -0.00001070
    -0.03007884    -0.03006928    -0.00000956
    -0.03005900    -0.03005305    -0.00000595
    -0.02296943    -0.02295746    -0.00001197
    -0.02772108    -0.02767783    -0.00004325
    -0.04165663    -0.04169436     0.00003772
     0.03236816     0.03241918    -0.00005102
     0.01928485     0.01933818    -0.00005333
    -0.03169476    -0.03169098    -0.00000378
    -0.00206077    -0.00195269    -0.00010808
    -0.04330581    -0.04314960    -0.00015620
    -0.03809172    -0.03806238    -0.00002934
    -0.04098878    -0.04095040    -0.00003838
     0.02487306     0.02505199    -0.00017893
    -0.02671636    -0.02677544     0.00005908
    -0.02464103    -0.02491172     0.00027069
     0.01642659     0.01626218     0.00016441
    -0.00472735    -0.00461733    -0.00011002
     0.01010669     0.01009987     0.00000682
     0.00489797     0.00498418    -0.00008621
     0.01211614     0.01217088    -0.00005474
    -0.03443312    -0.03442585    -0.00000728
     0.00725015     0.00735793    -0.00010778
     0.01072248     0.01066463     0.00005785
    -0.01043187    -0.01037148    -0.00006039
     0.00016169     0.00021837    -0.00005668
     0.02124404     0.02130081    -0.00005677
    -0.00558084    -0.00540290    -0.00017793
     0.02019022     0.02034171    -0.00015149
     0.00321971     0.00318066     0.00003905
     0.02653472     0.02656034    -0.00002562
     0.01972975     0.01969315     0.00003660
     0.01623200     0.01616513     0.00006687
     0.02065624     0.02070684    -0.00005059
     0.02039167     0.02034162     0.00005004
    -0.00027421    -0.00022104    -0.00005316
     0.01158076     0.01149866     0.00008210
    -0.03117644    -0.03109839    -0.00007805
    -0.02999770    -0.02992980    -0.00006790
    -0.03125824    -0.03125738    -0.00000086
    -0.03417867    -0.03419012     0.00001145
     0.02395508     0.02404825    -0.00009317
    -0.03123679    -0.03124064     0.00000384
     0.03064579     0.03064264     0.00000315
    -0.00199489    -0.00197778    -0.00001711
     0.01049875     0.01049407     0.00000468
     0.00622109     0.00613779     0.00008330
     0.00883554     0.00884183    -0.00000629
    -0.03902586    -0.03877863    -0.00024723
     0.02606364     0.02602249     0.00004115
     0.01079119     0.01070637     0.00008482
    -0.04233945    -0.04228901    -0.00005044
    -0.03746532    -0.03744254    -0.00002277
     0.05068028     0.05061898     0.00006130
     0.00902841     0.00897477     0.00005364
    -0.04378470    -0.04366845    -0.00011625
    -0.02374395    -0.02366766    -0.00007629
    -0.03242824    -0.03243631     0.00000807
    -0.03240533    -0.03241911     0.00001378
     0.02365214     0.02351389     0.00013825
     0.01063127     0.01057092     0.00006035
     0.00832649     0.00827721     0.00004929
    -0.03256680    -0.03245840    -0.00010840
    -0.02605866    -0.02591474    -0.00014391
    -0.04467176    -0.04460272    -0.00006905
    -0.03239371    -0.03220538    -0.00018834
    -0.03358046    -0.03359080     0.00001034
    -0.03355613    -0.03357320     0.00001707
    -0.05094361    -0.05090151    -0.00004210
    -0.04568533    -0.04570899     0.00002366
    -0.04660742    -0.04649125    -0.00011616
    -0.03468137    -0.03468432     0.00000295
    -0.05612806    -0.05611946    -0.00000860
    -0.03577168    -0.03573179    -0.00003989
    -0.03579922    -0.03574999    -0.00004923
     0.00009023     0.00008148     0.00015777     0.00013567     0.00054273
