     0.00013105     0.00020031    -0.00006926
     0.02248545     0.02252002    -0.00003457
    -0.01472814    -0.01468602    -0.00004212
     0.03938440     0.03944622    -0.00006182
    -0.00835920    -0.00828591    -0.00007330
     0.01503587     0.01494968     0.00008619
     0.00008727     0.00038348    -0.00029622
    -0.02133286    -0.02133017    -0.00000269
    -0.02912807    -0.02909522    -0.00003286
    -0.01862652    -0.01872464     0.00009811
     0.01521862     0.01522350    -0.00000488
     0.00163704     0.00156935     0.00006769
    -0.00086611    -0.00062528    -0.00024083
     0.02370240     0.02373828    -0.00003588
    -0.00005693    -0.00009270     0.00003577
    -0.01545324    -0.01548419     0.00003095
     0.02800090     0.02795980     0.00004110
     0.01375955     0.01398345    -0.00022390
    -0.02915009    -0.02920633     0.00005624
     0.01361105     0.01366555    -0.00005449
     0.02544344     0.02545899    -0.00001556
    -0.00275083    -0.00275475     0.00000392
     0.03055158     0.03055538    -0.00000380
     0.01867354     0.01875668    -0.00008314
     0.04042456     0.04048911    -0.00006456
     0.02956705     0.02946424     0.00010281
     0.04064772     0.04044833     0.00019939
     0.00783462     0.00780031     0.00003431
    -0.00106399    -0.00090161    -0.00016239
    -0.00287785    -0.00284624    -0.00003160
    -0.00785737    -0.00793202     0.00007465
     0.03260876     0.03261517    -0.00000641
    -0.01014865    -0.00988863    -0.00026002
    -0.01674700    -0.01694735     0.00020035
     0.01755034     0.01759126    -0.00004092
     0.03207763     0.03203454     0.00004309
     0.03335830     0.03360767    -0.00024937
    -0.01619026    -0.01620737     0.00001711
    -0.01555860    -0.01565539     0.00009679
     0.02413010     0.02416606    -0.00003596
    -0.00133532    -0.00144348     0.00010816
    -0.01508177    -0.01505224    -0.00002954
    -0.00062769    -0.00069813     0.00007045
     0.04314458     0.04317159    -0.00002701
    -0.00200785    -0.00195427    -0.00005358
    -0.00702680    -0.00690652    -0.00012028
    -0.00672682    -0.00655407    -0.00017275
    -0.00113961    -0.00095825    -0.00018136
    -0.00016931    -0.00006055    -0.00010876
    -0.03058620    -0.03062840     0.00004220
    -0.01978553    -0.01976160    -0.00002394
     0.00390677     0.00393988    -0.00003312
    -0.02415895    -0.02410998    -0.00004897
    -0.00141415    -0.00138033    -0.00003381
    -0.00150210    -0.00159059     0.00008850
    -0.00046861    -0.00043526    -0.00003335
    -0.00948352    -0.00938531    -0.00009821
    -0.00063144    -0.00073477     0.00010333
     0.02863800     0.02882605    -0.00018805
    -0.02603109    -0.02619475     0.00016366
     0.03337656     0.03345358    -0.00007702
     0.00847001     0.00844442     0.00002558
     0.00721630     0.00723720    -0.00002090
     0.01381827     0.01357906     0.00023921
    -0.01201883    -0.01202595     0.00000711
     0.00003924     0.00016034    -0.00012110
    -0.00226382    -0.00225237    -0.00001146
     0.00662306     0.00667443    -0.00005137
     0.00540130     0.00553138    -0.00013008
    -0.01086975    -0.01075704    -0.00011271
    -0.00046297    -0.00043805    -0.00002493
    -0.00915903    -0.00918856     0.00002953
     0.02074457     0.02064516     0.00009941
    -0.01618160    -0.01607606    -0.00010554
     0.00505637     0.00526560    -0.00020924
    -0.00045593    -0.00043426    -0.00002167
    -0.01848072    -0.01848212     0.00000140
    -0.00072581    -0.00061262    -0.00011319
     0.02089919     0.02097131    -0.00007213
     0.01791889     0.01805374    -0.00013485
    -0.00573270    -0.00576301     0.00003031
     0.01941832     0.01937308     0.00004524
    -0.03183324    -0.03180274    -0.00003050
     0.02524346     0.02522433     0.00001913
     0.01616871     0.01612810     0.00004060
     0.03466148     0.03471869    -0.00005721
     0.02785445     0.02788967    -0.00003523
    -0.01749445    -0.01743753    -0.00005692
     0.00298199     0.00308087    -0.00009888
     0.01512031     0.01513829    -0.00001798
     0.02495826     0.02505006    -0.00009180
     0.01682347     0.01694579    -0.00012232
    -0.02238700    -0.02235812    -0.00002888
     0.02828273     0.02797352     0.00030921
     0.03404215     0.03393224     0.00010991
     0.01266883     0.01266612     0.00000271
    -0.00046798    -0.00042613    -0.00004185
     0.00920899     0.00930554    -0.00009656
     0.03655798     0.03660197    -0.00004399
     0.00619568     0.00618484     0.00001083
    -0.00361196    -0.00356182    -0.00005013
    -0.00463960    -0.00463496    -0.00000463
    -0.00867091    -0.00858075    -0.00009016
    -0.00867118    -0.00858075    -0.00009043
    -0.00893981    -0.00892373    -0.00001608
    -0.00808837    -0.00799677    -0.00009160
    -0.01001722    -0.00999167    -0.00002555
    -0.00585467    -0.00583005    -0.00002461
    -0.00891763    -0.00889833    -0.00001930
    -0.00455508    -0.00456124     0.00000617
    -0.00611478    -0.00602122    -0.00009356
    -0.00781340    -0.00779817    -0.00001522
    -0.00544089    -0.00540301    -0.00003788
    -0.00429330    -0.00426483    -0.00002848
    -0.00567208    -0.00564900    -0.00002308
    -0.01211699    -0.01217342     0.00005644
    -0.00433075    -0.00432114    -0.00000960
    -0.01094752    -0.01093218    -0.00001534
    -0.03422022    -0.03423273     0.00001250
    -0.00693346    -0.00696917     0.00003571
    -0.02450617    -0.02446527    -0.00004090
    -0.00440288    -0.00439119    -0.00001170
    -0.00480159    -0.00478084    -0.00002074
    -0.00630354    -0.00629980    -0.00000374
    -0.00778556    -0.00784084     0.00005528
    -0.01037418    -0.01034987    -0.00002431
    -0.00795430    -0.00797746     0.00002316
    -0.00466085    -0.00466093     0.00000009
    -0.01057690    -0.01055346    -0.00002345
    -0.01878446    -0.01872663    -0.00005782
    -0.00562865    -0.00562471    -0.00000394
    -0.00502047    -0.00502301     0.00000254
    -0.00731921    -0.00735895     0.00003974
    -0.01396905    -0.01399492     0.00002587
    -0.00686690    -0.00686232    -0.00000459
    -0.02438592    -0.02434601    -0.00003991
    -0.01048574    -0.01045899    -0.00002676
    -0.03169354    -0.03183835     0.00014481
    -0.00549001    -0.00551752     0.00002751
    -0.00571137    -0.00571546     0.00000409
    -0.01949715    -0.01943764    -0.00005951
    -0.01094850    -0.01101852     0.00007002
    -0.00841934    -0.00841652    -0.00000282
    -0.00841950    -0.00841652    -0.00000298
    -0.00626265    -0.00630936     0.00004672
    -0.01084537    -0.01081526    -0.00003011
    -0.00906841    -0.00912860     0.00006019
    -0.01028207    -0.01026384    -0.00001823
    -0.01699286    -0.01702629     0.00003343
    -0.01644292    -0.01641473    -0.00002818
    -0.00944453    -0.00943428    -0.00001025
    -0.00947258    -0.00953214     0.00005956
    -0.00636357    -0.00640725     0.00004368
    -0.00661726    -0.00666206     0.00004480
    -0.00782316    -0.00784855     0.00002539
    -0.00798447    -0.00800168     0.00001721
    -0.01109977    -0.01107074    -0.00002903
    -0.00743848    -0.00746366     0.00002518
    -0.00791900    -0.00792999     0.00001099
    -0.01626299    -0.01630251     0.00003952
    -0.01359048    -0.01363097     0.00004049
    -0.00793721    -0.00795979     0.00002258
    -0.00837104    -0.00836959    -0.00000145
    -0.00840990    -0.00840979    -0.00000011
    -0.01651494    -0.01649007    -0.00002488
    -0.01022517    -0.01020635    -0.00001882
    -0.00702184    -0.00705887     0.00003703
    -0.01029507    -0.01027565    -0.00001942
    -0.03047311    -0.03034647    -0.00012663
    -0.01085269    -0.01092501     0.00007232
    -0.01864614    -0.01864840     0.00000226
    -0.01145975    -0.01142349    -0.00003626
    -0.01119615    -0.01116491    -0.00003124
    -0.00846625    -0.00847339     0.00000714
    -0.00801764    -0.00803987     0.00002223
    -0.00888648    -0.00888325    -0.00000323
    -0.01569887    -0.01570558     0.00000670
    -0.00865929    -0.00865721    -0.00000208
    -0.02532849    -0.02520162    -0.00012687
    -0.01228872    -0.01235664     0.00006792
    -0.01900661    -0.01897034    -0.00003627
    -0.01073367    -0.01070652    -0.00002714
    -0.01273253    -0.01279375     0.00006122
    -0.01513231    -0.01515280     0.00002049
    -0.01690129    -0.01692127     0.00001997
    -0.01799130    -0.01798231    -0.00000899
    -0.01756253    -0.01754668    -0.00001584
    -0.01969966    -0.01966519    -0.00003447
    -0.01501282    -0.01504753     0.00003471
    -0.01471695    -0.01475219     0.00003524
    -0.00851882    -0.00852769     0.00000886
    -0.00903168    -0.00903477     0.00000309
    -0.01107365    -0.01104150    -0.00003215
    -0.01860159    -0.01858086    -0.00002074
    -0.01849427    -0.01847757    -0.00001670
    -0.00949332    -0.00948711    -0.00000621
    -0.01890127    -0.01884496    -0.00005631
    -0.03255078    -0.03254174    -0.00000904
    -0.01214180    -0.01219262     0.00005081
    -0.02514811    -0.02505401    -0.00009410
    -0.00199813    -0.00203749     0.00003935
    -0.00199813    -0.00203749     0.00003935
    -0.00199813    -0.00203749     0.00003935
    -0.00199813    -0.00203749     0.00003935
    -0.00199813    -0.00203749     0.00003935
    -0.00199813    -0.00203749     0.00003935
    -0.00199813    -0.00203749     0.00003935
    -0.00199813    -0.00203749     0.00003935
     0.01749151     0.01745451     0.00003699
    -0.00324942    -0.00328492     0.00003550
    -0.00481584    -0.00478689    -0.00002896
    -0.00433665    -0.00429631    -0.00004034
    -0.01162019    -0.01168838     0.00006819
    -0.05506420    -0.05537898     0.00031478
    -0.00475271    -0.00469365    -0.00005906
    -0.00331184    -0.00332223     0.00001038
    -0.00351593    -0.00354798     0.00003206
     0.03303740     0.03302999     0.00000741
    -0.00345293    -0.00345379     0.00000085
    -0.00366341    -0.00366090    -0.00000252
    -0.00360031    -0.00359825    -0.00000206
     0.02081181     0.02112924    -0.00031743
    -0.00377373    -0.00373971    -0.00003402
    -0.00777925    -0.00781921     0.00003996
    -0.00413349    -0.00405548    -0.00007801
    -0.00317981    -0.00321929     0.00003948
    -0.00313543    -0.00317518     0.00003975
     0.03297130     0.03300651    -0.00003521
    -0.00295189    -0.00298887     0.00003698
    -0.00357786    -0.00353195    -0.00004591
     0.03381793     0.03373094     0.00008699
    -0.00378622    -0.00375005    -0.00003617
     0.01851672     0.01853177    -0.00001504
    -0.00697896    -0.00700434     0.00002538
    -0.00596259    -0.00592642    -0.00003616
    -0.00570280    -0.00566492    -0.00003788
    -0.00646189    -0.00644245    -0.00001944
    -0.00369776    -0.00369379    -0.00000397
     0.02929654     0.02930925    -0.00001270
    -0.00327339    -0.00330261     0.00002922
    -0.00361367    -0.00361264    -0.00000103
     0.04882457     0.04876500     0.00005958
     0.04766229     0.04775860    -0.00009631
    -0.00784039    -0.00783235    -0.00000804
    -0.00386421    -0.00382507    -0.00003913
    -0.00417466    -0.00415590    -0.00001876
     0.02508060     0.02512263    -0.00004203
     0.00494888     0.00551059    -0.00056171
    -0.00687790    -0.00686476    -0.00001313
    -0.00615600    -0.00612297    -0.00003304
    -0.00722070    -0.00719895    -0.00002175
    -0.00246312    -0.00247100     0.00000788
    -0.00246285    -0.00247100     0.00000816
    -0.00246285    -0.00247100     0.00000816
    -0.00246285    -0.00247100     0.00000816
    -0.00246285    -0.00247100     0.00000816
    -0.00246285    -0.00247100     0.00000816
    -0.00246285    -0.00247100     0.00000816
    -0.00246285    -0.00247100     0.00000816
    -0.00246285    -0.00247100     0.00000816
    -0.00246285    -0.00247100     0.00000816
    -0.00246285    -0.00247100     0.00000816
    -0.00246285    -0.00247100     0.00000816
    -0.00605170    -0.00603638    -0.00001532
    -0.00347228    -0.00344987    -0.00002242
    -0.00381071    -0.00380091    -0.00000980
    -0.00728386    -0.00726294    -0.00002092
    -0.00740713    -0.00741366     0.00000653
    -0.00676149    -0.00672658    -0.00003491
     0.05312329     0.05310288     0.00002041
    -0.00375493    -0.00374498    -0.00000994
    -0.00395591    -0.00390918    -0.00004673
     0.04010009     0.04009640     0.00000369
    -0.00663351    -0.00658783    -0.00004568
    -0.00649710    -0.00644751    -0.00004959
    -0.00492668    -0.00488729    -0.00003938
    -0.00326392    -0.00324757    -0.00001635
    -0.00404827    -0.00399182    -0.00005645
    -0.00454144    -0.00449737    -0.00004407
    -0.00226807    -0.00227054     0.00000247
    -0.00226807    -0.00227054     0.00000247
    -0.00226807    -0.00227054     0.00000247
    -0.00226780    -0.00227054     0.00000274
    -0.00226780    -0.00227054     0.00000274
    -0.00226780    -0.00227054     0.00000274
    -0.00226780    -0.00227054     0.00000274
    -0.00226780    -0.00227054     0.00000274
    -0.00226780    -0.00227054     0.00000274
    -0.00226780    -0.00227054     0.00000274
    -0.00226780    -0.00227054     0.00000274
    -0.00226780    -0.00227054     0.00000274
     0.04130144     0.04131130    -0.00000986
    -0.00414574    -0.00410277    -0.00004297
     0.02289427     0.02279691     0.00009737
     0.02136097     0.02135880     0.00000217
     0.03643583     0.03642436     0.00001147
     0.02604674     0.02600143     0.00004531
     0.02873648     0.02876196    -0.00002549
     0.02287517     0.02291264    -0.00003747
     0.02466241     0.02468541    -0.00002300
    -0.02206065    -0.02211723     0.00005657
    -0.02034476    -0.02032283    -0.00002193
    -0.02034476    -0.02032283    -0.00002193
    -0.02204830    -0.02209704     0.00004875
    -0.02564458    -0.02556463    -0.00007995
    -0.02933287    -0.02927424    -0.00005862
    -0.03050184    -0.03031837    -0.00018348
    -0.03260855    -0.03270588     0.00009733
    -0.00760180    -0.00761429     0.00001249
    -0.02375791    -0.02373058    -0.00002733
    -0.02375791    -0.02373058    -0.00002733
    -0.03235657    -0.03247648     0.00011991
    -0.01497600    -0.01493168    -0.00004433
    -0.02617991    -0.02619114     0.00001123
    -0.02129092    -0.02126348    -0.00002745
    -0.03103263    -0.03104820     0.00001557
    -0.04255039    -0.04245100    -0.00009939
    -0.02115092    -0.02113028    -0.00002064
    -0.02115092    -0.02113028    -0.00002064
    -0.03215787    -0.03219460     0.00003672
    -0.02285822    -0.02283423    -0.00002398
    -0.02285822    -0.02283423    -0.00002398
    -0.02691750    -0.02695963     0.00004212
    -0.02198909    -0.02196742    -0.00002166
    -0.02198909    -0.02196742    -0.00002166
    -0.02195934    -0.02193647    -0.00002288
    -0.03537888    -0.03542780     0.00004892
    -0.02876611    -0.02870908    -0.00005703
    -0.02553032    -0.02557632     0.00004600
    -0.02253737    -0.02258467     0.00004731
    -0.02549122    -0.02548913    -0.00000209
    -0.02038149    -0.02029386    -0.00008763
    -0.03568515    -0.03576556     0.00008041
    -0.03778241    -0.03775173    -0.00003069
    -0.04765892    -0.04757376    -0.00008516
    -0.03129152    -0.03135939     0.00006787
    -0.03190981    -0.03193021     0.00002040
    -0.03360652    -0.03359180    -0.00001472
    -0.02224114    -0.02223786    -0.00000329
    -0.03023288    -0.03027851     0.00004563
    -0.05407624    -0.05401302    -0.00006321
    -0.04761255    -0.04770577     0.00009322
    -0.03728948    -0.03722200    -0.00006747
    -0.04156169    -0.04153510    -0.00002659
    -0.04102963    -0.04107227     0.00004264
    -0.00732531    -0.00735823     0.00003293
    -0.02773515    -0.02772247    -0.00001268
    -0.02838784    -0.02839265     0.00000480
    -0.00481954    -0.00477726    -0.00004228
    -0.04308466    -0.04307666    -0.00000800
    -0.02764584    -0.02757095    -0.00007490
    -0.04507180    -0.04499812    -0.00007367
    -0.02853756    -0.02852404    -0.00001352
    -0.03156026    -0.03167536     0.00011511
    -0.01691879    -0.01687084    -0.00004795
    -0.04319552    -0.04319393    -0.00000159
    -0.02022266    -0.02031086     0.00008820
    -0.03056299    -0.03059033     0.00002735
    -0.03990035    -0.03997100     0.00007065
    -0.04693110    -0.04687122    -0.00005988
    -0.02669140    -0.02670091     0.00000951
    -0.02206865    -0.02217240     0.00010374
    -0.04068178    -0.04068461     0.00000283
    -0.02892323    -0.02887681    -0.00004641
    -0.01377136    -0.01371300    -0.00005836
    -0.03662791    -0.03652864    -0.00009927
    -0.03631844    -0.03638815     0.00006972
    -0.03042976    -0.03048071     0.00005095
    -0.02334712    -0.02341232     0.00006519
    -0.03175544    -0.03173397    -0.00002147
    -0.01549430    -0.01548401    -0.00001029
    -0.04489071    -0.04482230    -0.00006841
    -0.04610433    -0.04608320    -0.00002113
    -0.02146557    -0.02148710     0.00002153
    -0.03878335    -0.03875523    -0.00002813
    -0.03654217    -0.03665093     0.00010876
    -0.02543318    -0.02537289    -0.00006029
    -0.03361874    -0.03363718     0.00001844
    -0.03389058    -0.03385811    -0.00003247
    -0.02137468    -0.02137153    -0.00000315
    -0.03335874    -0.03337915     0.00002041
    -0.03495697    -0.03492439    -0.00003258
    -0.02374607    -0.02374451    -0.00000156
    -0.01916234    -0.01922098     0.00005864
    -0.02757654    -0.02754492    -0.00003161
    -0.02917101    -0.02912568    -0.00004534
    -0.03918372    -0.03929595     0.00011224
    -0.02619115    -0.02627336     0.00008221
    -0.03403181    -0.03399800    -0.00003381
    -0.03205501    -0.03211105     0.00005603
    -0.02860390    -0.02857912    -0.00002478
    -0.03887693    -0.03877693    -0.00010000
    -0.02522713    -0.02518133    -0.00004580
    -0.04204690    -0.04201162    -0.00003528
    -0.04133355    -0.04131094    -0.00002262
    -0.03807393    -0.03806332    -0.00001061
    -0.03261200    -0.03271351     0.00010151
    -0.03018575    -0.03017006    -0.00001570
    -0.03164388    -0.03145181    -0.00019206
    -0.03643199    -0.03623232    -0.00019967
    -0.01886769    -0.01880278    -0.00006491
    -0.02819342    -0.02817582    -0.00001760
    -0.02449125    -0.02447710    -0.00001416
    -0.01866200    -0.01863213    -0.00002987
    -0.02492998    -0.02492777    -0.00000221
    -0.02542455    -0.02539856    -0.00002599
    -0.01837667    -0.01834109    -0.00003558
    -0.01592370    -0.01590401    -0.00001969
    -0.02754369    -0.02754527     0.00000158
    -0.01627467    -0.01624393    -0.00003074
    -0.02830360    -0.02833137     0.00002777
    -0.01972570    -0.01964115    -0.00008454
    -0.01681275    -0.01677827    -0.00003448
    -0.01776035    -0.01771418    -0.00004618
    -0.02693163    -0.02684865    -0.00008298
    -0.01317265    -0.01312365    -0.00004900
    -0.01365388    -0.01365068    -0.00000321
    -0.01704633    -0.01706686     0.00002053
    -0.02707672    -0.02708411     0.00000739
    -0.01483494    -0.01482359    -0.00001135
    -0.01583099    -0.01584949     0.00001850
    -0.01913611    -0.01912892    -0.00000718
    -0.01591967    -0.01588096    -0.00003870
    -0.02619550    -0.02613012    -0.00006539
    -0.02066101    -0.02065010    -0.00001090
    -0.02573446    -0.02569765    -0.00003681
    -0.02521075    -0.02515129    -0.00005946
    -0.02297449    -0.02296946    -0.00000503
    -0.02261911    -0.02261067    -0.00000845
    -0.02300154    -0.02297450    -0.00002704
    -0.01517146    -0.01513885    -0.00003261
    -0.02347719    -0.02348462     0.00000742
    -0.01429803    -0.01425782    -0.00004021
    -0.01396175    -0.01392362    -0.00003814
    -0.02347243    -0.02345310    -0.00001934
    -0.01782670    -0.01777483    -0.00005186
    -0.02690183    -0.02689582    -0.00000601
    -0.01944708    -0.01943227    -0.00001481
    -0.01701297    -0.01700707    -0.00000589
    -0.02588913    -0.02585832    -0.00003081
    -0.02718962    -0.02718574    -0.00000387
    -0.02184043    -0.02183704    -0.00000339
    -0.01519574    -0.01515480    -0.00004093
    -0.02064430    -0.02062892    -0.00001538
    -0.01746008    -0.01743299    -0.00002709
    -0.01944196    -0.01940361    -0.00003836
    -0.02183420    -0.02178752    -0.00004668
    -0.02337725    -0.02334321    -0.00003404
    -0.02011711    -0.02007285    -0.00004425
    -0.01538592    -0.01537604    -0.00000987
    -0.02568695    -0.02571832     0.00003137
    -0.01359587    -0.01358406    -0.00001181
    -0.02447583    -0.02444255    -0.00003328
    -0.02241032    -0.02239247    -0.00001784
    -0.02295370    -0.02293692    -0.00001678
    -0.02171248    -0.02172134     0.00000886
    -0.02519908    -0.02517830    -0.00002078
    -0.01567449    -0.01565066    -0.00002383
    -0.02371685    -0.02370144    -0.00001541
    -0.02546373    -0.02544858    -0.00001515
    -0.01954961    -0.01952655    -0.00002307
    -0.01586731    -0.01587954     0.00001222
    -0.02397157    -0.02395298    -0.00001859
    -0.01860317    -0.01857248    -0.00003069
    -0.01822891    -0.01816253    -0.00006638
    -0.02106507    -0.02107689     0.00001182
    -0.01388058    -0.01387938    -0.00000121
    -0.02160092    -0.02160408     0.00000317
    -0.01641848    -0.01637277    -0.00004571
    -0.02346337    -0.02344307    -0.00002030
    -0.02219829    -0.02217531    -0.00002298
    -0.02380017    -0.02378757    -0.00001260
    -0.01913916    -0.01913291    -0.00000625
    -0.02260654    -0.02257939    -0.00002715
    -0.02076139    -0.02072061    -0.00004078
    -0.01384932    -0.01386339     0.00001407
    -0.01732203    -0.01727288    -0.00004915
    -0.02055828    -0.02055524    -0.00000305
    -0.02303493    -0.02299875    -0.00003618
    -0.02330963    -0.02328472    -0.00002491
    -0.01694336    -0.01694722     0.00000386
    -0.02478250    -0.02477923    -0.00000326
    -0.01784221    -0.01783944    -0.00000276
    -0.01576331    -0.01575562    -0.00000769
    -0.02122962    -0.02123882     0.00000920
    -0.02001071    -0.02000341    -0.00000730
    -0.02305980    -0.02307090     0.00001110
    -0.02167920    -0.02166563    -0.00001358
    -0.01753423    -0.01754425     0.00001002
    -0.01870138    -0.01870722     0.00000584
    -0.02135634    -0.02134798    -0.00000836
    -0.01891537    -0.01891866     0.00000329
    -0.01975332    -0.01976343     0.00001011
    -0.02310590    -0.02310730     0.00000140
    -0.02268080    -0.02265982    -0.00002098
    -0.02515856    -0.02513617    -0.00002239
    -0.01903445    -0.01903410    -0.00000035
    -0.02216484    -0.02215704    -0.00000780
    -0.01998135    -0.01997815    -0.00000320
    -0.02155923    -0.02157094     0.00001171
     0.02202035     0.02209588    -0.00007553
    -0.01676371    -0.01677638     0.00001266
    -0.01918054    -0.01924199     0.00006145
    -0.02130891    -0.02123843    -0.00007048
    -0.04753922    -0.04757064     0.00003142
     0.01732097     0.01721391     0.00010706
    -0.02677772    -0.02682182     0.00004410
    -0.02677772    -0.02682182     0.00004410
    -0.02248137    -0.02247239    -0.00000898
    -0.00736414    -0.00744148     0.00007735
     0.02899809     0.02898849     0.00000959
    -0.04658132    -0.04658826     0.00000694
    -0.03218884    -0.03222247     0.00003363
    -0.00919157    -0.00929677     0.00010520
    -0.02766843    -0.02768628     0.00001785
    -0.02766843    -0.02768628     0.00001785
    -0.02521208    -0.02517118    -0.00004090
    -0.02547138    -0.02544276    -0.00002862
     0.00309274     0.00312499    -0.00003226
    -0.02459381    -0.02459950     0.00000569
    -0.02645137    -0.02640879    -0.00004259
    -0.03857840    -0.03858088     0.00000248
    -0.03857840    -0.03858088     0.00000248
    -0.06867857    -0.06868713     0.00000855
    -0.04013609    -0.04006759    -0.00006850
    -0.02662776    -0.02661091    -0.00001684
    -0.02059584    -0.02058840    -0.00000744
    -0.02493570    -0.02493959     0.00000389
     0.01470452     0.01473713    -0.00003261
     0.03626197     0.03629930    -0.00003732
     0.05906218     0.05903750     0.00002468
    -0.00177252    -0.00179428     0.00002176
     0.05616743     0.05621007    -0.00004264
    -0.03196639    -0.03195716    -0.00000922
    -0.01015153    -0.01023928     0.00008775
    -0.06777222    -0.06777756     0.00000534
    -0.03396566    -0.03397173     0.00000607
    -0.03286452    -0.03283782    -0.00002670
    -0.00114987    -0.00129715     0.00014728
    -0.02751662    -0.02749442    -0.00002219
    -0.03990270    -0.03990779     0.00000510
     0.04791702     0.04791246     0.00000456
     0.02609801     0.02612480    -0.00002679
    -0.03240177    -0.03239857    -0.00000319
    -0.03427456    -0.03426450    -0.00001006
    -0.03129701    -0.03123397    -0.00006304
    -0.01466188    -0.01464348    -0.00001840
     0.00169796     0.00171331    -0.00001535
     0.01906734     0.01907159    -0.00000425
     0.02653698     0.02651866     0.00001832
    -0.00951166    -0.00951656     0.00000490
    -0.00715774    -0.00718311     0.00002537
    -0.03521649    -0.03522014     0.00000365
    -0.03521649    -0.03522014     0.00000365
    -0.03570547    -0.03569795    -0.00000752
     0.04562843     0.04569854    -0.00007010
    -0.02686776    -0.02687814     0.00001038
    -0.02942218    -0.02941401    -0.00000817
    -0.00321511    -0.00312652    -0.00008859
    -0.00963316    -0.00958463    -0.00004853
     0.01946833     0.01950975    -0.00004142
     0.01932487     0.01929575     0.00002912
     0.01937385     0.01935579     0.00001807
     0.04663828     0.04665062    -0.00001234
    -0.03237472    -0.03237087    -0.00000385
     0.01878179     0.01859990     0.00018189
    -0.03809042    -0.03810945     0.00001904
    -0.02924726    -0.02925650     0.00000924
     0.02730608     0.02736746    -0.00006138
    -0.02625651    -0.02633904     0.00008253
    -0.04559877    -0.04557937    -0.00001940
    -0.03876126    -0.03878795     0.00002669
     0.02757645     0.02757567     0.00000078
    -0.03116180    -0.03117957     0.00001777
     0.01801429     0.01810236    -0.00008807
    -0.03181487    -0.03193479     0.00011991
     0.05745499     0.05740888     0.00004611
    -0.00887733    -0.00885445    -0.00002289
     0.00849297     0.00852819    -0.00003522
    -0.01142788    -0.01141949    -0.00000840
     0.01531857     0.01542676    -0.00010819
    -0.02805791    -0.02806173     0.00000383
     0.02818177     0.02815756     0.00002421
     0.01330242     0.01339809    -0.00009567
     0.02965636     0.02963302     0.00002333
    -0.00019380    -0.00014635    -0.00004745
    -0.05618381    -0.05618800     0.00000418
    -0.00162923    -0.00158089    -0.00004834
     0.00419627     0.00409886     0.00009741
     0.01623837     0.01625031    -0.00001194
     0.02262610     0.02262943    -0.00000332
     0.02223663     0.02221681     0.00001982
     0.00997844     0.00997774     0.00000070
    -0.00069756    -0.00066026    -0.00003730
    -0.05031954    -0.05029287    -0.00002667
     0.01104012     0.01094101     0.00009911
     0.01969873     0.01973688    -0.00003815
     0.02895757     0.02888508     0.00007249
     0.02572850     0.02580151    -0.00007301
    -0.00981833    -0.00983113     0.00001280
    -0.00579676    -0.00588289     0.00008613
    -0.00423845    -0.00423456    -0.00000389
    -0.01081870    -0.01078425    -0.00003445
    -0.01482022    -0.01481297    -0.00000725
     0.00349345     0.00348202     0.00001143
    -0.00429896    -0.00429653    -0.00000243
    -0.00946407    -0.00943595    -0.00002811
    -0.00518410    -0.00523054     0.00004645
    -0.02202819    -0.02196421    -0.00006398
    -0.00436473    -0.00437463     0.00000989
     0.02337513     0.02340184    -0.00002671
    -0.00430247    -0.00426598    -0.00003650
    -0.00442000    -0.00443262     0.00001262
    -0.00456759    -0.00459045     0.00002286
    -0.01053111    -0.01049955    -0.00003156
    -0.00503781    -0.00507901     0.00004121
    -0.00750754    -0.00764375     0.00013621
    -0.00468172    -0.00469181     0.00001009
     0.01091340     0.01098008    -0.00006668
    -0.00509593    -0.00513319     0.00003726
    -0.00467587    -0.00468539     0.00000952
     0.02911722     0.02911310     0.00000412
     0.00759573     0.00761608    -0.00002035
    -0.00437505    -0.00434002    -0.00003503
    -0.01726048    -0.01720701    -0.00005347
    -0.00511239    -0.00514835     0.00003596
    -0.00489669    -0.00492987     0.00003318
    -0.01709071    -0.01707856    -0.00001215
    -0.00507011    -0.00510347     0.00003337
     0.00167614     0.00169743    -0.00002129
    -0.00446166    -0.00443367    -0.00002799
     0.01349320     0.01342339     0.00006981
    -0.00500532    -0.00503295     0.00002763
    -0.00456961    -0.00455345    -0.00001616
     0.01223960     0.01227858    -0.00003898
     0.02868464     0.02873351    -0.00004887
     0.00940235     0.00944717    -0.00004482
    -0.00433926    -0.00431482    -0.00002445
    -0.00473075    -0.00472638    -0.00000437
     0.00520897     0.00516140     0.00004757
     0.01130064     0.01131775    -0.00001711
     0.01234891     0.01232289     0.00002602
     0.01252056     0.01257269    -0.00005213
     0.00662567     0.00674231    -0.00011663
    -0.00054611    -0.00050454    -0.00004157
     0.00530301     0.00530612    -0.00000311
     0.02153613     0.02157171    -0.00003558
     0.01352360     0.01366673    -0.00014313
     0.00017407     0.00024118    -0.00006711
     0.00456120     0.00459313    -0.00003193
     0.01151681     0.01154201    -0.00002520
     0.01290941     0.01290026     0.00000914
     0.01619336     0.01614429     0.00004907
     0.01998791     0.02008264    -0.00009473
     0.01945603     0.01948760    -0.00003157
    -0.00396731    -0.00393616    -0.00003115
    -0.00522189    -0.00518324    -0.00003865
    -0.00063468    -0.00061300    -0.00002168
    -0.01160234    -0.01157639    -0.00002595
    -0.00706647    -0.00702446    -0.00004201
     0.02030190     0.02037586    -0.00007396
     0.02199358     0.02203866    -0.00004508
     0.02251331     0.02251366    -0.00000035
     0.01581324     0.01587535    -0.00006211
     0.01131795     0.01145361    -0.00013566
    -0.01865145    -0.01860409    -0.00004736
     0.01688755     0.01688848    -0.00000093
     0.01692747     0.01694979    -0.00002232
     0.02844393     0.02839061     0.00005332
     0.01338019     0.01344586    -0.00006566
     0.02043004     0.02039748     0.00003255
     0.00698119     0.00703223    -0.00005104
     0.02159692     0.02158692     0.00000999
     0.00243776     0.00243172     0.00000604
    -0.02203782    -0.02207356     0.00003574
     0.01872274     0.01874896    -0.00002622
     0.01181475     0.01184451    -0.00002977
    -0.00459576    -0.00451790    -0.00007786
    -0.00849270    -0.00843787    -0.00005483
     0.01132671     0.01130586     0.00002085
     0.00565953     0.00571529    -0.00005575
    -0.00566283    -0.00564726    -0.00001557
     0.00124054     0.00128932    -0.00004878
     0.02366060     0.02373686    -0.00007626
     0.00937889     0.00939734    -0.00001845
    -0.00381474    -0.00377696    -0.00003777
     0.02218237     0.02222155    -0.00003918
     0.02051902     0.02053855    -0.00001953
     0.00752841     0.00758268    -0.00005427
     0.00590977     0.00588616     0.00002361
     0.02999236     0.03003537    -0.00004301
     0.00241939     0.00243300    -0.00001360
     0.00582389     0.00581376     0.00001013
     0.01429022     0.01428083     0.00000939
     0.02472579     0.02467860     0.00004719
     0.01612130     0.01611503     0.00000627
     0.00805579     0.00804826     0.00000753
     0.02756013     0.02761085    -0.00005072
     0.02703329     0.02709437    -0.00006109
     0.01311676     0.01306153     0.00005523
     0.00188278     0.00185336     0.00002942
    -0.01062518    -0.01056175    -0.00006343
    -0.01084246    -0.01078492    -0.00005754
     0.01427896     0.01422793     0.00005102
    -0.02166456    -0.02166796     0.00000339
    -0.01105707    -0.01100572    -0.00005135
    -0.01126889    -0.01122430    -0.00004459
    -0.01147768    -0.01144077    -0.00003691
    -0.01168443    -0.01165526    -0.00002918
    -0.01188844    -0.01186785    -0.00002059
    -0.01208986    -0.01207864    -0.00001121
    -0.00619802    -0.00620505     0.00000703
    -0.01228926    -0.01228772    -0.00000155
    -0.02419748    -0.02421486     0.00001738
    -0.01248638    -0.01249513     0.00000875
    -0.02020007    -0.02031070     0.00011063
    -0.01268151    -0.01270093     0.00001942
     0.01158070     0.01158930    -0.00000859
    -0.01287428    -0.01290516     0.00003088
     0.02892734     0.02887899     0.00004835
    -0.01306476    -0.01310784     0.00004308
     0.00425058     0.00418086     0.00006972
     0.02694904     0.02710630    -0.00015726
     0.01281874     0.01274059     0.00007815
    -0.01325344    -0.01330897     0.00005553
    -0.04353865    -0.04357751     0.00003885
    -0.03007884    -0.03010752     0.00002868
    -0.03005900    -0.03008599     0.00002698
    -0.02296943    -0.02318069     0.00021126
    -0.02772108    -0.02773778     0.00001670
    -0.04165663    -0.04160752    -0.00004911
     0.03236816     0.03242953    -0.00006137
     0.01928485     0.01935040    -0.00006556
    -0.03169476    -0.03177944     0.00008468
    -0.00206077    -0.00186874    -0.00019203
    -0.04330581    -0.04334273     0.00003692
    -0.03809172    -0.03806466    -0.00002706
    -0.04098878    -0.04097410    -0.00001468
     0.02487306     0.02478265     0.00009041
    -0.02671636    -0.02670481    -0.00001155
    -0.02464103    -0.02471148     0.00007045
     0.01642659     0.01511900     0.00130759
    -0.00472735    -0.00474714     0.00001978
     0.01010669     0.01012244    -0.00001575
     0.00489797     0.00483824     0.00005973
     0.01211614     0.01212350    -0.00000736
    -0.03443312    -0.03442826    -0.00000486
     0.00725015     0.00725036    -0.00000022
     0.01072248     0.01067513     0.00004735
    -0.01043187    -0.01040305    -0.00002881
     0.00016169     0.00015537     0.00000632
     0.02124404     0.02123184     0.00001220
    -0.00558084    -0.00549858    -0.00008225
     0.02019022     0.02018842     0.00000180
     0.00321971     0.00331630    -0.00009660
     0.02653472     0.02644577     0.00008895
     0.01972975     0.01968206     0.00004769
     0.01623200     0.01629002    -0.00005802
     0.02065624     0.02068535    -0.00002910
     0.02039167     0.02037607     0.00001560
    -0.00027421    -0.00018815    -0.00008606
     0.01158076     0.01151309     0.00006767
    -0.03117644    -0.03116289    -0.00001355
    -0.02999770    -0.02982461    -0.00017309
    -0.03125824    -0.03129241     0.00003418
    -0.03417867    -0.03415569    -0.00002298
     0.02395508     0.02397398    -0.00001890
    -0.03123679    -0.03126972     0.00003293
     0.03064579     0.03060550     0.00004029
    -0.00199489    -0.00204091     0.00004602
     0.01049875     0.01057177    -0.00007302
     0.00622109     0.00622809    -0.00000700
     0.00883554     0.00880761     0.00002792
    -0.03902586    -0.03901444    -0.00001143
     0.02606364     0.02613380    -0.00007016
     0.01079119     0.01072170     0.00006949
    -0.04233945    -0.04228615    -0.00005330
    -0.03746532    -0.03687654    -0.00058878
     0.05068028     0.05063121     0.00004908
     0.00902841     0.00907446    -0.00004605
    -0.04378470    -0.04372609    -0.00005861
    -0.02374395    -0.02361460    -0.00012935
    -0.03242824    -0.03246454     0.00003630
    -0.03240533    -0.03244069     0.00003536
     0.02365214     0.02356097     0.00009116
     0.01063127     0.01057828     0.00005299
     0.00832649     0.00831220     0.00001430
    -0.03256680    -0.03255041    -0.00001639
    -0.02605866    -0.02600057    -0.00005808
    -0.04467176    -0.04476442     0.00009265
    -0.03239371    -0.03234229    -0.00005143
    -0.03358046    -0.03361194     0.00003149
    -0.03355613    -0.03358695     0.00003082
    -0.05094361    -0.05054219    -0.00040142
    -0.04568533    -0.04560489    -0.00008044
    -0.04660742    -0.04652037    -0.00008705
    -0.03468137    -0.03469410     0.00001273
    -0.05612806    -0.05613177     0.00000371
    -0.03577168    -0.03574502    -0.00002666
    -0.03579922    -0.03577218    -0.00002704
    -0.00726892    -0.00726922     0.00000030
     0.03268741     0.03275256    -0.00006515
    -0.00514186    -0.00510720    -0.00003466
    -0.00110470    -0.00119674     0.00009204
     0.01622196     0.01604174     0.00018022
     0.03270068     0.03267852     0.00002217
     0.01386771     0.01380553     0.00006218
     0.01397792     0.01394202     0.00003590
    -0.00454827    -0.00432367    -0.00022461
     0.00055190     0.00057166    -0.00001976
    -0.00152397    -0.00151469    -0.00000929
     0.02685816     0.02692894    -0.00007078
    -0.00481954    -0.00479850    -0.00002105
    -0.00087199    -0.00091613     0.00004414
    -0.01002076    -0.01002315     0.00000240
    -0.00419197    -0.00416418    -0.00002779
     0.00891246     0.00883401     0.00007846
     0.02864216     0.02861081     0.00003135
    -0.00283094    -0.00282327    -0.00000767
     0.03573998     0.03573954     0.00000044
    -0.00187353    -0.00185215    -0.00002138
     0.02794862     0.02803162    -0.00008299
    -0.00746408    -0.00745889    -0.00000519
     0.03074416     0.03085963    -0.00011547
    -0.00439894    -0.00438484    -0.00001409
     0.02695054     0.02680711     0.00014343
     0.01619069     0.01622641    -0.00003572
    -0.00223795    -0.00221291    -0.00002504
    -0.01085119    -0.01085756     0.00000636
     0.02213799     0.02221700    -0.00007901
    -0.00163791    -0.00165733     0.00001943
     0.02299928     0.02307946    -0.00008018
     0.01420407     0.01415266     0.00005141
     0.02406801     0.02405244     0.00001557
    -0.00571167    -0.00571692     0.00000525
    -0.00616550    -0.00614906    -0.00001644
    -0.00075898    -0.00077726     0.00001828
     0.01057658     0.01135254    -0.00077597
     0.00295287     0.00302828    -0.00007541
     0.02378496     0.02382826    -0.00004330
     0.01503478     0.01497477     0.00006001
    -0.00293333    -0.00290056    -0.00003278
    -0.00582076    -0.00581240    -0.00000836
     0.00030839     0.00032303    -0.00001464
     0.00048142     0.00045293     0.00002849
     0.01865490     0.01865620    -0.00000130
     0.00768455     0.00769436    -0.00000981
     0.03126175     0.03124676     0.00001498
     0.02341055     0.02348392    -0.00007336
     0.02285166     0.02271268     0.00013898
    -0.00142487    -0.00146299     0.00003812
     0.01697014     0.01705337    -0.00008323
     0.02638264     0.02644143    -0.00005880
     0.01624008     0.01618287     0.00005721
     0.03527096     0.03524983     0.00002114
     0.01001278     0.01004480    -0.00003202
     0.00283668     0.00284487    -0.00000819
    -0.00128718    -0.00131348     0.00002630
    -0.00103360    -0.00106702     0.00003342
     0.02962267     0.02971939    -0.00009672
     0.02414469     0.02420299    -0.00005830
    -0.00100377    -0.00105495     0.00005117
     0.03526100     0.03520696     0.00005404
    -0.00125730    -0.00129967     0.00004237
     0.03517401     0.03522378    -0.00004977
     0.01748155     0.01742764     0.00005391
     0.02982188     0.02980925     0.00001264
     0.03002556     0.03008048    -0.00005492
     0.01650964     0.01657079    -0.00006115
     0.01016987     0.01027856    -0.00010868
     0.01875686     0.01870670     0.00005017
     0.01046700     0.01053810    -0.00007111
    -0.00310436    -0.00309048    -0.00001387
     0.02838561     0.02837178     0.00001383
     0.02006293     0.02001748     0.00004545
    -0.00445216    -0.00445490     0.00000273
     0.03523480     0.03525619    -0.00002139
     0.02695745     0.02693970     0.00001775
     0.01922648     0.01904313     0.00018334
     0.02139727     0.02135721     0.00004006
     0.03255097     0.03255365    -0.00000269
     0.02554066     0.02551794     0.00002272
     0.02275726     0.02272281     0.00003445
     0.02413963     0.02411095     0.00002867
     0.02121702     0.02131606    -0.00009905
     0.02730208     0.02737406    -0.00007198
     0.02588195     0.02589068    -0.00000873
    -0.00217457    -0.00221111     0.00003654
     0.01917007     0.01919033    -0.00002027
     0.02029172     0.02033502    -0.00004330
     0.01252056     0.01262750    -0.00010694
     0.01679454     0.01686309    -0.00006855
    -0.00987028    -0.00999554     0.00012527
     0.02706586     0.02711956    -0.00005370
     0.01264304     0.01266934    -0.00002631
     0.01013243     0.01020520    -0.00007277
     0.01790389     0.01786498     0.00003891
    -0.01522594    -0.01538720     0.00016126
     0.01254445     0.01254083     0.00000362
     0.01665995     0.01673176    -0.00007181
    -0.00061002    -0.00046873    -0.00014130
    -0.00070633    -0.00056096    -0.00014537
    -0.00070633    -0.00056096    -0.00014537
    -0.00184991    -0.00192623     0.00007632
    -0.00179149    -0.00173246    -0.00005903
    -0.00056597    -0.00040856    -0.00015741
    -0.00056597    -0.00040856    -0.00015741
    -0.00137758    -0.00118738    -0.00019020
    -0.00141945    -0.00128144    -0.00013802
    -0.00179056    -0.00185828     0.00006772
    -0.00047103    -0.00062986     0.00015883
    -0.00082246    -0.00084985     0.00002739
    -0.00136754    -0.00130344    -0.00006410
    -0.00040763    -0.00042247     0.00001484
    -0.00174896    -0.00180313     0.00005417
    -0.00063419    -0.00046868    -0.00016551
    -0.01707705    -0.01706043    -0.00001662
    -0.00063446    -0.00046868    -0.00016578
    -0.00091294    -0.00106362     0.00015068
    -0.00184825    -0.00191308     0.00006483
    -0.00099651    -0.00090635    -0.00009015
    -0.00130302    -0.00115616    -0.00014686
    -0.00128936    -0.00112247    -0.00016688
    -0.00060175    -0.00045090    -0.00015085
    -0.00060175    -0.00045090    -0.00015085
    -0.00181984    -0.00186140     0.00004156
    -0.00131953    -0.00125735    -0.00006218
     0.00776757     0.00779725    -0.00002968
    -0.00102601    -0.00097712    -0.00004888
    -0.00177571    -0.00184647     0.00007077
    -0.00180090    -0.00186982     0.00006892
     0.01075375     0.01082280    -0.00006905
    -0.00171696    -0.00177835     0.00006139
    -0.00154683    -0.00135259    -0.00019424
    -0.00156599    -0.00145430    -0.00011168
    -0.00112533    -0.00122917     0.00010384
    -0.00086728    -0.00092377     0.00005649
    -0.00091974    -0.00105225     0.00013250
    -0.00138971    -0.00124010    -0.00014961
    -0.00173981    -0.00182857     0.00008876
    -0.00153663    -0.00141651    -0.00012012
    -0.00145913    -0.00125622    -0.00020291
    -0.04089224    -0.04095811     0.00006587
    -0.00048491    -0.00060638     0.00012147
    -0.00142188    -0.00127630    -0.00014558
    -0.00046458    -0.00053726     0.00007268
    -0.00117156    -0.00130935     0.00013779
    -0.00088940    -0.00096475     0.00007535
    -0.00091096    -0.00101298     0.00010202
    -0.00090521    -0.00099869     0.00009348
    -0.00091106    -0.00101298     0.00010191
    -0.00071395    -0.00055635    -0.00015760
    -0.00071395    -0.00055635    -0.00015760
    -0.00068760    -0.00052396    -0.00016365
    -0.00068760    -0.00052396    -0.00016365
    -0.00175456    -0.00182019     0.00006563
    -0.00119561    -0.00108547    -0.00011015
    -0.00072156    -0.00083554     0.00011397
    -0.00072156    -0.00083554     0.00011397
    -0.00116408    -0.00128329     0.00011921
    -0.00067982    -0.00061042    -0.00006940
    -0.00067982    -0.00061042    -0.00006940
    -0.00117757    -0.00133801     0.00016044
    -0.00121842    -0.00110869    -0.00010972
     0.04360842     0.04356894     0.00003948
    -0.04141734    -0.04138805    -0.00002929
    -0.00112658    -0.00116716     0.00004058
    -0.00107907    -0.00102785    -0.00005121
    -0.00131352    -0.00142713     0.00011361
    -0.00112059    -0.00113829     0.00001770
    -0.00789737    -0.00776438    -0.00013299
     0.03708727     0.03705699     0.00003028
    -0.00074671    -0.00080766     0.00006096
    -0.00074671    -0.00080766     0.00006096
    -0.00125722    -0.00121833    -0.00003889
    -0.00126076    -0.00124787    -0.00001289
    -0.00073596    -0.00073179    -0.00000417
    -0.00073596    -0.00073179    -0.00000417
    -0.00117942    -0.00123901     0.00005958
     0.02446976     0.02442608     0.00004367
    -0.00451157    -0.00448647    -0.00002509
    -0.00134707    -0.00139809     0.00005101
    -0.00140367    -0.00139814    -0.00000553
     0.03066737     0.03065773     0.00000964
    -0.05329598    -0.05327458    -0.00002139
     0.01981735     0.01980961     0.00000774
    -0.01078945    -0.01069048    -0.00009897
     0.00826949     0.00829839    -0.00002891
     0.02671913     0.02683862    -0.00011949
    -0.04264054    -0.04259385    -0.00004669
    -0.00460509    -0.00450256    -0.00010253
    -0.01993610    -0.01979812    -0.00013798
     0.03151990     0.03151112     0.00000878
    -0.00806116    -0.00802602    -0.00003514
     0.03037305     0.03026167     0.00011138
    -0.01266774    -0.01257915    -0.00008859
    -0.04546761    -0.04551423     0.00004661
     0.03223962     0.03238702    -0.00014741
     0.03424629     0.03430760    -0.00006131
    -0.02179814    -0.02178550    -0.00001264
    -0.00083136    -0.00089061     0.00005925
    -0.00083136    -0.00089061     0.00005925
    -0.00083136    -0.00089061     0.00005925
    -0.00083136    -0.00089061     0.00005925
    -0.00151086    -0.00157893     0.00006807
    -0.00147769    -0.00152379     0.00004610
    -0.00134966    -0.00137241     0.00002275
    -0.00158286    -0.00165073     0.00006787
    -0.00040003    -0.00040438     0.00000434
    -0.00040003    -0.00040438     0.00000434
    -0.00040003    -0.00040438     0.00000434
    -0.00040003    -0.00040438     0.00000434
    -0.00040003    -0.00040438     0.00000434
    -0.00040003    -0.00040438     0.00000434
    -0.00040003    -0.00040438     0.00000434
    -0.00040003    -0.00040438     0.00000434
    -0.00040003    -0.00040438     0.00000434
    -0.00040003    -0.00040438     0.00000434
    -0.00040003    -0.00040438     0.00000434
    -0.00164901    -0.00173521     0.00008620
    -0.00150874    -0.00156264     0.00005391
    -0.00039976    -0.00040438     0.00000461
    -0.00084913    -0.00084248    -0.00000665
    -0.00162283    -0.00170075     0.00007792
    -0.00127845    -0.00131604     0.00003759
    -0.00108304    -0.00108279    -0.00000025
    -0.00016604    -0.00016464    -0.00000140
    -0.00091504    -0.00091027    -0.00000477
    -0.00088037    -0.00087619    -0.00000418
    -0.00160800    -0.00169411     0.00008611
    -0.00145004    -0.00149825     0.00004821
    -0.00095749    -0.00095596    -0.00000153
    -0.00120704    -0.00123767     0.00003063
    -0.00784700    -0.00785051     0.00000350
    -0.00142073    -0.00148590     0.00006517
    -0.00066401    -0.00070813     0.00004411
    -0.00066401    -0.00070813     0.00004411
    -0.00066401    -0.00070813     0.00004411
    -0.00066401    -0.00070813     0.00004411
    -0.00066401    -0.00070813     0.00004411
    -0.00066401    -0.00070813     0.00004411
    -0.00066401    -0.00070813     0.00004411
    -0.00066374    -0.00070813     0.00004439
    -0.00066374    -0.00070813     0.00004439
    -0.00066374    -0.00070813     0.00004439
    -0.00066374    -0.00070813     0.00004439
    -0.00066374    -0.00070813     0.00004439
    -0.00142816    -0.00148153     0.00005337
    -0.00143932    -0.00150731     0.00006800
    -0.00131684    -0.00135124     0.00003440
    -0.00145290    -0.00152405     0.00007115
    -0.00113471    -0.00114884     0.00001413
    -0.00051879    -0.00054619     0.00002740
    -0.00051879    -0.00054619     0.00002740
    -0.00051879    -0.00054619     0.00002740
    -0.00051879    -0.00054619     0.00002740
    -0.00051879    -0.00054619     0.00002740
    -0.00051879    -0.00054619     0.00002740
    -0.00051879    -0.00054619     0.00002740
    -0.00051879    -0.00054619     0.00002740
    -0.00051879    -0.00054619     0.00002740
    -0.00051879    -0.00054619     0.00002740
    -0.00051879    -0.00054619     0.00002740
    -0.00051879    -0.00054619     0.00002740
    -0.00025527    -0.00026987     0.00001460
    -0.00061898    -0.00067671     0.00005774
    -0.00093066    -0.00094180     0.00001114
     0.01854396     0.01854363     0.00000033
     0.02042710     0.02034526     0.00008184
    -0.00108421    -0.00111123     0.00002702
    -0.00136468    -0.00141822     0.00005354
    -0.00095049    -0.00096384     0.00001335
    -0.00144209    -0.00151159     0.00006949
    -0.00113828    -0.00116324     0.00002496
     0.02171120     0.02179644    -0.00008524
    -0.00098432    -0.00100383     0.00001951
    -0.00117882    -0.00121224     0.00003342
    -0.00125439    -0.00130912     0.00005473
    -0.00130949    -0.00137209     0.00006260
    -0.00035742    -0.00039032     0.00003290
    -0.04656203    -0.04652884    -0.00003318
    -0.00126288    -0.00131020     0.00004732
    -0.00102946    -0.00105815     0.00002869
    -0.00131396    -0.00137223     0.00005827
    -0.00128255    -0.00134513     0.00006258
    -0.00047582    -0.00052611     0.00005029
    -0.00104519    -0.00107668     0.00003149
     0.02376681     0.02375792     0.00000888
    -0.00108029    -0.00111429     0.00003400
    -0.00112642    -0.00117152     0.00004510
    -0.00131279    -0.00138073     0.00006794
    -0.00122666    -0.00128477     0.00005811
    -0.00114748    -0.00119724     0.00004977
     0.02001585     0.02000346     0.00001239
    -0.00124405    -0.00130618     0.00006212
    -0.00119613    -0.00125173     0.00005560
     0.01343225     0.01342072     0.00001153
     0.00403137     0.00402259     0.00000877
    -0.01584750    -0.01583940    -0.00000810
    -0.02415280    -0.02412743    -0.00002537
    -0.00205304    -0.00194789    -0.00010516
    -0.01077672    -0.01054056    -0.00023616
    -0.00231436    -0.00215156    -0.00016280
    -0.03761705    -0.03752057    -0.00009647
    -0.00314504    -0.00304139    -0.00010365
    -0.00216453    -0.00208817    -0.00007636
     0.03439734     0.03442763    -0.00003029
    -0.00161230    -0.00151266    -0.00009965
    -0.00161230    -0.00151266    -0.00009965
    -0.00228023    -0.00211294    -0.00016729
    -0.00180025    -0.00174871    -0.00005154
    -0.00180025    -0.00174871    -0.00005154
    -0.00235183    -0.00221894    -0.00013288
    -0.00235183    -0.00221894    -0.00013288
    -0.00292441    -0.00288142    -0.00004299
    -0.00325677    -0.00315499    -0.00010178
    -0.03831706    -0.03836110     0.00004404
    -0.00955710    -0.00942624    -0.00013086
    -0.00257926    -0.00253778    -0.00004148
    -0.02764429    -0.02751390    -0.00013039
     0.00597323     0.00602509    -0.00005186
    -0.00251754    -0.00239540    -0.00012215
    -0.04795147    -0.04791238    -0.00003909
    -0.00263978    -0.00246694    -0.00017283
    -0.00269733    -0.00265610    -0.00004123
    -0.00276800    -0.00274315    -0.00002485
    -0.01765970    -0.01772658     0.00006688
    -0.00224687    -0.00210199    -0.00014489
    -0.00292351    -0.00277143    -0.00015208
     0.01044678     0.01041512     0.00003166
     0.03538248     0.03542040    -0.00003793
     0.00996024     0.00993260     0.00002764
    -0.00274274    -0.00265779    -0.00008496
    -0.06052406    -0.06048293    -0.00004113
    -0.03038407    -0.03041530     0.00003123
    -0.00285075    -0.00279273    -0.00005802
    -0.00276389    -0.00268369    -0.00008020
     0.02937616     0.02928308     0.00009308
    -0.00468240    -0.00458297    -0.00009943
    -0.00230883    -0.00217195    -0.00013688
     0.01850513     0.01851273    -0.00000760
    -0.00250407    -0.00242771    -0.00007636
    -0.00284468    -0.00272740    -0.00011728
    -0.01807519    -0.01794867    -0.00012652
    -0.02699193    -0.02693730    -0.00005463
    -0.00237055    -0.00225286    -0.00011769
    -0.00635029    -0.00641048     0.00006019
    -0.01383900    -0.01383399    -0.00000501
     0.03637912     0.03642472    -0.00004560
     0.01584587     0.01585773    -0.00001186
     0.01367435     0.01364338     0.00003097
    -0.00252369    -0.00243777    -0.00008592
    -0.00271847    -0.00264321    -0.00007526
    -0.00247822    -0.00237683    -0.00010140
    -0.00693703    -0.00682872    -0.00010830
    -0.00307617    -0.00293880    -0.00013737
    -0.04074018    -0.04066039    -0.00007979
    -0.01818221    -0.01812143    -0.00006078
    -0.00957267    -0.00959910     0.00002643
    -0.03792062    -0.03788990    -0.00003072
     0.02508405     0.02499158     0.00009247
     0.01935296     0.01932117     0.00003179
     0.02469488     0.02477993    -0.00008505
    -0.03021460    -0.03029963     0.00008504
    -0.02126047    -0.02122471    -0.00003576
     0.01860976     0.01868943    -0.00007967
    -0.00246647    -0.00237952    -0.00008695
    -0.00209245    -0.00201349    -0.00007895
     0.02941227     0.02952918    -0.00011691
    -0.00442699    -0.00441075    -0.00001624
    -0.00914556    -0.00927676     0.00013120
    -0.01251906    -0.01241185    -0.00010721
    -0.02743022    -0.02741587    -0.00001435
    -0.01993863    -0.01989593    -0.00004269
    -0.02628794    -0.02621074    -0.00007720
    -0.04161429    -0.04162200     0.00000771
    -0.02050119    -0.02038301    -0.00011818
    -0.01299031    -0.01297282    -0.00001749
    -0.01897156    -0.01893099    -0.00004058
    -0.04834312    -0.04829528    -0.00004784
    -0.02102896    -0.02106402     0.00003506
    -0.01564905    -0.01562337    -0.00002568
    -0.01480182    -0.01477946    -0.00002236
    -0.00730762    -0.00729863    -0.00000899
     0.00421855     0.00427957    -0.00006102
    -0.02167518    -0.02164381    -0.00003136
    -0.00695305    -0.00703219     0.00007914
     0.01038182     0.01035793     0.00002389
     0.00208129     0.00209111    -0.00000982
    -0.01798352    -0.01797318    -0.00001034
     0.00171655     0.00173585    -0.00001930
    -0.02100278    -0.02098008    -0.00002270
    -0.01701071    -0.01696536    -0.00004535
     0.00540938     0.00540729     0.00000209
     0.00816872     0.00817796    -0.00000924
     0.00861395     0.00857947     0.00003449
    -0.02447749    -0.02449685     0.00001937
     0.00495917     0.00492614     0.00003302
     0.02000948     0.01987077     0.00013871
     0.01771992     0.01775161    -0.00003169
    -0.01299096    -0.01301731     0.00002635
     0.02228025     0.02234145    -0.00006120
     0.01858883     0.01859631    -0.00000748
     0.00676015     0.00673449     0.00002566
    -0.04939397    -0.04940707     0.00001310
     0.01084273     0.01080715     0.00003558
     0.03724022     0.03710417     0.00013605
     0.01208009     0.01210398    -0.00002389
    -0.01262140    -0.01261062    -0.00001078
    -0.01262140    -0.01261062    -0.00001078
     0.01419795     0.01433899    -0.00014104
    -0.01992652    -0.01997253     0.00004601
     0.00248777     0.00258045    -0.00009268
    -0.02165645    -0.02160061    -0.00005585
     0.01447140     0.01451165    -0.00004025
     0.01794107     0.01803349    -0.00009243
     0.01719847     0.01730211    -0.00010364
     0.00122612     0.00113868     0.00008744
     0.02547252     0.02550060    -0.00002808
     0.00945688     0.00954531    -0.00008843
     0.01317292     0.01326157    -0.00008865
     0.00852799     0.00871103    -0.00018303
    -0.01423090    -0.01423075    -0.00000015
    -0.01423090    -0.01423075    -0.00000015
    -0.00003586     0.00006837    -0.00010424
    -0.01338806    -0.01338403    -0.00000402
     0.01650131     0.01660327    -0.00010196
     0.00176401     0.00177765    -0.00001364
    -0.02533489    -0.02543884     0.00010396
     0.05814926     0.05814619     0.00000307
     0.01562034     0.01573479    -0.00011445
    -0.02451174    -0.02442342    -0.00008833
     0.02344634     0.02343975     0.00000658
     0.02079048     0.02088186    -0.00009139
    -0.01556230    -0.01557957     0.00001727
     0.01630721     0.01635273    -0.00004552
     0.00765484     0.00766061    -0.00000578
     0.01252924     0.01253914    -0.00000991
     0.00926303     0.00914150     0.00012153
    -0.02133291    -0.02129294    -0.00003998
     0.05906621     0.05899108     0.00007513
    -0.01529087    -0.01526872    -0.00002214
    -0.01529087    -0.01526872    -0.00002214
    -0.01649824    -0.01653382     0.00003558
    -0.00066578    -0.00060101    -0.00006477
     0.01023186     0.01038776    -0.00015589
    -0.00650883    -0.00646838    -0.00004044
    -0.00110633    -0.00111004     0.00000370
     0.01435218     0.01432309     0.00002909
     0.05688921     0.05688529     0.00000392
     0.00019464     0.00013023     0.00006441
    -0.01560252    -0.01560190    -0.00000062
    -0.01722821    -0.01719814    -0.00003006
     0.00362994     0.00358190     0.00004804
    -0.01663960    -0.01666215     0.00002255
     0.00341756     0.00337527     0.00004229
     0.05386908     0.05395095    -0.00008187
    -0.00123281    -0.00117341    -0.00005940
    -0.01706810    -0.01709033     0.00002223
    -0.01604941    -0.01607109     0.00002168
    -0.01604941    -0.01607109     0.00002168
     0.01452095     0.01441145     0.00010950
     0.01055377     0.01049997     0.00005380
     0.05108943     0.05119856    -0.00010913
     0.05976654     0.05979505    -0.00002851
    -0.01173404    -0.01174784     0.00001380
     0.00389376     0.00384143     0.00005233
     0.05968823     0.05983721    -0.00014898
    -0.01610688    -0.01602713    -0.00007975
    -0.02800253    -0.02798636    -0.00001617
    -0.02366144    -0.02369902     0.00003758
     0.00469225     0.00468910     0.00000315
     0.05797171     0.05799188    -0.00002017
    -0.01956673    -0.01957404     0.00000731
    -0.00427314    -0.00416078    -0.00011236
    -0.02039692    -0.02040977     0.00001285
    -0.01105008    -0.01097770    -0.00007238
    -0.02364912    -0.02364955     0.00000044
     0.05636096     0.05642078    -0.00005982
    -0.02247856    -0.02248745     0.00000889
    -0.01445572    -0.01446126     0.00000554
    -0.02411974    -0.02411453    -0.00000521
    -0.02700880    -0.02702572     0.00001692
    -0.02334906    -0.02335123     0.00000217
    -0.02647208    -0.02648045     0.00000837
    -0.01675538    -0.01673753    -0.00001786
     0.06032068     0.06038941    -0.00006873
    -0.01737265    -0.01736218    -0.00001047
    -0.01737265    -0.01736218    -0.00001047
    -0.02888276    -0.02888143    -0.00000133
    -0.01876799    -0.01876014    -0.00000785
    -0.01876799    -0.01876014    -0.00000785
    -0.02089815    -0.02088937    -0.00000878
    -0.02089843    -0.02088937    -0.00000906
    -0.02761850    -0.02761805    -0.00000044
    -0.01513236    -0.01510570    -0.00002666
    -0.01513236    -0.01510570    -0.00002666
    -0.02895049    -0.02895816     0.00000766
    -0.04490042    -0.04485933    -0.00004109
    -0.02251345    -0.02248356    -0.00002988
     0.00008233     0.00006284     0.00010750     0.00023006     0.00130759
