                  1.34296209148928147314
                 -1.21796239210270451636
                  1.13775146544179550645
                  0.86019716606529494918
                  0.74050996628249010634
                 -0.08211533296450741759
                 -0.32703088591537254892
                 -0.27689509679838825162
                 -0.50439621667145273509
                 -0.35076481116561830653
                 -0.58344434839631487133
                 -0.90020384447865209321
                  1.04890850270866420324
                  1.48822187158825736120
                 -1.57526318676414578412
                 -1.63181145370368674286
                 -1.25883613740131616865
                 -1.20640653098869576887
                 -1.01350774918237185318
                  0.59893020014883269209
                  0.28129248098281078860
                  0.18423369984422166556
                 -0.19271213024064989816
                 -0.01429220381211261139
                  0.12294154023613403093
                 -0.77328068735759980523
                  0.95562600419741805524
                 -1.41276417949510846306
                 -1.33987495273727108547
                  1.64272650332415603991
                 -0.18906639270636940720
