     0.00531264     0.00535150    -0.00003886
    -0.00273025    -0.00270005    -0.00003021
     0.02927692     0.02925229     0.00002463
    -0.00311614    -0.00316079     0.00004465
    -0.01176101    -0.01177188     0.00001088
     0.01535231     0.01522390     0.00012841
    -0.01062303    -0.01043159    -0.00019144
    -0.00145638    -0.00141764    -0.00003874
    -0.01227549    -0.01224136    -0.00003413
    -0.02963285    -0.02962698    -0.00000587
     0.01102094     0.01110350    -0.00008256
    -0.00089036    -0.00088166    -0.00000870
    -0.00872650    -0.00869891    -0.00002759
     0.00711866     0.00712287    -0.00000420
    -0.00382908    -0.00373651    -0.00009257
    -0.04102963    -0.04097058    -0.00005905
    -0.00328986    -0.00325659    -0.00003326
    -0.02874611    -0.02869704    -0.00004907
     0.03531197     0.03535698    -0.00004501
     0.00210086     0.00211343    -0.00001257
    -0.01751698    -0.01754299     0.00002602
     0.03544819     0.03552249    -0.00007430
    -0.00078418    -0.00072852    -0.00005566
     0.01891287     0.01896308    -0.00005022
    -0.00073841    -0.00060976    -0.00012865
     0.02068797     0.02076554    -0.00007757
     0.01717814     0.01715806     0.00002008
    -0.00566029    -0.00565046    -0.00000984
     0.02794658     0.02792437     0.00002221
    -0.01975288    -0.01973538    -0.00001751
     0.01716524     0.01713348     0.00003176
     0.03134839     0.03130298     0.00004540
     0.02801409     0.02800925     0.00000484
     0.03089431     0.03089082     0.00000349
    -0.00110470    -0.00117257     0.00006787
    -0.00131426    -0.00132919     0.00001494
    -0.03007884    -0.03003535    -0.00004349
     0.03733027     0.03721799     0.00011228
     0.01623020     0.01617174     0.00005847
    -0.00101852    -0.00105769     0.00003916
     0.02410553     0.02405595     0.00004958
     0.03053202     0.03061350    -0.00008148
     0.01981770     0.01984055    -0.00002285
    -0.02353428    -0.02353757     0.00000328
    -0.01563893    -0.01563004    -0.00000889
     0.01989642     0.02011012    -0.00021370
     0.00956943     0.00955332     0.00001611
    -0.00020809    -0.00001245    -0.00019563
    -0.00045585    -0.00045825     0.00000241
     0.01835979     0.01838426    -0.00002446
     0.03818049     0.03818901    -0.00000852
     0.02802533     0.02843984    -0.00041451
    -0.00226780    -0.00235159     0.00008380
     0.00401580     0.00413848    -0.00012268
     0.00008727     0.00023830    -0.00015103
     0.02768963     0.02774562    -0.00005599
     0.01845544     0.01848899    -0.00003355
    -0.00177960    -0.00174422    -0.00003538
    -0.00047987    -0.00044252    -0.00003735
     0.03618859     0.03619751    -0.00000892
     0.01391071     0.01402070    -0.00011000
    -0.00045495    -0.00045974     0.00000480
     0.03093439     0.03084987     0.00008453
     0.00341663     0.00339407     0.00002256
    -0.00227912    -0.00224510    -0.00003402
    -0.02605743    -0.02606850     0.00001106
     0.00011415     0.00007826     0.00003589
    -0.00929130    -0.00929806     0.00000676
     0.01184016     0.01186709    -0.00002693
    -0.00981833    -0.00982030     0.00000197
    -0.00077868    -0.00085887     0.00008019
    -0.01099079    -0.01095325    -0.00003754
    -0.01833718    -0.01835269     0.00001551
     0.01628430     0.01630164    -0.00001734
    -0.00988884    -0.00983666    -0.00005217
    -0.00516638    -0.00515324    -0.00001314
    -0.01654599    -0.01656597     0.00001998
     0.00707874     0.00710033    -0.00002158
     0.02743479     0.02740625     0.00002854
     0.00569488     0.00566974     0.00002514
     0.01915045     0.01952167    -0.00037123
    -0.02305705    -0.02300680    -0.00005025
     0.00002095     0.00014814    -0.00012719
     0.00194281     0.00208836    -0.00014555
     0.02851832     0.02844325     0.00007507
     0.02128456     0.02125762     0.00002694
     0.01741180     0.01737190     0.00003991
    -0.00131660    -0.00100069    -0.00031590
     0.00565978     0.00569922    -0.00003944
    -0.01162797    -0.01161350    -0.00001447
     0.03700406     0.03701487    -0.00001082
    -0.00435067    -0.00430550    -0.00004517
    -0.01360058    -0.01359387    -0.00000671
    -0.00077019    -0.00082180     0.00005161
     0.01701240     0.01700915     0.00000325
    -0.00161478    -0.00140800    -0.00020678
    -0.01630294    -0.01625371    -0.00004923
    -0.00085411    -0.00078263    -0.00007148
    -0.03426218    -0.03426559     0.00000341
    -0.00238682    -0.00240672     0.00001990
    -0.01491195    -0.01490848    -0.00000347
    -0.00948066    -0.00947497    -0.00000569
    -0.00948075    -0.00947497    -0.00000577
    -0.01238088    -0.01237846    -0.00000242
    -0.00947258    -0.00952118     0.00004860
    -0.00611562    -0.00615937     0.00004375
    -0.00893981    -0.00893886    -0.00000095
    -0.00605636    -0.00602798    -0.00002838
    -0.00605636    -0.00602798    -0.00002838
    -0.00890378    -0.00891170     0.00000791
    -0.00528015    -0.00532725     0.00004710
    -0.01699286    -0.01699621     0.00000335
    -0.01132595    -0.01131558    -0.00001037
    -0.00406870    -0.00407978     0.00001108
    -0.01626299    -0.01627559     0.00001260
    -0.00653737    -0.00657380     0.00003643
    -0.00841934    -0.00842455     0.00000521
    -0.00841950    -0.00842455     0.00000504
    -0.01661244    -0.01661029    -0.00000215
    -0.01322699    -0.01323247     0.00000547
    -0.00473304    -0.00474067     0.00000763
    -0.00791900    -0.00793151     0.00001251
    -0.00574528    -0.00578792     0.00004265
    -0.00941076    -0.00942697     0.00001621
    -0.00743848    -0.00745916     0.00002069
    -0.01094850    -0.01099309     0.00004459
    -0.01383326    -0.01383242    -0.00000085
    -0.01649489    -0.01650802     0.00001313
    -0.01518466    -0.01518968     0.00000502
    -0.01535816    -0.01536371     0.00000555
    -0.00579137    -0.00583279     0.00004142
    -0.01134054    -0.01136205     0.00002151
    -0.01189154    -0.01192108     0.00002954
    -0.00492151    -0.00491793    -0.00000357
    -0.01772961    -0.01774194     0.00001234
    -0.01122415    -0.01123090     0.00000675
    -0.00510170    -0.00510706     0.00000536
    -0.01057690    -0.01057177    -0.00000514
    -0.00516861    -0.00517212     0.00000351
    -0.01001722    -0.01001268    -0.00000454
    -0.00606621    -0.00606588    -0.00000033
    -0.00574694    -0.00576236     0.00001543
    -0.01028207    -0.01028117    -0.00000090
    -0.01094752    -0.01095066     0.00000314
    -0.00702688    -0.00705107     0.00002420
    -0.00556495    -0.00556349    -0.00000146
    -0.01551645    -0.01551767     0.00000122
    -0.00723017    -0.00722714    -0.00000304
    -0.01325404    -0.01324830    -0.00000575
    -0.00876667    -0.00875203    -0.00001463
    -0.00876694    -0.00875203    -0.00001490
    -0.01221682    -0.01220125    -0.00001558
    -0.01221682    -0.01220125    -0.00001558
    -0.01083484    -0.01083595     0.00000111
    -0.01671179    -0.01672323     0.00001143
    -0.01037418    -0.01037293    -0.00000125
    -0.01394788    -0.01394743    -0.00000044
    -0.01084537    -0.01083971    -0.00000566
    -0.01481480    -0.01482228     0.00000748
    -0.00599236    -0.00599387     0.00000151
    -0.00944453    -0.00944712     0.00000259
    -0.00794532    -0.00796162     0.00001630
    -0.00832358    -0.00832793     0.00000435
    -0.01048574    -0.01048265    -0.00000310
    -0.01510531    -0.01511279     0.00000748
    -0.00617538    -0.00618782     0.00001244
    -0.00801764    -0.00803172     0.00001407
    -0.00795430    -0.00796927     0.00001497
    -0.01022517    -0.01022646     0.00000129
    -0.00646311    -0.00646106    -0.00000205
    -0.00654739    -0.00655024     0.00000285
    -0.01583284    -0.01584468     0.00001184
    -0.00655792    -0.00656129     0.00000338
    -0.00782316    -0.00783683     0.00001367
    -0.00793721    -0.00794982     0.00001261
    -0.01029507    -0.01029670     0.00000162
    -0.00672086    -0.00672025    -0.00000061
    -0.01526687    -0.01528026     0.00001339
    -0.01532254    -0.01533434     0.00001180
    -0.01229566    -0.01229800     0.00000234
    -0.00798447    -0.00799189     0.00000741
    -0.00851882    -0.00852635     0.00000752
    -0.00949332    -0.00949871     0.00000539
    -0.00744512    -0.00744769     0.00000257
    -0.01374238    -0.01374789     0.00000552
    -0.00903168    -0.00904136     0.00000968
    -0.00771429    -0.00771417    -0.00000012
    -0.00846625    -0.00847161     0.00000536
    -0.01109977    -0.01110033     0.00000056
    -0.00888648    -0.00888893     0.00000245
    -0.01445376    -0.01446251     0.00000875
    -0.00780847    -0.00781033     0.00000186
    -0.01073367    -0.01073278    -0.00000089
    -0.01395838    -0.01396358     0.00000521
    -0.00837104    -0.00836588    -0.00000516
    -0.00840990    -0.00840684    -0.00000305
    -0.01119615    -0.01119602    -0.00000013
    -0.00865929    -0.00865857    -0.00000072
    -0.01145975    -0.01145741    -0.00000234
    -0.01107365    -0.01107276    -0.00000088
    -0.04466303    -0.04463670    -0.00002633
    -0.02817649    -0.02818384     0.00000734
     0.02655747     0.02661851    -0.00006104
     0.01874320     0.01874793    -0.00000473
    -0.02794003    -0.02797858     0.00003856
    -0.02729327    -0.02727595    -0.00001731
     0.01692747     0.01694457    -0.00001710
     0.01982537     0.01980852     0.00001685
    -0.03040682    -0.03041128     0.00000446
    -0.02884540    -0.02888504     0.00003964
    -0.03278504    -0.03281119     0.00002615
     0.03381793     0.03377657     0.00004136
    -0.04561126    -0.04561801     0.00000675
    -0.02964504    -0.02963274    -0.00001230
    -0.03734385    -0.03733121    -0.00001264
    -0.03329574    -0.03331457     0.00001882
    -0.03156796    -0.03159442     0.00002646
    -0.03295288    -0.03297434     0.00002146
    -0.03295302    -0.03297434     0.00002132
    -0.03367485    -0.03355401    -0.00012084
    -0.04733968    -0.04732268    -0.00001699
    -0.03038407    -0.03040065     0.00001658
    -0.02764584    -0.02767994     0.00003409
    -0.01893366    -0.01898169     0.00004803
    -0.03582825    -0.03590647     0.00007821
    -0.02860390    -0.02863849     0.00003459
     0.04762423     0.04770648    -0.00008225
    -0.04571766    -0.04575698     0.00003932
     0.04791702     0.04796954    -0.00005252
     0.02703329     0.02707655    -0.00004327
    -0.04021418    -0.04022390     0.00000971
     0.01212964     0.01201999     0.00010965
    -0.03870077    -0.03869403    -0.00000674
     0.01995441     0.01995621    -0.00000180
     0.02289427     0.02292318    -0.00002890
    -0.00944902    -0.00947428     0.00002527
    -0.03670095    -0.03667912    -0.00002183
    -0.03784497    -0.03782188    -0.00002309
    -0.03984838    -0.03982080    -0.00002759
    -0.03261200    -0.03265253     0.00004053
    -0.04569045    -0.04567382    -0.00001662
     0.05745499     0.05738087     0.00007412
    -0.03164388    -0.03159756    -0.00004632
    -0.02917101    -0.02913465    -0.00003637
    -0.04455347    -0.04455293    -0.00000055
    -0.04656203    -0.04654345    -0.00001858
    -0.00321511    -0.00321318    -0.00000192
    -0.02522713    -0.02523657     0.00000944
    -0.04109616    -0.04104898    -0.00004718
    -0.00952545    -0.00953046     0.00000501
     0.02744992     0.02741298     0.00003694
    -0.03406988    -0.03398640    -0.00008348
     0.02124662     0.02116654     0.00008008
     0.02469017     0.02472983    -0.00003966
    -0.04141734    -0.04142618     0.00000884
     0.03698800     0.03701270    -0.00002469
    -0.03181487    -0.03181337    -0.00000150
    -0.03495697    -0.03494680    -0.00001017
     0.01749151     0.01748675     0.00000475
    -0.02052354    -0.02053132     0.00000779
    -0.02334712    -0.02339350     0.00004638
    -0.04418430    -0.04414968    -0.00003462
    -0.03969170    -0.03976791     0.00007621
     0.04562843     0.04560860     0.00001984
    -0.03328924    -0.03330266     0.00001342
     0.02508060     0.02509024    -0.00000964
    -0.04850982    -0.04851990     0.00001008
    -0.02999770    -0.03002794     0.00003024
     0.02030190     0.02031101    -0.00000911
    -0.04089224    -0.04088395    -0.00000829
    -0.04692900    -0.04697989     0.00005089
    -0.04434808    -0.04436503     0.00001695
    -0.03643199    -0.03640414    -0.00002785
    -0.02933287    -0.02934936     0.00001650
    -0.04693110    -0.04668449    -0.00024661
    -0.01634485    -0.01636460     0.00001975
    -0.03256680    -0.03257071     0.00000391
    -0.03018575    -0.03014854    -0.00003721
    -0.04165663    -0.04166292     0.00000628
    -0.02619991    -0.02618914    -0.00001077
    -0.05612806    -0.05612663    -0.00000143
    -0.02532849    -0.02524381    -0.00008468
    -0.02619115    -0.02623729     0.00004614
    -0.04255039    -0.04257433     0.00002394
    -0.04178006    -0.04179855     0.00001849
    -0.02783126    -0.02784872     0.00001746
    -0.02366144    -0.02363445    -0.00002700
    -0.03205501    -0.03203955    -0.00001547
    -0.03195262    -0.03195624     0.00000362
    -0.04454477    -0.04457944     0.00003467
    -0.03807393    -0.03813514     0.00006121
    -0.03255078    -0.03257003     0.00001925
    -0.04793903    -0.04794530     0.00000627
    -0.03361874    -0.03360046    -0.00001829
    -0.02949703    -0.02952349     0.00002646
    -0.02884363    -0.02876447    -0.00007916
    -0.04308466    -0.04308454    -0.00000011
    -0.04598460    -0.04581025    -0.00017435
    -0.03403181    -0.03401514    -0.00001667
    -0.04133355    -0.04133055    -0.00000300
     0.00673204     0.00674100    -0.00000896
    -0.03240177    -0.03239337    -0.00000840
    -0.00459576    -0.00462163     0.00002587
    -0.02942218    -0.02940921    -0.00001297
    -0.00799294    -0.00797650    -0.00001643
     0.00937889     0.00941226    -0.00003337
    -0.01228926    -0.01225110    -0.00003816
     0.01252056     0.01252225    -0.00000170
     0.00014985     0.00033616    -0.00018630
     0.00709382     0.00717257    -0.00007875
    -0.00314640    -0.00305807    -0.00008833
     0.00373316     0.00372792     0.00000523
    -0.00396731    -0.00398019     0.00001288
     0.01626841     0.01626541     0.00000300
     0.00382331     0.00380345     0.00001986
     0.00349620     0.00352198    -0.00002577
    -0.01208986    -0.01206777    -0.00002209
    -0.00825343    -0.00824453    -0.00000890
    -0.01818344    -0.01818085    -0.00000259
     0.02201831     0.02210005    -0.00008174
     0.01665995     0.01658773     0.00007223
     0.00082304     0.00070829     0.00011475
     0.00243776     0.00238976     0.00004800
    -0.01188844    -0.01187993    -0.00000851
     0.00263273     0.00264026    -0.00000753
    -0.00850927    -0.00850755    -0.00000172
    -0.00849270    -0.00849020    -0.00000250
     0.01542254     0.01542425    -0.00000171
    -0.00460509    -0.00459726    -0.00000783
     0.00166760     0.00151028     0.00015732
    -0.01168443    -0.01168756     0.00000313
     0.01959133     0.01970370    -0.00011237
    -0.00876038    -0.00876562     0.00000524
    -0.03570547    -0.03572192     0.00001645
     0.00524521     0.00526496    -0.00001974
    -0.01147768    -0.01149065     0.00001296
    -0.03427456    -0.03424730    -0.00002727
     0.00124054     0.00125342    -0.00001288
    -0.03876126    -0.03876157     0.00000031
    -0.00900710    -0.00901880     0.00001169
    -0.01377590    -0.01369877    -0.00007713
    -0.01126889    -0.01128917     0.00002028
     0.00877611     0.00878559    -0.00000948
    -0.00924940    -0.00926712     0.00001772
    -0.01105707    -0.01108310     0.00002602
    -0.00948769    -0.00951063     0.00002294
     0.01306304     0.01312717    -0.00006413
    -0.01084246    -0.01087243     0.00002997
     0.00592958     0.00596252    -0.00003295
    -0.00972222    -0.00974936     0.00002714
    -0.00381474    -0.00385387     0.00003913
     0.01197818     0.01197334     0.00000484
    -0.01062518    -0.01065714     0.00003197
    -0.00995360    -0.00998335     0.00002975
     0.00723020     0.00716644     0.00006376
    -0.01040463    -0.01043722     0.00003259
    -0.01018068    -0.01021263     0.00003195
     0.01745551     0.01751773    -0.00006222
     0.01202384     0.01214790    -0.00012406
     0.00590977     0.00586578     0.00004399
     0.00300147     0.00299201     0.00000946
     0.01203551     0.01202262     0.00001290
     0.00696658     0.00685831     0.00010827
     0.00565953     0.00569084    -0.00003130
     0.00582389     0.00582813    -0.00000424
    -0.00566283    -0.00569400     0.00003118
     0.01290941     0.01288508     0.00002433
     0.00336221     0.00338060    -0.00001839
     0.01013243     0.01009496     0.00003747
     0.01801429     0.01801607    -0.00000178
     0.00662303     0.00662961    -0.00000658
    -0.00069756    -0.00069194    -0.00000562
    -0.03237472    -0.03235025    -0.00002447
     0.00257958     0.00253324     0.00004635
     0.00048031     0.00058653    -0.00010623
     0.00232157     0.00232769    -0.00000613
     0.01312528     0.01300855     0.00011672
     0.01349320     0.01349203     0.00000117
    -0.00049677    -0.00041009    -0.00008668
     0.00805579     0.00807491    -0.00001911
     0.00842296     0.00839307     0.00002989
     0.00241939     0.00239298     0.00002641
     0.01749698     0.01743941     0.00005757
     0.00332471     0.00323640     0.00008831
    -0.00069661    -0.00074796     0.00005135
     0.00000533     0.00000527     0.00000006
     0.00379457     0.00393334    -0.00013877
    -0.00219212    -0.00222447     0.00003235
     0.00105735     0.00101378     0.00004357
     0.00509046     0.00521065    -0.00012019
     0.01898332     0.01888983     0.00009349
    -0.00160947    -0.00166312     0.00005365
     0.01104012     0.01101729     0.00002283
     0.01791775     0.01789257     0.00002518
     0.00262848     0.00258685     0.00004164
     0.00909783     0.00912448    -0.00002665
     0.01672994     0.01675502    -0.00002507
     0.00408712     0.00410593    -0.00001881
     0.01786917     0.01779876     0.00007041
     0.00539392     0.00530489     0.00008904
     0.01298506     0.01298944    -0.00000439
    -0.01722821    -0.01728117     0.00005296
     0.00038975     0.00038775     0.00000200
    -0.00454144    -0.00450200    -0.00003944
    -0.00357786    -0.00353189    -0.00004597
     0.05068028     0.05069693    -0.00001665
     0.00962842     0.00965551    -0.00002709
    -0.02451174    -0.02493547     0.00042372
    -0.00246312    -0.00246680     0.00000368
    -0.00246285    -0.00246680     0.00000395
    -0.00246285    -0.00246680     0.00000395
    -0.00246285    -0.00246680     0.00000395
    -0.00246285    -0.00246680     0.00000395
    -0.00246285    -0.00246680     0.00000395
    -0.00246285    -0.00246680     0.00000395
    -0.00246285    -0.00246680     0.00000395
    -0.00246285    -0.00246680     0.00000395
    -0.00246285    -0.00246680     0.00000395
    -0.00246285    -0.00246680     0.00000395
    -0.00246285    -0.00246680     0.00000395
     0.01108459     0.01108192     0.00000267
    -0.01055323    -0.01055214    -0.00000109
    -0.00995700    -0.00999724     0.00004024
     0.01561406     0.01557101     0.00004304
    -0.00514467    -0.00511189    -0.00003277
     0.01063127     0.01055469     0.00007658
    -0.01532257    -0.01531862    -0.00000395
    -0.02251345    -0.02249663    -0.00001682
    -0.01213296    -0.01205277    -0.00008018
     0.00619568     0.00626112    -0.00006544
     0.01357655     0.01356244     0.00001411
     0.00314735     0.00310490     0.00004245
    -0.03366617    -0.03371052     0.00004435
    -0.01145455    -0.01142735    -0.00002720
    -0.00492668    -0.00489688    -0.00002980
     0.01094809     0.01093320     0.00001489
    -0.00341500    -0.00337874    -0.00003626
     0.01531424     0.01520508     0.00010917
     0.00042722     0.00048176    -0.00005455
    -0.00381071    -0.00376530    -0.00004541
    -0.00778308    -0.00781617     0.00003308
    -0.01703961    -0.01703578    -0.00000383
    -0.01703961    -0.01703578    -0.00000383
     0.03297130     0.03298090    -0.00000960
    -0.03286452    -0.03346881     0.00060429
    -0.01247204    -0.01240357    -0.00006847
    -0.00728386    -0.00727214    -0.00001172
    -0.01445572    -0.01447834     0.00002262
     0.00902841     0.00901978     0.00000863
     0.01049875     0.01050068    -0.00000193
    -0.02247856    -0.02247496    -0.00000361
    -0.00089955    -0.00085955    -0.00004001
    -0.00676149    -0.00672877    -0.00003271
    -0.02089843    -0.02086746    -0.00003096
    -0.02089815    -0.02086746    -0.00003069
    -0.02334906    -0.02339395     0.00004489
     0.00622109     0.00617621     0.00004489
    -0.01238270    -0.01232712    -0.00005559
    -0.01663960    -0.01664917     0.00000957
    -0.01835503    -0.01838224     0.00002721
    -0.01513236    -0.01512709    -0.00000527
    -0.01513236    -0.01512709    -0.00000527
    -0.00244478    -0.00247617     0.00003139
    -0.01331663    -0.01339912     0.00008249
    -0.00814437    -0.00815215     0.00000778
    -0.02039692    -0.02041374     0.00001682
    -0.01362651    -0.01361482    -0.00001169
    -0.00027421    -0.00030803     0.00003382
    -0.00605170    -0.00606134     0.00000964
    -0.00944426    -0.00944425    -0.00000001
    -0.00976045    -0.00981365     0.00005320
     0.00832649     0.00831469     0.00001181
    -0.00687790    -0.00685907    -0.00001882
    -0.00558084    -0.00559567     0.00001483
    -0.01876799    -0.01875260    -0.00001539
    -0.01876799    -0.01875260    -0.00001539
    -0.01706810    -0.01708432     0.00001622
    -0.00777925    -0.00784522     0.00006598
     0.00883554     0.00876304     0.00007250
    -0.01675538    -0.01673532    -0.00002007
    -0.00697896    -0.00696430    -0.00001465
    -0.00841232    -0.00839667    -0.00001564
     0.00321971     0.00328680    -0.00006710
    -0.01956673    -0.01961642     0.00004970
    -0.01737265    -0.01730322    -0.00006943
    -0.01737265    -0.01730322    -0.00006943
    -0.00853417    -0.00854058     0.00000641
    -0.01267536    -0.01266266    -0.00001270
     0.00626295     0.00625498     0.00000797
    -0.00656624    -0.00660099     0.00003475
    -0.01199434    -0.01198380    -0.00001054
    -0.00779095    -0.00779307     0.00000213
     0.01120766     0.01122088    -0.00001322
    -0.05506420    -0.05505057    -0.00001363
     0.00725015     0.00718794     0.00006220
    -0.01556230    -0.01558450     0.00002220
    -0.00645808    -0.00638644    -0.00007164
     0.00016169     0.00016857    -0.00000688
     0.00454958     0.00458301    -0.00003343
    -0.01105008    -0.01106876     0.00001868
    -0.00466839    -0.00467581     0.00000742
    -0.00472790    -0.00472843     0.00000053
    -0.00437676    -0.00437518    -0.00000158
    -0.00437676    -0.00437518    -0.00000158
    -0.00451513    -0.00451845     0.00000332
    -0.01159728    -0.01161009     0.00001282
    -0.00442193    -0.00441356    -0.00000837
    -0.02008306    -0.02008171    -0.00000135
    -0.02086917    -0.02085833    -0.00001084
    -0.01790117    -0.01785966    -0.00004151
    -0.00488872    -0.00489649     0.00000777
    -0.01494781    -0.01493639    -0.00001142
    -0.00259395    -0.00266728     0.00007333
    -0.00387234    -0.00385592    -0.00001642
    -0.00387234    -0.00385592    -0.00001642
    -0.01878448    -0.01876208    -0.00002240
    -0.01955002    -0.01952534    -0.00002468
    -0.02261840    -0.02262145     0.00000304
    -0.02261827    -0.02262145     0.00000318
    -0.01615437    -0.01616535     0.00001098
    -0.01615437    -0.01616535     0.00001098
    -0.01833383    -0.01833298    -0.00000086
    -0.02123111    -0.02122550    -0.00000562
    -0.02238142    -0.02239108     0.00000966
    -0.01825525    -0.01824770    -0.00000755
    -0.01680654    -0.01682232     0.00001578
    -0.00501898    -0.00510839     0.00008941
    -0.01901262    -0.01898875    -0.00002388
    -0.01984469    -0.01983158    -0.00001312
    -0.01552157    -0.01551417    -0.00000740
     0.00354464     0.00358315    -0.00003851
    -0.01665832    -0.01665285    -0.00000548
    -0.01665832    -0.01665285    -0.00000548
    -0.02007542    -0.02006618    -0.00000924
    -0.01955642    -0.01953957    -0.00001685
    -0.01960423    -0.01958668    -0.00001755
    -0.01633146    -0.01634091     0.00000945
    -0.01958771    -0.01959568     0.00000798
    -0.01921782    -0.01925137     0.00003355
    -0.02346743    -0.02346644    -0.00000099
    -0.01837188    -0.01835905    -0.00001282
    -0.02049787    -0.02050369     0.00000581
    -0.01994499    -0.01997514     0.00003014
    -0.01780202    -0.01779382    -0.00000820
    -0.01667908    -0.01669148     0.00001240
     0.00587948     0.00579471     0.00008478
    -0.00041693    -0.00036557    -0.00005136
    -0.00176719    -0.00168727    -0.00007992
    -0.01698918    -0.01697946    -0.00000972
    -0.00021190    -0.00020751    -0.00000438
    -0.01652028    -0.01652975     0.00000947
    -0.01652001    -0.01652975     0.00000975
    -0.02208784    -0.02210450     0.00001667
    -0.00060020    -0.00057696    -0.00002324
    -0.01728152    -0.01728593     0.00000441
    -0.02283139    -0.02283080    -0.00000059
    -0.02283133    -0.02283079    -0.00000054
    -0.01902623    -0.01901728    -0.00000895
    -0.01769121    -0.01770543     0.00001422
    -0.02254512    -0.02254284    -0.00000229
    -0.01260559    -0.01262499     0.00001940
    -0.02156747    -0.02157057     0.00000310
    -0.01758898    -0.01758698    -0.00000200
    -0.01758871    -0.01758698    -0.00000172
    -0.01211786    -0.01210792    -0.00000994
    -0.01764653    -0.01766930     0.00002277
    -0.01778680    -0.01780935     0.00002254
    -0.01851114    -0.01851724     0.00000609
    -0.01846034    -0.01846962     0.00000928
    -0.00105488    -0.00099833    -0.00005654
    -0.01861033    -0.01862161     0.00001128
    -0.01860984    -0.01862162     0.00001178
    -0.02054906    -0.02055391     0.00000485
    -0.02054881    -0.02055391     0.00000510
    -0.02163088    -0.02164920     0.00001832
    -0.00593682    -0.00588759    -0.00004923
    -0.01831811    -0.01833677     0.00001866
    -0.01956305    -0.01957103     0.00000798
    -0.01956267    -0.01957103     0.00000836
    -0.01855942    -0.01856073     0.00000132
    -0.01855915    -0.01856073     0.00000159
    -0.02022108    -0.02023472     0.00001364
    -0.02170693    -0.02170977     0.00000284
    -0.02170690    -0.02170977     0.00000287
    -0.01804988    -0.01806490     0.00001502
    -0.00769250    -0.00774894     0.00005645
    -0.01365944    -0.01368406     0.00002463
    -0.01846401    -0.01845447    -0.00000954
    -0.01846401    -0.01845447    -0.00000954
    -0.00390807    -0.00387991    -0.00002816
    -0.01956980    -0.01957324     0.00000344
    -0.01956978    -0.01957324     0.00000347
    -0.02061924    -0.02062338     0.00000414
    -0.02061921    -0.02062338     0.00000417
    -0.01964885    -0.01965210     0.00000325
    -0.02082558    -0.02084441     0.00001882
    -0.01991182    -0.01993363     0.00002180
    -0.01708921    -0.01711429     0.00002508
    -0.01475861    -0.01478625     0.00002763
    -0.01590239    -0.01593019     0.00002780
     0.03377948     0.03373192     0.00004756
    -0.03780565    -0.03787044     0.00006479
     0.03503047     0.03505463    -0.00002416
     0.03562354     0.03557080     0.00005275
    -0.01807519    -0.01785273    -0.00022246
     0.03526136     0.03521951     0.00004185
     0.03673434     0.03670124     0.00003310
    -0.03394400    -0.03392079    -0.00002321
    -0.03444613    -0.03439818    -0.00004795
    -0.04435298    -0.04416308    -0.00018990
     0.02588195     0.02577067     0.00011128
    -0.01718434    -0.01726307     0.00007873
     0.04584670     0.04583612     0.00001058
     0.04116038     0.04111900     0.00004138
     0.03248041     0.03242808     0.00005233
     0.03499746     0.03496913     0.00002833
    -0.03695214    -0.03690676    -0.00004538
     0.02194114     0.02190410     0.00003704
     0.02899809     0.02900967    -0.00001158
    -0.03251785    -0.03246970    -0.00004815
    -0.03397480    -0.03399440     0.00001960
     0.02676267     0.02680611    -0.00004344
     0.03743669     0.03742179     0.00001490
    -0.01967726    -0.01970546     0.00002820
    -0.04233945    -0.04236820     0.00002876
    -0.03510291    -0.03512641     0.00002351
     0.03808819     0.03810523    -0.00001705
     0.02310502     0.02307450     0.00003052
     0.03383066     0.03380966     0.00002100
     0.04489479     0.04488566     0.00000913
    -0.03547684    -0.03543705    -0.00003979
     0.03311550     0.03316631    -0.00005082
    -0.03592861    -0.03591088    -0.00001773
     0.02803951     0.02807821    -0.00003870
    -0.03929841    -0.03934275     0.00004434
     0.02428159     0.02425689     0.00002470
     0.03265075     0.03263490     0.00001585
     0.04392046     0.04391232     0.00000814
     0.04178953     0.04193116    -0.00014162
     0.02725084     0.02725196    -0.00000112
     0.03960408     0.03952765     0.00007643
     0.02546822     0.02544863     0.00001959
    -0.03915011    -0.03916507     0.00001496
     0.03146085     0.03144820     0.00001265
     0.03255097     0.03261371    -0.00006274
     0.02666272     0.02664701     0.00001571
     0.02930002     0.02933347    -0.00003344
    -0.03558376    -0.03560202     0.00001826
     0.03026393     0.03025287     0.00001107
     0.02786177     0.02784916     0.00001260
     0.02906337     0.02905214     0.00001123
     0.04292354     0.04291638     0.00000716
    -0.03206339    -0.03209963     0.00003623
     0.03938309     0.03941810    -0.00003500
    -0.02966025    -0.02976285     0.00010260
     0.03054304     0.03057140    -0.00002836
     0.03288602     0.03268944     0.00019658
     0.03626197     0.03627511    -0.00001314
     0.04190426     0.04189814     0.00000611
     0.02635880     0.02624929     0.00010951
    -0.04742732    -0.04745505     0.00002773
    -0.03796862    -0.03799879     0.00003017
     0.03176829     0.03179154    -0.00002325
     0.04086258     0.04085796     0.00000462
     0.03297498     0.03299341    -0.00001844
     0.03437416     0.03456558    -0.00019142
    -0.04795147    -0.04783937    -0.00011210
     0.03979905     0.03979616     0.00000288
     0.02425329     0.02426642    -0.00001313
    -0.04660742    -0.04658767    -0.00001975
     0.03416281     0.03417656    -0.00001376
     0.03871364     0.03871313     0.00000051
    -0.03434744    -0.03438774     0.00004030
     0.03533088     0.03534055    -0.00000966
     0.03760682     0.03760925    -0.00000243
     0.03647929     0.03648492    -0.00000563
    -0.04378470    -0.04380764     0.00002294
     0.03002556     0.03000627     0.00001929
     0.02714268     0.02714697    -0.00000430
     0.03651635     0.03654531    -0.00002897
    -0.03221238    -0.03221048    -0.00000190
     0.03045659     0.03056176    -0.00010518
     0.04490611     0.04491178    -0.00000567
     0.03938062     0.03934444     0.00003617
     0.03659915     0.03649138     0.00010777
    -0.03702362    -0.03702053    -0.00000309
    -0.03818362    -0.03813488    -0.00004874
    -0.03566161    -0.03564189    -0.00001972
    -0.04568533    -0.04573052     0.00004519
    -0.03484851    -0.03484794    -0.00000056
     0.04146887     0.04146800     0.00000087
    -0.03900845    -0.03898263    -0.00002582
     0.03772959     0.03770602     0.00002357
    -0.03719258    -0.03719831     0.00000573
    -0.03806451    -0.03807591     0.00001140
    -0.03719318    -0.03717900    -0.00001417
     0.03749073     0.03751832    -0.00002759
     0.04018376     0.04008885     0.00009491
     0.03565268     0.03567716    -0.00002447
     0.04610210     0.04613438    -0.00003227
    -0.01728748    -0.01737194     0.00008446
    -0.00419197    -0.00424312     0.00005116
    -0.02415280    -0.02417007     0.00001727
     0.01554867     0.01553281     0.00001586
    -0.06052406    -0.06186132     0.00133727
     0.00945688     0.00965183    -0.00019494
     0.00107719     0.00114390    -0.00006671
    -0.03088201    -0.03089359     0.00001157
    -0.00264280    -0.00264428     0.00000148
    -0.00817686    -0.00838800     0.00021115
    -0.00795533    -0.00641706    -0.00153827
     0.01732097     0.01726456     0.00005642
    -0.00852312    -0.00849645    -0.00002667
    -0.02377413    -0.02379580     0.00002168
     0.00057827     0.00044172     0.00013655
     0.00362287     0.00380898    -0.00018611
    -0.01407177    -0.01444039     0.00036862
    -0.00066578    -0.00063920    -0.00002658
    -0.01548619    -0.01553037     0.00004418
    -0.00831030    -0.00815321    -0.00015709
    -0.01048746    -0.01046907    -0.00001839
    -0.00784700    -0.00786381     0.00001681
     0.01194313     0.01195598    -0.00001285
    -0.01701071    -0.01701968     0.00000897
     0.01771992     0.01681970     0.00090022
    -0.01402820    -0.01408587     0.00005766
     0.00254375     0.00254528    -0.00000153
    -0.01164364    -0.01164157    -0.00000207
    -0.01992652    -0.01986899    -0.00005753
     0.00902762     0.00902193     0.00000569
    -0.01628035    -0.01640802     0.00012767
    -0.00123281    -0.00122237    -0.00001044
     0.02818177     0.02821520    -0.00003343
     0.01616340     0.01610961     0.00005379
    -0.01649824    -0.01649020    -0.00000803
     0.02778438     0.02780094    -0.00001657
    -0.03239371    -0.03233398    -0.00005973
     0.01969873     0.01967198     0.00002675
     0.00431328     0.00422217     0.00009110
     0.01246973     0.01253423    -0.00006450
     0.02840741     0.02836219     0.00004522
    -0.00650883    -0.00652368     0.00001485
    -0.00405031    -0.00406480     0.00001449
    -0.01654798    -0.01644173    -0.00010625
    -0.01415583    -0.01419628     0.00004046
    -0.02600962    -0.02603427     0.00002464
    -0.01367603    -0.01355680    -0.00011923
    -0.01851661    -0.01851667     0.00000006
     0.00038322     0.00047463    -0.00009141
     0.00362994     0.00354029     0.00008965
    -0.02020739    -0.02008056    -0.00012684
     0.00372611     0.00377590    -0.00004979
    -0.01057728    -0.01053262    -0.00004467
    -0.01095533    -0.01101756     0.00006223
     0.02730608     0.02729858     0.00000751
    -0.02147367    -0.02147593     0.00000225
    -0.01733183    -0.01733179    -0.00000004
     0.00005508     0.00005529    -0.00000021
     0.00941917     0.00901443     0.00040474
    -0.01970752    -0.01960575    -0.00010177
    -0.00461821    -0.00468898     0.00007078
    -0.01054773    -0.01058583     0.00003810
    -0.00045536    -0.00039992    -0.00005544
    -0.01375873    -0.01381399     0.00005526
     0.00240810     0.00230084     0.00010725
    -0.01610688    -0.01607194    -0.00003494
    -0.00367697    -0.00374170     0.00006474
    -0.02699193    -0.02704859     0.00005666
     0.01642659     0.01640988     0.00001671
     0.02332380     0.02331998     0.00000382
    -0.01398649    -0.01398638    -0.00000011
     0.01330242     0.01327116     0.00003126
    -0.00966045    -0.00970455     0.00004410
    -0.00610093    -0.00607251    -0.00002842
     0.00206583     0.00202938     0.00003646
     0.01932487     0.01934258    -0.00001771
    -0.02683851    -0.02684357     0.00000506
    -0.00373555    -0.00381993     0.00008438
    -0.00003586    -0.00002942    -0.00000645
    -0.02179814    -0.02181189     0.00001375
    -0.01294859    -0.01296990     0.00002131
    -0.05618381    -0.05617674    -0.00000707
    -0.00339261    -0.00333537    -0.00005724
     0.00048142     0.00042936     0.00005206
    -0.00932289    -0.00931270    -0.00001020
    -0.01279406    -0.01287858     0.00008452
     0.00169796     0.00174976    -0.00005179
    -0.00943329    -0.00943312    -0.00000017
    -0.01676371    -0.01677834     0.00001462
    -0.01351323    -0.01355290     0.00003967
    -0.00609704    -0.00609169    -0.00000535
    -0.00815123    -0.00818161     0.00003039
    -0.01857618    -0.01859801     0.00002183
     0.01531857     0.01532515    -0.00000658
    -0.00910869    -0.00923976     0.00013107
     0.04130144     0.04129666     0.00000479
     0.03643583     0.03646170    -0.00002588
    -0.01269256    -0.01281462     0.00012206
    -0.00919157    -0.00919257     0.00000100
    -0.01584750    -0.01585189     0.00000438
    -0.00267717    -0.00272777     0.00005060
     0.03754317     0.03748790     0.00005527
     0.01935296     0.01935882    -0.00000586
    -0.00380410    -0.00381279     0.00000869
    -0.00314915    -0.00318153     0.00003238
    -0.00279763    -0.00285751     0.00005988
    -0.00405202    -0.00402409    -0.00002793
    -0.00244704    -0.00243910    -0.00000794
    -0.00245675    -0.00244682    -0.00000994
    -0.00325538    -0.00317196    -0.00008342
    -0.01295545    -0.01296697     0.00001152
    -0.01276592    -0.01278141     0.00001549
     0.01779317     0.01778814     0.00000503
    -0.00285075    -0.00271948    -0.00013127
    -0.00260603    -0.00249852    -0.00010751
    -0.00319407    -0.00322804     0.00003396
    -0.00296718    -0.00285955    -0.00010764
    -0.00338910    -0.00336001    -0.00002908
    -0.00249449    -0.00249992     0.00000543
    -0.00378489    -0.00378666     0.00000177
    -0.00273932    -0.00274617     0.00000686
    -0.00273959    -0.00274617     0.00000659
    -0.02039983    -0.02039441    -0.00000542
    -0.00351606    -0.00350651    -0.00000955
    -0.00257926    -0.00245291    -0.00012635
    -0.00262587    -0.00267420     0.00004833
     0.01744231     0.01744123     0.00000108
     0.00269069     0.00266842     0.00002227
    -0.01515119    -0.01513889    -0.00001230
    -0.00393980    -0.00389787    -0.00004193
     0.03690449     0.03687088     0.00003361
    -0.00292441    -0.00281097    -0.00011344
     0.04048801     0.04054983    -0.00006182
    -0.00269733    -0.00257603    -0.00012130
    -0.00394927    -0.00392276    -0.00002651
    -0.00257003    -0.00250375    -0.00006629
    -0.00259910    -0.00262557     0.00002647
    -0.00256753    -0.00256974     0.00000221
    -0.00344725    -0.00342789    -0.00001936
    -0.01332133    -0.01329768    -0.00002365
    -0.00390347    -0.00384943    -0.00005404
     0.03749231     0.03750685    -0.00001454
    -0.01775948    -0.01775880    -0.00000069
    -0.00315358    -0.00316670     0.00001311
    -0.00199201    -0.00190137    -0.00009064
    -0.00199201    -0.00190137    -0.00009064
    -0.00347993    -0.00341436    -0.00006556
    -0.00271221    -0.00275661     0.00004440
    -0.00265172    -0.00267722     0.00002550
    -0.00306022    -0.00298109    -0.00007913
    -0.00321677    -0.00324890     0.00003213
    -0.01715825    -0.01718116     0.00002291
    -0.00263156    -0.00257440    -0.00005716
    -0.01538306    -0.01540117     0.00001811
    -0.00263926    -0.00257968    -0.00005958
    -0.00364665    -0.00365321     0.00000656
     0.03705557     0.03704261     0.00001296
    -0.00276800    -0.00266411    -0.00010388
    -0.00358213    -0.00358356     0.00000142
    -0.00285145    -0.00289440     0.00004295
    -0.00308757    -0.00311122     0.00002366
    -0.00262895    -0.00265402     0.00002507
    -0.00262895    -0.00265402     0.00002507
    -0.00311361    -0.00315167     0.00003807
    -0.01544627    -0.01544378    -0.00000250
    -0.00306397    -0.00308926     0.00002529
    -0.00217294    -0.00213280    -0.00004014
    -0.00217294    -0.00213280    -0.00004014
    -0.00303366    -0.00307117     0.00003751
    -0.00351892    -0.00351963     0.00000070
    -0.00346673    -0.00348044     0.00001371
    -0.00257597    -0.00252134    -0.00005462
    -0.00257597    -0.00252134    -0.00005462
    -0.00293750    -0.00295302     0.00001553
    -0.02370593    -0.02373621     0.00003027
    -0.00261063    -0.00256625    -0.00004438
    -0.00288784    -0.00288221    -0.00000562
    -0.00264465    -0.00261030    -0.00003434
    -0.00296321    -0.00290632    -0.00005689
    -0.00291763    -0.00291344    -0.00000419
    -0.00234271    -0.00234228    -0.00000043
    -0.00234271    -0.00234228    -0.00000043
    -0.00271240    -0.00269545    -0.00001695
    -0.00342896    -0.00343859     0.00000963
    -0.00249928    -0.00251866     0.00001938
    -0.00249928    -0.00251866     0.00001938
    -0.00307551    -0.00307454    -0.00000097
     0.04137304     0.04144150    -0.00006846
    -0.00332316    -0.00330444    -0.00001872
    -0.00300240    -0.00297209    -0.00003031
    -0.00335032    -0.00336416     0.00001384
    -0.00296310    -0.00298381     0.00002071
     0.03809553     0.03811347    -0.00001794
     0.03040894     0.03035569     0.00005325
    -0.00324398    -0.00322233    -0.00002165
    -0.00307834    -0.00308602     0.00000767
    -0.00330665    -0.00331480     0.00000816
     0.01038182     0.01040534    -0.00002351
    -0.00316466    -0.00316971     0.00000506
     0.02604674     0.02603344     0.00001330
    -0.00466852    -0.00466998     0.00000146
    -0.04028602    -0.04032074     0.00003472
    -0.00567904    -0.00570627     0.00002723
    -0.02990352    -0.02992041     0.00001690
    -0.00522388    -0.00524247     0.00001859
    -0.00522361    -0.00524248     0.00001887
    -0.00688524    -0.00690330     0.00001806
    -0.00688524    -0.00690330     0.00001806
    -0.00709327    -0.00711359     0.00002032
    -0.02230768    -0.02235097     0.00004329
    -0.00544524    -0.00546648     0.00002123
    -0.00544522    -0.00546648     0.00002126
    -0.00654896    -0.00656944     0.00002048
    -0.00654896    -0.00656944     0.00002048
    -0.00568707    -0.00570994     0.00002287
    -0.00568707    -0.00570994     0.00002287
    -0.00597565    -0.00600220     0.00002655
    -0.00623780    -0.00626014     0.00002234
    -0.00623780    -0.00626014     0.00002234
    -0.00595102    -0.00597408     0.00002305
    -0.00592076    -0.00592400     0.00000324
    -0.00592076    -0.00592400     0.00000324
    -0.00606656    -0.00608824     0.00002168
    -0.02093356    -0.02092096    -0.00001259
     0.00597323     0.00565934     0.00031389
    -0.02593732    -0.02596809     0.00003076
    -0.02021724    -0.02019960    -0.00001764
    -0.02021493    -0.02019719    -0.00001774
    -0.02371293    -0.02374502     0.00003210
    -0.02061600    -0.02060612    -0.00000988
    -0.00377030    -0.00375828    -0.00001202
    -0.03242063    -0.03244183     0.00002120
    -0.02241211    -0.02240280    -0.00000931
    -0.03028290    -0.03029970     0.00001680
    -0.02438592    -0.02437303    -0.00001289
    -0.03045909    -0.03047687     0.00001778
    -0.02778742    -0.02777557    -0.00001185
    -0.01895763    -0.01902584     0.00006822
    -0.02107397    -0.02107589     0.00000193
    -0.02107397    -0.02107589     0.00000193
    -0.02107397    -0.02107589     0.00000193
    -0.02107397    -0.02107589     0.00000193
    -0.02107397    -0.02107589     0.00000193
    -0.02107397    -0.02107589     0.00000193
    -0.02107397    -0.02107589     0.00000193
    -0.02107397    -0.02107589     0.00000193
    -0.02107397    -0.02107589     0.00000193
    -0.02107397    -0.02107589     0.00000193
    -0.02107397    -0.02107589     0.00000193
    -0.02107397    -0.02107589     0.00000193
    -0.03008572    -0.03011620     0.00003048
    -0.02450617    -0.02449859    -0.00000757
    -0.03095829    -0.03097377     0.00001548
    -0.02231595    -0.02231798     0.00000203
    -0.02256210    -0.02256002    -0.00000208
    -0.02717389    -0.02721188     0.00003799
    -0.02328584    -0.02331490     0.00002906
    -0.02057867    -0.02062022     0.00004156
     0.01825979     0.01820642     0.00005337
    -0.02707334    -0.02710487     0.00003152
    -0.02464524    -0.02465201     0.00000677
    -0.03288330    -0.03287151    -0.00001179
    -0.03288330    -0.03287151    -0.00001179
    -0.03288330    -0.03287151    -0.00001179
    -0.03288330    -0.03287151    -0.00001179
    -0.03288330    -0.03287151    -0.00001179
    -0.03288330    -0.03287151    -0.00001179
    -0.03288330    -0.03287151    -0.00001179
    -0.03288330    -0.03287151    -0.00001179
    -0.03288330    -0.03287151    -0.00001179
    -0.03288330    -0.03287151    -0.00001179
    -0.03288330    -0.03287151    -0.00001179
    -0.03288330    -0.03287151    -0.00001179
    -0.02718913    -0.02722140     0.00003227
    -0.03162877    -0.03166239     0.00003362
    -0.03156888    -0.03158728     0.00001840
     0.00941201     0.00944887    -0.00003686
    -0.02914250    -0.02914299     0.00000049
    -0.02386079    -0.02388340     0.00002261
    -0.02647268    -0.02649985     0.00002717
    -0.02647268    -0.02649985     0.00002717
    -0.02647268    -0.02649985     0.00002717
    -0.02647268    -0.02649985     0.00002717
    -0.02647268    -0.02649985     0.00002717
    -0.02647268    -0.02649985     0.00002717
    -0.02647295    -0.02649985     0.00002690
    -0.02647295    -0.02649985     0.00002690
    -0.02647295    -0.02649985     0.00002690
    -0.02647295    -0.02649985     0.00002690
    -0.02647295    -0.02649985     0.00002690
    -0.02647295    -0.02649985     0.00002690
    -0.02403258    -0.02405597     0.00002339
    -0.03422022    -0.03419373    -0.00002650
    -0.02436627    -0.02438914     0.00002287
    -0.03475754    -0.03475415    -0.00000339
    -0.03230936    -0.03234095     0.00003159
     0.00135031     0.00138770    -0.00003739
    -0.02662030    -0.02666178     0.00004148
    -0.02532545    -0.02532669     0.00000124
    -0.03357673    -0.03358752     0.00001079
    -0.00040003    -0.00036797    -0.00003206
    -0.00040003    -0.00036797    -0.00003206
    -0.00040003    -0.00036797    -0.00003206
    -0.00039976    -0.00036797    -0.00003179
    -0.00186711    -0.00192046     0.00005335
    -0.00151086    -0.00159530     0.00008445
    -0.00093066    -0.00094783     0.00001718
    -0.00108421    -0.00113263     0.00004842
    -0.00025527    -0.00027959     0.00002432
    -0.00133382    -0.00130325    -0.00003057
    -0.00095049    -0.00095943     0.00000893
    -0.00180771    -0.00188846     0.00008076
    -0.00113471    -0.00111545    -0.00001926
    -0.00134966    -0.00132793    -0.00002172
    -0.00142073    -0.00149767     0.00007694
    -0.00178765    -0.00186494     0.00007729
    -0.00172224    -0.00181091     0.00008867
    -0.00098432    -0.00099820     0.00001389
    -0.00143932    -0.00151641     0.00007709
    -0.00101722    -0.00106537     0.00004815
    -0.00101722    -0.00106537     0.00004815
    -0.00101722    -0.00106537     0.00004815
    -0.00101722    -0.00106537     0.00004815
    -0.00101722    -0.00106537     0.00004815
    -0.00101722    -0.00106537     0.00004815
    -0.00101722    -0.00106537     0.00004815
    -0.00101722    -0.00106537     0.00004815
    -0.00101722    -0.00106537     0.00004815
    -0.00101722    -0.00106537     0.00004815
    -0.00101722    -0.00106537     0.00004815
    -0.00101722    -0.00106537     0.00004815
    -0.00061898    -0.00068923     0.00007026
    -0.00147769    -0.00148722     0.00000953
    -0.00145290    -0.00153052     0.00007763
    -0.00102946    -0.00106092     0.00003146
    -0.00051879    -0.00050767    -0.00001112
    -0.00051879    -0.00050767    -0.00001112
    -0.00051879    -0.00050767    -0.00001112
    -0.00051879    -0.00050767    -0.00001112
    -0.00051879    -0.00050767    -0.00001112
    -0.00051879    -0.00050767    -0.00001112
    -0.00051879    -0.00050767    -0.00001112
    -0.00051879    -0.00050767    -0.00001112
    -0.00051879    -0.00050767    -0.00001112
    -0.00051879    -0.00050767    -0.00001112
    -0.00051879    -0.00050767    -0.00001112
    -0.00051879    -0.00050767    -0.00001112
    -0.00035742    -0.00039875     0.00004133
    -0.00113828    -0.00113392    -0.00000436
    -0.00125439    -0.00132058     0.00006619
    -0.00160800    -0.00169460     0.00008660
    -0.00150874    -0.00152940     0.00002066
    -0.00145004    -0.00146370     0.00001366
    -0.00131684    -0.00131309    -0.00000375
    -0.00083163    -0.00085597     0.00002433
    -0.00104519    -0.00107499     0.00002980
    -0.00083136    -0.00085597     0.00002460
    -0.00083136    -0.00085597     0.00002460
    -0.00083136    -0.00085597     0.00002460
    -0.00083136    -0.00085597     0.00002460
    -0.00083136    -0.00085597     0.00002460
    -0.00083136    -0.00085597     0.00002460
    -0.00083136    -0.00085597     0.00002460
    -0.00083136    -0.00085597     0.00002460
    -0.00083136    -0.00085597     0.00002460
    -0.00083136    -0.00085597     0.00002460
    -0.00083136    -0.00085597     0.00002460
    -0.00164901    -0.00172632     0.00007731
    -0.00158286    -0.00162318     0.00004032
    -0.00130949    -0.00138028     0.00007079
    -0.00066401    -0.00067002     0.00000600
    -0.00066401    -0.00067002     0.00000600
    -0.00066401    -0.00067002     0.00000600
    -0.00066401    -0.00067002     0.00000600
    -0.00066401    -0.00067002     0.00000600
    -0.00066401    -0.00067002     0.00000600
    -0.00066401    -0.00067002     0.00000600
    -0.00066374    -0.00067002     0.00000628
    -0.00066374    -0.00067002     0.00000628
    -0.00066374    -0.00067002     0.00000628
    -0.00066374    -0.00067002     0.00000628
    -0.00066374    -0.00067002     0.00000628
    -0.00117882    -0.00118394     0.00000512
    -0.00162283    -0.00167878     0.00005595
    -0.00142816    -0.00145120     0.00002304
    -0.00047582    -0.00053538     0.00005956
    -0.00108029    -0.00110046     0.00002016
    -0.00112642    -0.00117317     0.00004675
    -0.01937192    -0.01936823    -0.00000369
    -0.00128255    -0.00134966     0.00006711
    -0.00114748    -0.00120027     0.00005280
    -0.00122666    -0.00128806     0.00006140
    -0.00136468    -0.00138943     0.00002475
    -0.00126288    -0.00128379     0.00002091
    -0.00144209    -0.00149033     0.00004823
    -0.00131396    -0.00135046     0.00003650
    -0.00131279    -0.00137422     0.00006143
    -0.00124405    -0.00130062     0.00005657
    -0.00119613    -0.00124123     0.00004510
    -0.06867857    -0.06868382     0.00000524
    -0.00045857    -0.00045995     0.00000138
    -0.00045838    -0.00046038     0.00000200
    -0.00021856    -0.00022516     0.00000660
    -0.00021824    -0.00022528     0.00000704
    -0.00045982    -0.00045968    -0.00000014
    -0.00141635    -0.00142884     0.00001249
    -0.00022357    -0.00022415     0.00000058
    -0.00046118    -0.00045943    -0.00000175
    -0.00021807    -0.00022540     0.00000733
    -0.00022047    -0.00022492     0.00000445
    -0.00022349    -0.00022434     0.00000085
    -0.00022172    -0.00022477     0.00000305
    -0.00022234    -0.00022463     0.00000229
    -0.00165380    -0.00169229     0.00003849
    -0.00021824    -0.00022560     0.00000737
    -0.00021859    -0.00022570     0.00000711
    -0.00946407    -0.00949375     0.00002969
    -0.00021913    -0.00022580     0.00000666
    -0.00021949    -0.00022596     0.00000648
    -0.00021946    -0.00022604     0.00000658
    -0.00138438    -0.00138770     0.00000332
    -0.00138438    -0.00138770     0.00000332
    -0.00138438    -0.00138770     0.00000332
    -0.00138438    -0.00138770     0.00000332
    -0.00138438    -0.00138770     0.00000332
    -0.00138438    -0.00138770     0.00000332
    -0.00138438    -0.00138770     0.00000332
    -0.00138438    -0.00138770     0.00000332
    -0.00138438    -0.00138770     0.00000332
    -0.00138438    -0.00138770     0.00000332
    -0.00138438    -0.00138770     0.00000332
    -0.00138438    -0.00138770     0.00000332
    -0.00278930    -0.00279619     0.00000689
    -0.00186991    -0.00185124    -0.00001867
    -0.00181111    -0.00182937     0.00001826
    -0.00215033    -0.00215699     0.00000667
    -0.00045272    -0.00046372     0.00001101
    -0.00211794    -0.00212743     0.00000949
    -0.00179432    -0.00182346     0.00002915
    -0.00209294    -0.00210126     0.00000832
    -0.00155083    -0.00157504     0.00002421
    -0.00190442    -0.00192869     0.00002428
    -0.00157491    -0.00158361     0.00000869
    -0.00219590    -0.00222070     0.00002479
    -0.00206056    -0.00207194     0.00001139
    -0.00188265    -0.00190523     0.00002258
    -0.00197111    -0.00198804     0.00001693
    -0.00082600    -0.00081588    -0.00001012
    -0.00082600    -0.00081588    -0.00001012
    -0.00082600    -0.00081588    -0.00001012
    -0.00082600    -0.00081588    -0.00001012
    -0.00082600    -0.00081588    -0.00001012
    -0.00082600    -0.00081588    -0.00001012
    -0.00082600    -0.00081588    -0.00001012
    -0.00082600    -0.00081588    -0.00001012
    -0.00082600    -0.00081588    -0.00001012
    -0.00082600    -0.00081588    -0.00001012
    -0.00082600    -0.00081588    -0.00001012
    -0.00082600    -0.00081588    -0.00001012
    -0.00192357    -0.00194101     0.00001744
     0.00718840     0.00718686     0.00000154
    -0.00252018    -0.00252962     0.00000943
    -0.00188801    -0.00190477     0.00001676
    -0.00160446    -0.00162109     0.00001662
    -0.00155429    -0.00156419     0.00000990
    -0.01334618    -0.01344386     0.00009768
    -0.00252209    -0.00249854    -0.00002354
    -0.00177982    -0.00176939    -0.00001042
    -0.00187059    -0.00187160     0.00000100
    -0.01364572    -0.01365640     0.00001068
    -0.00209558    -0.00209300    -0.00000257
    -0.00211525    -0.00211111    -0.00000414
    -0.00199797    -0.00199867     0.00000070
    -0.03537774    -0.03539637     0.00001862
    -0.00238026    -0.00236727    -0.00001299
    -0.00394056    -0.00400876     0.00006819
    -0.00200654    -0.00199815    -0.00000839
    -0.00111523    -0.00109540    -0.00001983
    -0.00111523    -0.00109540    -0.00001983
    -0.00111523    -0.00109540    -0.00001983
    -0.00111523    -0.00109540    -0.00001983
    -0.00111523    -0.00109540    -0.00001983
    -0.00111523    -0.00109540    -0.00001983
    -0.00111523    -0.00109540    -0.00001983
    -0.00111523    -0.00109540    -0.00001983
    -0.00111523    -0.00109540    -0.00001983
    -0.00111523    -0.00109540    -0.00001983
    -0.00111523    -0.00109540    -0.00001983
    -0.00111523    -0.00109540    -0.00001983
    -0.00184311    -0.00183737    -0.00000574
    -0.00189266    -0.00188315    -0.00000951
    -0.01391974    -0.01393143     0.00001169
    -0.02772108    -0.02774687     0.00002579
    -0.00198850    -0.00201653     0.00002803
    -0.00579676    -0.00581130     0.00001454
    -0.00402397    -0.00401616    -0.00000781
    -0.03021460    -0.03021123    -0.00000337
    -0.00222037    -0.00221352    -0.00000685
    -0.01577618    -0.01576407    -0.00001211
    -0.00427036    -0.00430965     0.00003929
    -0.00529090    -0.00527503    -0.00001587
    -0.01538461    -0.01537244    -0.00001217
    -0.00476071    -0.00474900    -0.00001171
    -0.01532412    -0.01534325     0.00001913
    -0.00989474    -0.00988062    -0.00001412
    -0.00509329    -0.00507128    -0.00002201
    -0.00516589    -0.00516644     0.00000055
    -0.00050556    -0.00050009    -0.00000547
    -0.03099693    -0.03107534     0.00007842
    -0.00445595    -0.00446100     0.00000506
    -0.01338348    -0.01336642    -0.00001707
    -0.00477709    -0.00476930    -0.00000780
    -0.00298716    -0.00303487     0.00004771
    -0.01142043    -0.01141136    -0.00000907
    -0.00049185    -0.00050188     0.00001004
    -0.00832772    -0.00833201     0.00000429
    -0.01302927    -0.01295048    -0.00007880
    -0.00024166    -0.00026430     0.00002263
     0.01531492     0.01529778     0.00001715
     0.02680221     0.02681665    -0.00001444
    -0.00045269    -0.00046908     0.00001639
    -0.00051326    -0.00050916    -0.00000410
    -0.00532121    -0.00531431    -0.00000690
    -0.00909549    -0.00914465     0.00004916
    -0.03083627    -0.03085126     0.00001499
    -0.03083630    -0.03085126     0.00001496
    -0.00524856    -0.00528591     0.00003735
    -0.00057138    -0.00054509    -0.00002630
    -0.00494953    -0.00497094     0.00002141
    -0.00054425    -0.00053270    -0.00001156
     0.02502721     0.02504862    -0.00002141
    -0.00027979    -0.00027985     0.00000006
    -0.01355884    -0.01352685    -0.00003199
    -0.00489002    -0.00493763     0.00004760
    -0.00492015    -0.00497086     0.00005072
    -0.00045576    -0.00046193     0.00000617
    -0.00052842    -0.00051496    -0.00001346
    -0.00914556    -0.00910983    -0.00003573
    -0.00542979    -0.00543711     0.00000732
    -0.00053859    -0.00052524    -0.00001335
    -0.00477609    -0.00469030    -0.00008579
     0.01636115     0.01634715     0.00001400
    -0.00535594    -0.00536115     0.00000521
     0.01972975     0.01969719     0.00003256
    -0.00517618    -0.00521567     0.00003949
    -0.00051813    -0.00051343    -0.00000471
    -0.01068994    -0.01067847    -0.00001147
    -0.01379367    -0.01376189    -0.00003178
    -0.00023358    -0.00024099     0.00000741
    -0.00756259    -0.00752126    -0.00004133
    -0.00517648    -0.00521158     0.00003510
    -0.00445216    -0.00444228    -0.00000988
    -0.00509299    -0.00512970     0.00003671
    -0.01005202    -0.01008319     0.00003117
    -0.01661269    -0.01659115    -0.00002154
    -0.00063052    -0.00059552    -0.00003500
    -0.00957335    -0.00954442    -0.00002893
    -0.02398564    -0.02399171     0.00000607
    -0.00052053    -0.00050068    -0.00001984
    -0.02691750    -0.02693489     0.00001738
     0.00017745     0.00018982    -0.00001238
    -0.02146557    -0.02142715    -0.00003842
    -0.00049098    -0.00048497    -0.00000601
    -0.00620860    -0.00615377    -0.00005483
     0.00137676     0.00138253    -0.00000577
     0.00013717     0.00016514    -0.00002797
    -0.01242330    -0.01240349    -0.00001981
    -0.04753922    -0.04755277     0.00001355
    -0.01299118    -0.01300717     0.00001599
    -0.00057824    -0.00054350    -0.00003474
    -0.00351620    -0.00347508    -0.00004113
    -0.01120159    -0.01122389     0.00002229
    -0.03193588    -0.03195535     0.00001947
    -0.03193615    -0.03195535     0.00001919
    -0.00672676    -0.00671155    -0.00001521
    -0.02419748    -0.02421002     0.00001254
    -0.00481954    -0.00480503    -0.00001452
    -0.01104975    -0.01105191     0.00000216
    -0.00597842    -0.00598531     0.00000689
    -0.00582076    -0.00580389    -0.00001687
     0.00568759     0.00572420    -0.00003661
    -0.00223795    -0.00220988    -0.00002807
    -0.03304956    -0.03307154     0.00002198
    -0.03304956    -0.03307154     0.00002198
    -0.06441868    -0.06442429     0.00000561
    -0.01309605    -0.01307833    -0.00001772
    -0.00439894    -0.00437821    -0.00002073
    -0.00728862    -0.00726648    -0.00002215
    -0.00187353    -0.00184174    -0.00003179
    -0.00616550    -0.00615079    -0.00001471
    -0.00272778    -0.00270421    -0.00002357
    -0.00283907    -0.00280365    -0.00003542
    -0.03417336    -0.03419571     0.00002234
    -0.03417364    -0.03419571     0.00002207
     0.00494888     0.00495147    -0.00000259
    -0.03530332    -0.03532326     0.00001994
    -0.03530359    -0.03532326     0.00001967
     0.03424629     0.03424586     0.00000043
    -0.00310436    -0.00306721    -0.00003714
     0.00495917     0.00499301    -0.00003385
     0.00008215     0.00004208     0.00013546     0.00029114     0.00153827
