                 -1.52299815462824406076
                  1.27656649145959799618
                 -0.64480534539064615629
                 -1.16124778805929307346
                  1.23841862054256446335
                  0.19286237119271271157
                 -0.66149290890629941497
                  0.28175393012195820708
                  0.30365886816399839665
                 -1.01916137416352015066
                 -0.98083047550880442245
                 -0.53973543935526502313
                  1.40407070304662595639
                  1.14679927275337867343
                  2.04547114397837681565
                 -1.64482957087804293472
                  1.46866599600021641159
                  1.38104655109078744424
                 -0.87593507458552555267
                 -0.78039864806868575187
                  0.45238580634539132808
                 -0.37551566868130614729
                  0.03931487520273676400
                 -0.20955388088954349235
                 -0.28130740738363918529
                  0.70059849762048065358
                 -0.96200740168207832248
                 -0.97371923725263676008
                  1.31005571110825935754
                 -1.43821460744680806876
                  0.56343625825911114458
