    -0.00078195    -0.00081218     0.00003023
     0.03039585     0.03040174    -0.00000588
    -0.00259267    -0.00257839    -0.00001428
     0.02471656     0.02473528    -0.00001872
    -0.00592648    -0.00592163    -0.00000484
    -0.02022952    -0.02022961     0.00000010
    -0.00030341    -0.00027587    -0.00002753
     0.03259769     0.03261437    -0.00001669
    -0.00096690    -0.00097407     0.00000717
    -0.00952545    -0.00953753     0.00001208
     0.02082338     0.02087284    -0.00004947
     0.01503903     0.01504349    -0.00000447
    -0.00836549    -0.00838128     0.00001579
    -0.00070159    -0.00064877    -0.00005282
    -0.00162283    -0.00176900     0.00014616
    -0.00132362    -0.00129899    -0.00002463
    -0.02178163    -0.02177301    -0.00000862
    -0.00098293    -0.00093058    -0.00005235
    -0.02882113    -0.02883024     0.00000911
     0.00014779     0.00013225     0.00001554
     0.02409740     0.02411217    -0.00001477
    -0.00244497    -0.00245684     0.00001187
    -0.01681275    -0.01681901     0.00000627
    -0.00438052    -0.00445354     0.00007302
    -0.00024322    -0.00028536     0.00004214
    -0.01070803    -0.01073167     0.00002363
    -0.00023187    -0.00023308     0.00000121
    -0.02017286    -0.02018267     0.00000981
     0.04359261     0.04354502     0.00004759
    -0.01929802    -0.01941764     0.00011962
    -0.02246607    -0.02244735    -0.00001873
    -0.02559108    -0.02566715     0.00007607
     0.00427458     0.00413133     0.00014326
    -0.00045549    -0.00047944     0.00002395
     0.03403334     0.03403454    -0.00000121
    -0.00635930    -0.00637464     0.00001534
    -0.00515356    -0.00517639     0.00002282
    -0.00642787    -0.00644111     0.00001323
    -0.00178787    -0.00182832     0.00004045
    -0.01569887    -0.01572949     0.00003062
     0.02822648     0.02812810     0.00009838
     0.00391640     0.00393945    -0.00002305
    -0.02374751    -0.02377570     0.00002818
     0.01960232     0.01951850     0.00008383
    -0.00066978    -0.00067283     0.00000304
    -0.01461104    -0.01457232    -0.00003873
     0.00979131     0.00981424    -0.00002293
     0.01354909     0.01351578     0.00003331
    -0.00075193    -0.00078492     0.00003299
     0.03313729     0.03313100     0.00000629
     0.01794338     0.01778661     0.00015677
    -0.02040751    -0.02043073     0.00002322
    -0.01384831    -0.01384655    -0.00000176
    -0.01055258    -0.01053722    -0.00001536
     0.01305989     0.01303134     0.00002854
    -0.04271480    -0.04271209    -0.00000271
    -0.00045770    -0.00045454    -0.00000315
    -0.02018862    -0.02004220    -0.00014642
    -0.00054425    -0.00054151    -0.00000274
     0.00595524     0.00598821    -0.00003297
     0.02194639     0.02187736     0.00006903
    -0.00819860    -0.00823011     0.00003151
    -0.02827151    -0.02827771     0.00000619
     0.03090775     0.03089071     0.00001705
    -0.00573287    -0.00574062     0.00000775
    -0.00160387    -0.00159388    -0.00000999
    -0.00199740    -0.00202669     0.00002930
    -0.00681019    -0.00676141    -0.00004878
    -0.01344615    -0.01342683    -0.00001932
    -0.02367608    -0.02366084    -0.00001524
     0.03156113     0.03161792    -0.00005679
    -0.02061848    -0.02063972     0.00002125
     0.02064786     0.02065373    -0.00000586
     0.02129043     0.02134227    -0.00005184
     0.01153700     0.01147509     0.00006191
    -0.00057283    -0.00058404     0.00001122
     0.00014387     0.00013391     0.00000996
    -0.01402548    -0.01407600     0.00005052
     0.02782960     0.02773491     0.00009469
    -0.00065920    -0.00061171    -0.00004749
    -0.01846557    -0.01848076     0.00001519
    -0.00002822     0.00001430    -0.00004251
     0.02134611     0.02135088    -0.00000478
     0.02835582     0.02829216     0.00006365
    -0.00049280    -0.00050581     0.00001302
    -0.00013910    -0.00026068     0.00012157
    -0.02003166    -0.02001474    -0.00001692
     0.00674872     0.00672582     0.00002290
    -0.01022351    -0.01022067    -0.00000284
    -0.00455818    -0.00457047     0.00001229
     0.02967255     0.02965191     0.00002063
    -0.00474507    -0.00465003    -0.00009504
     0.02545579     0.02543249     0.00002330
     0.02731150     0.02736640    -0.00005490
    -0.00007951    -0.00017198     0.00009247
    -0.01181937    -0.01178695    -0.00003242
    -0.02093005    -0.02093576     0.00000572
     0.03899569     0.03899129     0.00000440
     0.03439734     0.03438170     0.00001564
    -0.02353886    -0.02367016     0.00013131
    -0.02468696    -0.02463216    -0.00005480
    -0.02468696    -0.02463216    -0.00005480
    -0.02338383    -0.02337088    -0.00001295
    -0.04761255    -0.04762922     0.00001667
    -0.02255435    -0.02260422     0.00004987
    -0.02663336    -0.02666638     0.00003302
    -0.02663363    -0.02666638     0.00003275
    -0.02564562    -0.02562812    -0.00001749
    -0.02564589    -0.02562812    -0.00001777
    -0.02427411    -0.02423922    -0.00003488
    -0.03333202    -0.03334525     0.00001324
    -0.02495007    -0.02490140    -0.00004867
    -0.02568910    -0.02569173     0.00000263
    -0.03734385    -0.03736319     0.00001935
    -0.03309321    -0.03305675    -0.00003646
    -0.02635953    -0.02632484    -0.00003470
    -0.02512612    -0.02511325    -0.00001288
    -0.02419568    -0.02420059     0.00000491
    -0.03190130    -0.03181750    -0.00008380
    -0.03259905    -0.03258216    -0.00001689
    -0.03259905    -0.03258216    -0.00001689
    -0.02342198    -0.02346292     0.00004094
    -0.02349943    -0.02353920     0.00003977
    -0.02702893    -0.02704382     0.00001488
    -0.02647268    -0.02646181    -0.00001087
    -0.02647268    -0.02646181    -0.00001087
    -0.02647268    -0.02646181    -0.00001087
    -0.02647268    -0.02646181    -0.00001087
    -0.02647268    -0.02646181    -0.00001087
    -0.02647268    -0.02646181    -0.00001087
    -0.02647295    -0.02646181    -0.00001114
    -0.02647295    -0.02646181    -0.00001114
    -0.02647295    -0.02646181    -0.00001114
    -0.02647295    -0.02646181    -0.00001114
    -0.02647295    -0.02646181    -0.00001114
    -0.02647295    -0.02646181    -0.00001114
    -0.02369459    -0.02370583     0.00001124
    -0.05104764    -0.05105477     0.00000714
    -0.02706406    -0.02705867    -0.00000539
    -0.02442285    -0.02445488     0.00003203
    -0.02545658    -0.02548284     0.00002626
    -0.04168126    -0.04172103     0.00003978
    -0.03406988    -0.03406868    -0.00000120
    -0.02765167    -0.02761810    -0.00003357
    -0.02765167    -0.02761810    -0.00003357
    -0.02456614    -0.02459436     0.00002822
    -0.02675287    -0.02677054     0.00001767
    -0.02675287    -0.02677054     0.00001767
    -0.02664139    -0.02667577     0.00003438
    -0.02718913    -0.02718363    -0.00000550
    -0.02708472    -0.02708159    -0.00000313
    -0.03614956    -0.03619447     0.00004490
    -0.02707334    -0.02706792    -0.00000542
    -0.03270436    -0.03273267     0.00002831
    -0.03270436    -0.03273267     0.00002831
    -0.02516321    -0.02517637     0.00001316
    -0.02773039    -0.02771106    -0.00001932
    -0.02773039    -0.02771106    -0.00001932
    -0.02593732    -0.02593919     0.00000187
    -0.03990035    -0.03988847    -0.00001189
    -0.02631243    -0.02634494     0.00003251
    -0.03367485    -0.03366395    -0.00001090
    -0.04464276    -0.04460489    -0.00003786
    -0.03156880    -0.03163997     0.00007117
    -0.03025914    -0.03029864     0.00003950
    -0.03025914    -0.03029864     0.00003950
    -0.03357673    -0.03356622    -0.00001051
    -0.06867857    -0.06867988     0.00000131
    -0.06777222    -0.06775674    -0.00001548
    -0.03328924    -0.03328306    -0.00000618
    -0.02801420    -0.02801990     0.00000570
    -0.04156169    -0.04156114    -0.00000055
    -0.03329574    -0.03331223     0.00001648
    -0.03475754    -0.03472249    -0.00003505
    -0.02942702    -0.02940185    -0.00002517
    -0.02986885    -0.02986520    -0.00000365
    -0.03295288    -0.03297266     0.00001978
    -0.03295302    -0.03297266     0.00001964
    -0.03278504    -0.03280739     0.00002235
    -0.02990352    -0.02989224    -0.00001128
    -0.03230936    -0.03233074     0.00002138
    -0.03028290    -0.03027317    -0.00000973
    -0.03045909    -0.03045056    -0.00000853
    -0.03162877    -0.03164384     0.00001507
    -0.03095829    -0.03095143    -0.00000686
    -0.03156888    -0.03157044     0.00000156
    -0.03673553    -0.03676384     0.00002831
    -0.06949418    -0.06950303     0.00000885
    -0.03288330    -0.03287669    -0.00000661
    -0.03288330    -0.03287669    -0.00000661
    -0.03288330    -0.03287669    -0.00000661
    -0.03288330    -0.03287669    -0.00000661
    -0.03288330    -0.03287669    -0.00000661
    -0.03288330    -0.03287669    -0.00000661
    -0.03288330    -0.03287669    -0.00000661
    -0.03288330    -0.03287669    -0.00000661
    -0.03288330    -0.03287669    -0.00000661
    -0.03288330    -0.03287669    -0.00000661
    -0.03288330    -0.03287669    -0.00000661
    -0.03288330    -0.03287669    -0.00000661
    -0.00246285    -0.00245988    -0.00000297
    -0.00246285    -0.00245988    -0.00000297
    -0.00246285    -0.00245988    -0.00000297
    -0.00246285    -0.00245988    -0.00000297
    -0.00246285    -0.00245988    -0.00000297
    -0.00246285    -0.00245988    -0.00000297
    -0.00246285    -0.00245988    -0.00000297
    -0.00246285    -0.00245988    -0.00000297
    -0.00246285    -0.00245988    -0.00000297
    -0.00246285    -0.00245988    -0.00000297
    -0.00246285    -0.00245988    -0.00000297
    -0.00475271    -0.00473857    -0.00001414
    -0.00381071    -0.00386007     0.00004936
    -0.00414574    -0.00415045     0.00000471
    -0.01144544    -0.01143275    -0.00001269
     0.02332380     0.02332433    -0.00000053
    -0.00605170    -0.00607445     0.00002274
    -0.00687790    -0.00690674     0.00002885
    -0.01449997    -0.01453809     0.00003812
    -0.00649710    -0.00647718    -0.00001992
    -0.01538891    -0.01537695    -0.00001196
    -0.00226807    -0.00226690    -0.00000117
    -0.00226807    -0.00226690    -0.00000117
    -0.00226807    -0.00226690    -0.00000117
    -0.00226780    -0.00226690    -0.00000090
    -0.00226780    -0.00226690    -0.00000090
    -0.00226780    -0.00226690    -0.00000090
    -0.00226780    -0.00226690    -0.00000090
    -0.00226780    -0.00226690    -0.00000090
    -0.00226780    -0.00226690    -0.00000090
    -0.00226780    -0.00226690    -0.00000090
    -0.00226780    -0.00226690    -0.00000090
    -0.00226780    -0.00226690    -0.00000090
    -0.00978497    -0.00976563    -0.00001934
    -0.03018575    -0.03019135     0.00000560
    -0.00728386    -0.00727606    -0.00000781
    -0.01604941    -0.01604722    -0.00000219
    -0.01604941    -0.01604722    -0.00000219
    -0.01331663    -0.01328859    -0.00002804
    -0.00676149    -0.00676546     0.00000397
    -0.00326392    -0.00329145     0.00002752
     0.04010009     0.04093269    -0.00083260
    -0.00663351    -0.00661940    -0.00001411
    -0.04013609    -0.04012673    -0.00000936
    -0.00740713    -0.00738167    -0.00002546
    -0.00492668    -0.00493406     0.00000738
    -0.01289695    -0.01289577    -0.00000118
    -0.01010212    -0.01009446    -0.00000766
    -0.01167581    -0.01168771     0.00001190
    -0.03807393    -0.03805776    -0.00001617
    -0.00454144    -0.00454623     0.00000478
    -0.01174707    -0.01174390    -0.00000318
    -0.01768727    -0.01772604     0.00003877
    -0.03570547    -0.03570761     0.00000214
     0.02899809     0.02899891    -0.00000082
     0.02873648     0.02876045    -0.00002398
    -0.01772321    -0.01772803     0.00000481
    -0.01772321    -0.01772803     0.00000481
    -0.01602035    -0.01602513     0.00000478
    -0.00347228    -0.00348738     0.00001510
    -0.02133291    -0.02133386     0.00000095
    -0.03144232    -0.03145295     0.00001063
     0.02840741     0.02841127    -0.00000387
     0.02136097     0.02134619     0.00001478
     0.02818177     0.02818533    -0.00000356
     0.02289427     0.02290378    -0.00000951
     0.04766229     0.04777674    -0.00011445
    -0.05618381    -0.05617832    -0.00000549
     0.04882457     0.04882399     0.00000059
    -0.01842717    -0.01842212    -0.00000505
    -0.01842690    -0.01842212    -0.00000478
    -0.02364147    -0.02362820    -0.00001327
    -0.02398564    -0.02397563    -0.00001001
    -0.03361874    -0.03359957    -0.00001917
    -0.01955206    -0.01955890     0.00000684
    -0.00019380    -0.00018115    -0.00001265
     0.02604674     0.02603135     0.00001539
    -0.01676371    -0.01675941    -0.00000430
    -0.00188338    -0.00188689     0.00000351
    -0.00981833    -0.00981753    -0.00000080
    -0.00919157    -0.00918586    -0.00000571
    -0.03809042    -0.03808741    -0.00000300
    -0.01142788    -0.01143256     0.00000468
    -0.03643199    -0.03645398     0.00002199
     0.01825979     0.01827253    -0.00001274
    -0.03876126    -0.03879839     0.00003713
     0.05312329     0.05312772    -0.00000443
     0.01851672     0.01851917    -0.00000245
    -0.04308466    -0.04309427     0.00000961
     0.01104012     0.01103514     0.00000498
    -0.00069756    -0.00067094    -0.00002663
    -0.03427456    -0.03427754     0.00000297
     0.02466241     0.02466797    -0.00000555
     0.02287517     0.02280619     0.00006898
     0.03297130     0.03296340     0.00000790
    -0.03116180    -0.03118626     0.00002446
    -0.03878335    -0.03877841    -0.00000495
    -0.04133355    -0.04150381     0.00017026
    -0.04318812    -0.04314708    -0.00004103
    -0.05506420    -0.05507164     0.00000745
    -0.01120774    -0.01120064    -0.00000711
     0.00373316     0.00374783    -0.00001467
     0.06027646     0.06028191    -0.00000545
    -0.02489445    -0.02487193    -0.00002252
    -0.03005038    -0.03007261     0.00002224
    -0.01628035    -0.01629734     0.00001698
    -0.01208986    -0.01209181     0.00000196
    -0.04455347    -0.04454540    -0.00000808
    -0.02773515    -0.02776742     0.00003227
    -0.02499714    -0.02499658    -0.00000056
    -0.03417867    -0.03417069    -0.00000798
     0.02469017     0.02470893    -0.00001876
    -0.02076536    -0.02077892     0.00001356
    -0.02565163    -0.02564663    -0.00000500
    -0.02805791    -0.02806519     0.00000728
     0.02348237     0.02341577     0.00006660
    -0.04610433    -0.04610285    -0.00000148
    -0.02845571    -0.02845631     0.00000060
    -0.02233549    -0.02234110     0.00000561
    -0.02267498    -0.02266534    -0.00000964
    -0.01701484    -0.01700608    -0.00000876
    -0.01228926    -0.01228822    -0.00000104
    -0.02202819    -0.02202801    -0.00000018
    -0.02783126    -0.02787173     0.00004047
     0.05242606     0.05245837    -0.00003231
    -0.01938621    -0.01939620     0.00000999
    -0.02884363    -0.02879945    -0.00004418
    -0.01248638    -0.01248336    -0.00000302
    -0.01505141    -0.01505582     0.00000441
    -0.02374395    -0.02374720     0.00000325
    -0.01789445    -0.01789418    -0.00000027
     0.00491857     0.00486882     0.00004975
     0.04809811     0.04811039    -0.00001228
    -0.01638887    -0.01642731     0.00003844
    -0.01489086    -0.01490082     0.00000996
    -0.00795533    -0.00795297    -0.00000236
    -0.01268151    -0.01267749    -0.00000402
     0.00116165     0.00121338    -0.00005172
    -0.03056299    -0.03058984     0.00002685
    -0.01789720    -0.01792342     0.00002622
    -0.00082622    -0.00083201     0.00000579
    -0.02147367    -0.02148378     0.00001011
     0.01642659     0.01642848    -0.00000189
    -0.00245368    -0.00242289    -0.00003079
    -0.01893366    -0.01893275    -0.00000090
    -0.01287428    -0.01287086    -0.00000342
     0.06080115     0.06079107     0.00001008
     0.05047788     0.05052965    -0.00005177
     0.00188278     0.00190006    -0.00001728
     0.04510255     0.04494422     0.00015833
    -0.03132578    -0.03128349    -0.00004229
    -0.00963316    -0.00963566     0.00000250
    -0.03513768    -0.03513686    -0.00000082
    -0.01306476    -0.01306374    -0.00000101
     0.02515927     0.02513687     0.00002240
    -0.02763022    -0.02763843     0.00000820
     0.05274549     0.05273746     0.00000803
     0.03525537     0.03533718    -0.00008181
    -0.02706717    -0.02704774    -0.00001943
    -0.03765770    -0.03763845    -0.00001925
    -0.01325344    -0.01325641     0.00000297
     0.00058551     0.00057588     0.00000963
     0.01010669     0.01016400    -0.00005731
    -0.02529900    -0.02530683     0.00000783
     0.05648643     0.05646944     0.00001699
    -0.03537888    -0.03540067     0.00002179
    -0.02683851    -0.02682700    -0.00001151
     0.02030190     0.01997476     0.00032714
     0.03474176     0.03473257     0.00000919
    -0.00887733    -0.00886100    -0.00001633
     0.03534838     0.03531809     0.00003029
     0.05478169     0.05474475     0.00003694
    -0.03088201    -0.03087752    -0.00000450
    -0.00114987    -0.00117485     0.00002498
    -0.03568515    -0.03565771    -0.00002744
    -0.03117644    -0.03117918     0.00000274
    -0.02619991    -0.02618327    -0.00001665
     0.04772572     0.04776971    -0.00004399
    -0.01968295    -0.01969427     0.00001132
    -0.01421770    -0.01419234    -0.00002536
    -0.01584750    -0.01584907     0.00000157
     0.06033891     0.06022684     0.00011207
    -0.02308347    -0.02307933    -0.00000414
     0.05390684     0.05396945    -0.00006261
     0.05203029     0.05208763    -0.00005734
    -0.02366144    -0.02366602     0.00000458
     0.04616531     0.04619951    -0.00003420
     0.04715559     0.04715833    -0.00000273
    -0.02605866    -0.02607518     0.00001652
    -0.02438420    -0.02435281    -0.00003140
     0.04762423     0.04765700    -0.00003278
    -0.02729327    -0.02727671    -0.00001655
    -0.02876611    -0.02878607     0.00001996
     0.03698800     0.03695981     0.00002819
    -0.02764584    -0.02765588     0.00001004
    -0.02415280    -0.02414223    -0.00001057
     0.04791702     0.04786230     0.00005472
     0.04562843     0.04563109    -0.00000265
     0.05745499     0.05743503     0.00001996
    -0.05612806    -0.05612939     0.00000134
    -0.01365944    -0.01367386     0.00001443
     0.02416967     0.02420704    -0.00003737
     0.02781635     0.02780139     0.00001496
     0.02844393     0.02849547    -0.00005154
     0.00018689     0.00017520     0.00001168
    -0.04336621    -0.04338011     0.00001390
     0.02403500     0.02403801    -0.00000301
     0.02366060     0.02360276     0.00005784
     0.00257958     0.00252611     0.00005347
    -0.01260559    -0.01262329     0.00001770
    -0.03566161    -0.03573097     0.00006936
     0.00565953     0.00568725    -0.00002772
    -0.00341500    -0.00341240    -0.00000260
     0.00696658     0.00697017    -0.00000360
    -0.03592861    -0.03589212    -0.00003649
     0.01815666     0.01811868     0.00003798
    -0.01159728    -0.01161611     0.00001884
     0.01969492     0.01971314    -0.00001822
     0.01786659     0.01787973    -0.00001314
     0.02168530     0.02166324     0.00002206
    -0.03977635    -0.03982436     0.00004800
     0.01863370     0.01875250    -0.00011880
    -0.01063465    -0.01065263     0.00001799
     0.02692278     0.02690899     0.00001379
     0.01385386     0.01386668    -0.00001282
     0.00243776     0.00240574     0.00003202
    -0.00244478    -0.00245494     0.00001016
    -0.00971757    -0.00973310     0.00001554
     0.02378496     0.02379305    -0.00000809
     0.01691569     0.01678269     0.00013300
    -0.00884558    -0.00885767     0.00001209
    -0.03719318    -0.03722076     0.00002759
    -0.00514467    -0.00513793    -0.00000673
     0.02251331     0.02250244     0.00001087
     0.02264488     0.02254634     0.00009854
     0.02102912     0.02105406    -0.00002494
    -0.00801868    -0.00802636     0.00000768
     0.01863098     0.01864138    -0.00001039
     0.02252071     0.02247492     0.00004579
     0.01091340     0.01098075    -0.00006735
     0.02604075     0.02602856     0.00001219
     0.01151681     0.01154016    -0.00002335
     0.02218237     0.02208982     0.00009255
     0.02730102     0.02739882    -0.00009780
     0.00877611     0.00882870    -0.00005259
     0.02277590     0.02268962     0.00008628
     0.01940727     0.01941476    -0.00000749
     0.02517029     0.02516009     0.00001020
     0.02338666     0.02345986    -0.00007320
    -0.03900845    -0.03897359    -0.00003486
     0.01612130     0.01607094     0.00005037
     0.02019518     0.02019991    -0.00000474
    -0.04136716    -0.04135231    -0.00001485
     0.00124054     0.00123516     0.00000538
     0.02431166     0.02430359     0.00000807
    -0.03641681    -0.03645966     0.00004285
     0.02099500     0.02099689    -0.00000189
     0.02346487     0.02345904     0.00000583
     0.02180642     0.02180571     0.00000070
     0.01665995     0.01662477     0.00003518
     0.02262981     0.02262642     0.00000339
    -0.03806451    -0.03807393     0.00000942
     0.01610792     0.01611572    -0.00000780
     0.01906628     0.01909144    -0.00002516
     0.01704521     0.01703103     0.00001418
    -0.03394400    -0.03391009    -0.00003391
    -0.01055323    -0.01051961    -0.00003362
     0.02742818     0.02731634     0.00011184
    -0.00186657    -0.00184158    -0.00002498
     0.01181475     0.01180283     0.00001192
     0.01619069     0.01614074     0.00004996
     0.02401486     0.02396223     0.00005264
     0.00832649     0.00834692    -0.00002043
     0.00937889     0.00934746     0.00003143
     0.01672994     0.01672373     0.00000621
    -0.01821892    -0.01821526    -0.00000366
    -0.04378470    -0.04378459    -0.00000011
     0.01868138     0.01867350     0.00000788
    -0.03719258    -0.03720684     0.00001427
     0.00241939     0.00238699     0.00003240
     0.01679454     0.01685851    -0.00006396
     0.01581324     0.01589132    -0.00007807
     0.02199358     0.02201658    -0.00002301
     0.00752841     0.00757927    -0.00005086
     0.01998791     0.02004467    -0.00005676
     0.00590977     0.00585379     0.00005598
     0.01338019     0.01353246    -0.00015227
     0.01132671     0.01133433    -0.00000761
     0.01658580     0.01655851     0.00002729
     0.01290941     0.01291779    -0.00000839
     0.01903246     0.01891373     0.00011873
     0.00582389     0.00580449     0.00001940
     0.01959133     0.01970021    -0.00010888
     0.02472579     0.02472339     0.00000240
     0.01429022     0.01428221     0.00000802
     0.01349320     0.01354469    -0.00005149
     0.02201831     0.02210387    -0.00008555
     0.01791775     0.01780174     0.00011601
     0.01786917     0.01773896     0.00013021
     0.00805579     0.00808279    -0.00002700
    -0.01444914    -0.01443804    -0.00001110
    -0.01651342    -0.01651781     0.00000439
    -0.01651369    -0.01651781     0.00000412
     0.00274019     0.00273290     0.00000728
    -0.01057690    -0.01058622     0.00000932
    -0.00617538    -0.00620045     0.00002507
    -0.02949703    -0.02947769    -0.00001934
    -0.00599236    -0.00600445     0.00001210
    -0.01037418    -0.01038145     0.00000727
    -0.00801764    -0.00804242     0.00002478
     0.01981735     0.01976417     0.00005317
    -0.00723017    -0.00723155     0.00000138
     0.00474890     0.00473860     0.00001031
    -0.01094752    -0.01097444     0.00002692
    -0.00794532    -0.00796995     0.00002463
    -0.01083484    -0.01084738     0.00001254
    -0.01028207    -0.01029438     0.00001231
    -0.00795430    -0.00797651     0.00002221
    -0.00782316    -0.00784338     0.00002021
     0.03046541     0.03044166     0.00002374
     0.01598206     0.01596016     0.00002190
     0.01057658     0.01057461     0.00000197
    -0.00876667    -0.00875557    -0.00001109
    -0.00876694    -0.00875557    -0.00001136
    -0.00793721    -0.00795547     0.00001826
    -0.01048574    -0.01048776     0.00000202
    -0.00654739    -0.00655215     0.00000476
     0.01584560     0.01587994    -0.00003434
    -0.00405031    -0.00401249    -0.00003781
    -0.00655792    -0.00656260     0.00000468
    -0.00646311    -0.00646259    -0.00000052
     0.00419627     0.00417893     0.00001734
    -0.00702587    -0.00701489    -0.00001098
    -0.00832358    -0.00832612     0.00000254
    -0.00944453    -0.00945118     0.00000666
    -0.00493487    -0.00496612     0.00003125
    -0.00736414    -0.00733185    -0.00003229
    -0.00672086    -0.00671836    -0.00000250
    -0.01022517    -0.01023086     0.00000569
    -0.00798447    -0.00799117     0.00000670
     0.01732097     0.01720764     0.00011334
     0.01131795     0.01129154     0.00002641
    -0.00851882    -0.00852677     0.00000795
    -0.01671179    -0.01672347     0.00001168
    -0.01029507    -0.01029820     0.00000312
    -0.00430601    -0.00427873    -0.00002728
    -0.02179814    -0.02179467    -0.00000347
    -0.01481480    -0.01480858    -0.00000622
    -0.00744512    -0.00743969    -0.00000543
    -0.01221682    -0.01220994    -0.00000689
    -0.01221682    -0.01220994    -0.00000689
    -0.01084537    -0.01083512    -0.00001025
    -0.00771429    -0.00770584    -0.00000845
    -0.00949332    -0.00949789     0.00000457
    -0.01325404    -0.01325837     0.00000433
     0.02332116     0.02272023     0.00060093
    -0.00903168    -0.00903752     0.00000585
     0.00130111     0.00129975     0.00000137
     0.00984029     0.00993113    -0.00009084
    -0.01577618    -0.01577478    -0.00000140
    -0.00846625    -0.00846355    -0.00000270
     0.01878179     0.01878006     0.00000173
    -0.00888648    -0.00888810     0.00000163
     0.01749151     0.01749887    -0.00000736
    -0.00780847    -0.00779643    -0.00001204
    -0.00579676    -0.00580346     0.00000670
    -0.01551645    -0.01552690     0.00001045
    -0.01229566    -0.01228617    -0.00000949
    -0.01394788    -0.01395293     0.00000505
    -0.00837104    -0.00835025    -0.00002079
     0.01316808     0.01318442    -0.00001634
    -0.00840990    -0.00838883    -0.00002107
    -0.01583284    -0.01583783     0.00000499
    -0.01109977    -0.01108886    -0.00001091
    -0.01510531    -0.01511391     0.00000859
    -0.00865929    -0.00863825    -0.00002104
    -0.00217457    -0.00216013    -0.00001444
     0.02730608     0.02727872     0.00002737
    -0.01532254    -0.01532158    -0.00000096
    -0.01073367    -0.01071937    -0.00001429
    -0.02764429    -0.02760663    -0.00003766
    -0.01526687    -0.01527210     0.00000524
    -0.02379856    -0.02382552     0.00002696
     0.01105969     0.01108177    -0.00002209
    -0.01374238    -0.01372949    -0.00001288
    -0.02578072    -0.02582164     0.00004092
    -0.01119615    -0.01117709    -0.00001906
    -0.02538428    -0.02538178    -0.00000250
     0.02454941     0.02456818    -0.00001878
    -0.01445376    -0.01444356    -0.00001021
    -0.01145975    -0.01143339    -0.00002635
    -0.00852312    -0.00853788     0.00001475
    -0.01395838    -0.01394132    -0.00001706
    -0.01107365    -0.01104560    -0.00002805
     0.01330242     0.01329261     0.00000981
     0.01932487     0.01933638    -0.00001151
    -0.00419197    -0.00422116     0.00002919
     0.00169796     0.00169514     0.00000282
     0.01246973     0.01249150    -0.00002177
     0.01531857     0.01538143    -0.00006286
     0.01767692     0.01767757    -0.00000064
    -0.03156026    -0.03155204    -0.00000822
     0.00540938     0.00536642     0.00004296
    -0.03571492    -0.03574261     0.00002769
     0.03562354     0.03563438    -0.00001084
    -0.02961217    -0.02961861     0.00000644
     0.01667990     0.01667306     0.00000684
    -0.01262135    -0.01260770    -0.00001365
     0.03224960     0.03220649     0.00004311
     0.00421855     0.00422871    -0.00001016
    -0.01105008    -0.01106115     0.00001107
     0.02758935     0.02754362     0.00004573
     0.02362163     0.02363209    -0.00001046
    -0.03891650    -0.03892963     0.00001312
     0.03236816     0.03236336     0.00000480
     0.02867261     0.02865190     0.00002071
    -0.00209245    -0.00202027    -0.00007218
     0.02642392     0.02632575     0.00009817
     0.01973557     0.01965746     0.00007811
    -0.02247856    -0.02249239     0.00001383
     0.00737622     0.00696396     0.00041226
    -0.02254278    -0.02252584    -0.00001695
     0.00861395     0.00861573    -0.00000177
     0.02680221     0.02682674    -0.00002453
    -0.01543770    -0.01543380    -0.00000390
     0.04146887     0.04150580    -0.00003693
     0.05068028     0.05069000    -0.00000972
     0.01331020     0.01330456     0.00000564
     0.03245361     0.03245440    -0.00000080
    -0.01665949    -0.01664301    -0.00001648
    -0.02598238    -0.02597419    -0.00000819
     0.01666836     0.01667124    -0.00000288
     0.03278371     0.03278872    -0.00000502
     0.02576148     0.02574483     0.00001665
    -0.01994097    -0.01994717     0.00000621
    -0.04021418    -0.04080603     0.00059184
    -0.02383761    -0.02386707     0.00002946
    -0.02854042    -0.02854471     0.00000429
     0.01140372     0.01144533    -0.00004161
    -0.02223508    -0.02223551     0.00000043
    -0.02411974    -0.02411519    -0.00000455
    -0.03462975    -0.03461670    -0.00001305
    -0.03462948    -0.03461670    -0.00001278
    -0.02364912    -0.02364797    -0.00000115
    -0.02754990    -0.02754570    -0.00000419
     0.03440205     0.03448170    -0.00007965
    -0.02154682    -0.02154443    -0.00000239
     0.02625140     0.02619831     0.00005308
     0.02866839     0.02860276     0.00006563
     0.00587728     0.00585087     0.00002641
     0.03643583     0.03643296     0.00000287
     0.02768056     0.02775190    -0.00007134
    -0.06052406    -0.06051742    -0.00000663
     0.02790675     0.02790985    -0.00000311
    -0.00067710    -0.00068152     0.00000442
    -0.02297525    -0.02298054     0.00000528
    -0.02911967    -0.02912154     0.00000187
     0.02348000     0.02345176     0.00002824
    -0.02240768    -0.02240830     0.00000062
    -0.02888276    -0.02887083    -0.00001193
    -0.03092664    -0.03092306    -0.00000358
    -0.03210171    -0.03206484    -0.00003686
     0.02471526     0.02468446     0.00003080
     0.01633807     0.01630303     0.00003504
     0.02425329     0.02427456    -0.00002127
    -0.03069156    -0.03070175     0.00001019
    -0.02089843    -0.02088825    -0.00001018
    -0.02089815    -0.02088825    -0.00000991
     0.02736271     0.02737312    -0.00001041
    -0.02647208    -0.02646105    -0.00001103
    -0.02761850    -0.02761293    -0.00000556
    -0.04656203    -0.04655912    -0.00000291
    -0.03226533    -0.03228642     0.00002109
     0.04305285     0.04302190     0.00003095
    -0.04353865    -0.04354124     0.00000258
     0.04152409     0.04147999     0.00004410
    -0.02251345    -0.02251496     0.00000151
    -0.02700880    -0.02700144    -0.00000736
    -0.04490042    -0.04515179     0.00025137
    -0.05926243    -0.05925756    -0.00000487
    -0.03384079    -0.03387560     0.00003482
    -0.02532849    -0.02533104     0.00000255
    -0.03593851    -0.03593722    -0.00000130
    -0.03593843    -0.03593722    -0.00000121
     0.02262597     0.02258763     0.00003834
    -0.02895049    -0.02896484     0.00001435
    -0.03541747    -0.03546938     0.00005191
    -0.03712074    -0.03706782    -0.00005292
    -0.04027146    -0.04027893     0.00000747
    -0.03869628    -0.03867098    -0.00002530
    -0.03218884    -0.03215231    -0.00003653
    -0.03244220    -0.03244091    -0.00000129
     0.04130144     0.04130886    -0.00000741
    -0.03725598    -0.03726215     0.00000617
    -0.03196639    -0.03194449    -0.00002190
    -0.03396566    -0.03395118    -0.00001449
    -0.03129701    -0.03132187     0.00002486
    -0.03857840    -0.03858347     0.00000507
    -0.03857840    -0.03858347     0.00000507
    -0.03990270    -0.03989224    -0.00001046
     0.00006107     0.00003129     0.00012739     0.00020187     0.00083260
