                  1.79467765432647308188
                  1.41091352953304305373
                  0.81901337957481612495
                  0.64454166435518434053
                  0.59687159332793993105
                 -0.57217274147716901123
                  0.37136629444987262483
                  0.26533462785741018797
                  0.23821675013368245888
                  0.46696563357671311278
                  0.62858631918019391982
                  0.94862758627463561467
                  1.05063288791989895010
                 -1.03055932222106894081
                 -1.46616743845862407269
                  1.59846411687446643413
                  1.30732512465838635052
                  1.18174566688661464298
                 -0.84362801935094677841
                  0.55750362357684524195
                 -0.51742268929875190331
                  0.39461146174502648165
                 -0.09140078498678069763
                 -0.15041180996154937533
                  0.12787338568385858695
                  0.85888608901974661247
                 -0.90822322574658576055
                  1.14428780842087340908
                 -1.43724568268749264277
                 -1.66208073622871133068
                 -0.43269358409336233784
