49	2	1
15	15	
1	1006
  0.0509849176755110	  0.1347083427327912	  0.0990346470846311	  0.0884894995957294	  0.0117280658603007	  0.0090713113815392	  0.0402164343074136	  0.0526651000903969	  0.0372143147152041	  0.0526667738673440	  0.0127765962603333	  0.0349449139509635	  0.0768519245525230	  0.0051989238707248	  0.0215461437688581	  0.0744512562921099	  0.0426754876723493	  0.0007897724340237	  0.0045851633958909	  0.0079642700953389	  0.0045853091193522	  0.0070930887234533	  0.0205903913657787	  0.0029067998333590	  0.0022483235280475	  0.0101251196010524	  0.0139687479760860	  0.0177688492114597	  0.0139810357102885	  0.0010210765270091	  0.0017686151807916	  0.0024439626819638	  0.0040818040002138	  0.0082370974927155	  0.0082371254938503	  0.0159419360315471	  0.0205897877688264	  0.0422028000713560	  0.0205910965375247	  0.0012967723897481	  0.0047254985808384	  0.0355373440919335	  0.0034185379165549	  0.0097496335920266	  0.0348741187248468	  0.0005301334218055	  0.0042037414896802	  0.0422225081144981	  0.0161286138380750	  0.0630667822639864
  0.0509849197346254	  0.1347083467810807	  0.7516555574499668	  0.2411330602349169	  0.0117280658603007	  0.0090713113815392	  0.0402164358862376	  0.0526651016424080	  0.1436916676930239	  0.0526667754193551	  0.0127765967126398	  0.0349449148402136	  0.1869368026280068	  0.0051989238707248	  0.0215461437688581	  0.2874106029825498	  0.0659755442769587	  0.0007897724340237	  0.0045851633958909	  0.0079642703979793	  0.0045853091193522	  0.0070930887234533	  0.0205903919607803	  0.0029067998333590	  0.0022483235280475	  0.0101251199478579	  0.0139687483170019	  0.0357295768470512	  0.0139810360512043	  0.0010210765270091	  0.0017686151807916	  0.0024439626819638	  0.0040818040002138	  0.0082370974927155	  0.0082371254938503	  0.0159419366368280	  0.0205897883638279	  0.1116921471050319	  0.0205910971325262	  0.0012967723897481	  0.0047254985808384	  0.0714595821678298	  0.0034185380159089	  0.0097496337873599	  0.0520765967828675	  0.0005301334218055	  0.0042037414896802	  0.1117148837887441	  0.0196852174412972	 -0.0056117905800538
                  0.05051668022645126876
                  0.32959532888194259526
                 -0.41682516961723287130
                 -0.21430718507791685079
                 -0.02601520530374348134
                 -0.39809816552463817008
                  0.20853399623104471039
                  0.35419125282906771535
                 -0.02237110476287017258
                 -0.05197705537440277385
                  0.52115442242327914002
                  0.30068730148243832945
                 -0.12503932431159664462
                 -0.15026601411964674027
                 -0.19064356551242209181
                  0.13806441596700622099
                  0.16781270475038934098
                  0.13259549857035865528
                  0.25380860564220059095
                 -0.03248723390680936102
                  0.06921064840407388508
                 -0.20857775706135980864
                  0.31566444091013889928
                  0.13578660700575442832
                 -0.20134149996533648452
                  0.09339713076817292292
                 -0.16017975322932212490
                 -0.09784404427187462505
                 -0.36841682483553306326
                 -0.35167788702815616642
                  0.16553735504283201285
                 -0.22225050217844508071
                  0.17789530141823817200
                  0.06588199777009595692
                 -0.00437902332307851284
                  0.26861039642597150934
                  0.23360062260109265564
                  0.07192082173578542847
                 -0.27329972676830088796
                 -0.19785626663852573515
                  0.13481570098443604322
                  0.10700146493619314136
                 -0.02714406583806659029
                  0.14839847055240212859
                  0.17626515917217042140
                  0.11007603182871368575
                 -0.37846911762969287496
                  0.00394294872681905193
                  0.34294807075181227285
                 -0.00342338756063855464
                 -0.04966103852391862139
                  0.18816797213663519206
                  0.19743717615375949714
                 -0.11145279683270134519
                 -0.08278135231189254206
                 -0.21981375697103089362
                 -0.41330681304265887155
                  0.42630605709925228908
                  0.29050407572492098485
                 -0.31562577879563719074
                 -0.32052430221594330195
                  0.22939659686504321190
                 -0.08557841117816253340
                  0.40710411413208241749
                  0.29909687592229594610
                 -0.19636869297545703206
                  0.37012315418415536739
                 -0.35388589699200811989
                  0.05972855765705956804
                 -0.12410529463274971862
                 -0.02117047459841023618
                  0.11920132095273702766
                  0.05870423719123107203
                 -0.11775878698945105305
                 -0.36555491863161571064
                 -0.02399877158640945432
                  0.07669209332001344914
                  0.25121711636933513612
                 -0.21226190215346102397
                 -0.14929379431682099355
                  0.12746585001429744377
                  0.02120533682376909285
                 -0.24664338318565540153
                 -0.20075115403148838245
                 -0.23199835876771751630
                 -0.13245356676811498309
                 -0.22144893316256447635
                  0.10557262655958671305
                  0.31099439088942548715
                  0.18249531259664708571
                 -0.11821650081918848307
                  0.22698152739719479332
                 -0.00627862384926816588
                 -0.25857962432509867812
                  0.00978924736839388750
                  0.39310325794491063345
                 -0.12183086891687991415
                  0.01692425101728164266
                  0.36605722858008332699
                 -0.12021302935675999557
                  0.21411912212707762126
                  0.20707159580824602285
                  0.13568430689160052016
                 -0.22729764684785666584
                  0.29548152772652419573
                  0.34099143622677435816
                  0.07423123740953732619
                  0.30417307442814095486
                  0.02684689277690287951
                 -0.22016947847830242724
                  0.08313137627782979377
                 -0.21801947752650926993
                 -0.20186804355000442790
                 -0.13598280344691809907
                  0.03729364387802631964
                 -0.03412910054948804783
                 -0.31621610425835283698
                  0.07887122385626330057
                 -0.02998340021814087028
                 -0.30394893624905777729
                 -0.04246777854456160184
                  0.06618767310154365091
                  0.21431440770586090983
                 -0.23087928652550190889
                 -0.02219160482705801601
                  0.31206507301729746739
                 -0.39336562654848150622
                  0.00871547481428417044
                  0.35178326196984510688
                 -0.01232378478196857058
                  0.08442961862195157152
                  0.27552600128182741512
                 -0.11213510394854574181
                  0.33974878874006464446
                 -0.08001230392359284793
                  0.27212365358209050781
                 -0.06130283970542056704
                 -0.04553323150280874643
                 -0.24690649130570149761
                 -0.28624229597913619649
                 -0.21834457897603251619
                  0.13334755369488987542
                  0.03295239361594955868
                 -0.23505952895100076794
                  0.26139683674108626921
                 -0.18063187982432882261
                 -0.02536765304393760051
                  0.41818598940080015103
                 -0.14035349072385278069
                  0.00351784528094902221
                  0.13327506263170776912
                 -0.21380285527133757739
                 -0.49726723778970771672
                  0.06771409007943504643
                 -0.16027202494338768646
                 -0.35260792711818589318
                  0.09701467090427830231
                  0.33436013795301794405
                 -0.13984465035029855495
                 -0.15889587030231530629
                 -0.22041261048116578269
                 -0.00462043056011662411
                  0.07485902080705041095
                 -0.21214738561865278954
                 -0.43729616200788018476
                 -0.21535062972906746093
                 -0.16696329331827480802
                 -0.43577119900507810257
                 -0.50162708586617388296
                 -0.20429878863028755331
                  0.21147347412658187848
                  0.01821297436805514522
                  0.15170264673791236665
                  0.21588943054213377559
                  0.21458512124632278528
                 -0.10365978135383469017
                 -0.07985395118781499213
                  0.50437541902040328168
                  0.82508852186183434529
                 -0.21564992074175554082
                 -0.10542734793401621618
                  0.55585391922073257298
                  0.42465296743776381749
                  0.19618393954708379656
                  0.28992781695747044113
                 -0.17417532674870350728
                  0.02349587779853046926
                  0.41928923201730344816
                 -0.07555878992539233341
                  0.04789105635524064375
                  0.38967913277072113720
                 -0.33097183820693826251
                  0.15739628844295455723
                 -0.52683564946797523110
                 -0.20011461466538033038
                  0.24169999944943743042
                  0.26436969012245759014
                 -0.19806544237516462981
                  0.37494563820723297853
                 -0.48322087815873165928
                 -0.20098444199523424203
                 -0.43618670701872963580
                  0.07995692752658059566
                  0.07741522636159238469
                  0.32275213006053499187
                  0.34710386722337421839
                 -0.20124901251292845461
                  0.26505085430196489993
                 -0.12497892033820012792
                  0.26861979524562751287
                  0.23437719287873143292
                 -0.01506874155382597127
                 -0.02282189840049949833
                  0.28570813575032538711
                  0.12603530823568326324
                 -0.29767039130191652596
                 -0.05447894434263910596
                 -0.16143124465542110779
                 -0.18259500794305383309
                  0.21517832314968354801
                  0.24092553116616360898
                  0.10639134273404368680
                  0.31404131907638577204
                 -0.35017593479093317432
                  0.03695765470341626918
                 -0.25462016066109460777
                 -0.01773551887435533339
                  0.23179726866322411527
                 -0.08845707713011879969
                 -0.40693903845333245783
                  0.15118333237623693410
                 -0.27188488304422125941
                 -0.31219438722779374595
                  0.34868675977108337660
                  0.22423048188763552990
                  0.21947031338732059247
                 -0.00641851491083429877
                 -0.51142607052032063031
                  0.17395299126555868741
                  0.51684623838280474573
                 -0.12341909738475580205
                 -0.03900352207097686902
                 -0.19198959368479201482
                  0.30347606587639541775
                 -0.08092693575494559755
                 -0.34005266217188473421
                  0.10078482115202810898
                 -0.11760243698516181787
                 -0.30819754014049949298
                 -0.07331042752804657614
                  0.27434754613313117044
                  0.04497391179759201163
                 -0.20073313171745249539
                  0.02904855343622859964
                 -0.05696550217229941204
                 -0.26810076592967102549
                 -0.30072615792032519888
                  0.24370161480615967764
                  0.04233153769990508769
                  0.09738565780605136502
                 -0.25734423571944126108
                  0.15933563127390920622
                 -0.07783918722835046766
                 -0.13416957610705015913
                 -0.25669312397139337767
                 -0.18085528108630116728
                 -0.04580784876776238662
                  0.30850834019786460560
                  0.24571084204794024775
                  0.28402981610634264742
                 -0.17713446177449782004
                  0.08781659989668866295
                  0.03651114662054929377
                  0.01177410142059046559
                  0.15193125596867992910
                  0.10554484391941972021
                  0.38503327616936611211
                  0.12078120743721305896
                  0.08890738452360530397
                  0.05003956273899157897
                 -0.20593416405420000848
                  0.31451626054678383237
                 -0.12683806876188402635
                 -0.12456004864272741950
                  0.56514612236400141310
                  0.04917474800992418377
                  0.39177689582276187252
                 -0.15887116158314101844
                 -0.25190366453805912439
                  0.16605990027625075478
                 -0.27997343607454783232
                 -0.23988019908138122349
                  0.08404657592922998299
                 -0.10703332700469103678
                 -0.24450625827182159711
                 -0.32354730631974898403
                  0.25905154746320280257
                 -0.35704738524693502288
                  0.35893526973835165883
                  0.06049612292865385460
                  0.17860729230888389152
                 -0.10640680635080243532
                 -0.11949924177706836015
                  0.16061781995650462052
                  0.01728454603158728967
                 -0.24672693022868574797
                  0.33172972363797842421
                 -0.31237512442975384763
                  0.20291528266374994627
                  0.05882943355657647977
                 -0.05025889773931215693
                  0.07929605331691501335
                  0.21533726841352243686
                  0.12038558568567053753
                  0.27476427007401726943
                 -0.21404499425752818165
                  0.23384473772000766156
                  0.04015412381097937383
                 -0.12861083835594450120
                  0.04259209267053602060
                  0.09144020984572147348
                  0.46209190954984663557
                  0.30872279781648581665
                 -0.00341005799727670325
                 -0.00643738719872403997
                  0.09579714548035443700
                 -0.09002744376680731075
                 -0.49040654845041875554
                  0.14315095880638406545
                 -0.10389190088284454283
                 -0.39423509583977367488
                 -0.27145999270850296181
                  0.45325814292086447077
                 -0.19491680199191427358
                  0.05523032148333475305
                 -0.06348237969955919380
                 -0.13018885380034558863
                 -0.37355251336969830245
                  0.11675360443539911648
                 -0.11131951568465778268
                  0.12019634061274832304
                 -0.12507437692418782449
                 -0.06876404371614948385
                  0.21505887925401548366
                 -0.18018416101051332179
                 -0.12817189318541544196
                 -0.58129919343470193294
                  0.07656515244036372903
                 -0.08877694247413768502
                 -0.17845707134398400284
                 -0.00734884961423594007
                  0.50266840390574996089
                 -0.20614248466323056852
                  0.02838884713571333471
                  0.24533004737852159849
                 -0.35887205931103599577
                  0.10831040822640435051
                  0.36251153987576345550
                 -0.50864814552673831560
                  0.25118206100689660643
                 -0.08901688412896983926
                  0.23657113111909899850
                 -0.24610542777654242919
                  0.36594783833509941795
                 -0.05452748057807543791
                 -0.21493017097901495616
                  0.14091352059708672773
                  0.04353615800030943145
                  0.27338463296265602676
                  0.37579263606181201318
                 -0.34126103571524968316
                 -0.14553786545854166534
                 -0.20663689497380618998
                  0.06369209229012710860
                  0.14142725612249376632
                  0.13525991073853962932
                  0.25675458468840817172
                 -0.36308187475958586532
                 -0.12215955530789504579
                 -0.18210295197657488941
                  0.39810487082680356963
                 -0.06216045581687572319
                 -0.41239186687916096208
                  0.25422614749857302963
                 -0.20158447767841400355
                  0.06614333797113569613
                 -0.17606133054754000145
                  0.00627884711686995875
                 -0.00305733148487251707
                  0.13157635332324560395
                  0.03534131545374490091
                  0.42097704534273133747
                  0.00111061909587838702
                 -0.09058630550489236988
                  0.28745771451406981756
                 -0.06014222201973055265
                 -0.14173952389213212433
                  0.25471352248455336742
                  0.30238891014802354862
                  0.11855804442062872761
                  0.31795098393909693169
                  0.09613465636813298132
                 -0.21695236508216036997
                 -0.33107287746157637587
                  0.20051663274770184509
                 -0.19870057615601074974
                 -0.31568294426576454237
                 -0.25848875986936908911
                 -0.20188239484986597594
                  0.21539604629760072951
                 -0.01578368567890348767
                 -0.09292869478884428769
                  0.29279168477844952356
                 -0.05632099028268083840
                  0.28245446256415085440
                 -0.36349013079617159550
                  0.34288578769952249292
                 -0.19850485997766076363
                 -0.02633373377753824365
                  0.20897549150464503342
                  0.11703955618058546617
                  0.18557587351283721944
                  0.25687315059470883227
                 -0.12376679638007556661
                  0.08577935401979369656
                  0.07232713374290744568
                 -0.41747836421120665396
                  0.06651643782340864453
                 -0.09677355492365163903
                  0.06201863980066884413
                 -0.06545689287585140792
                 -0.21232442592153194516
                 -0.26941511877466456371
                  0.06123490693961263637
                  0.24618144283684803564
                  0.21530136477252431737
                 -0.02187823192352148644
                  0.11946192456601219256
                  0.34083347077530057323
                 -0.29118326185159937314
                 -0.38847451183037495781
                 -0.08167176655971293553
                  0.10428395484883243305
                  0.21927599145153733873
                  0.36533601267002574486
                 -0.17416210032820556020
                  0.28030933307822331058
                  0.24758757784206780750
                 -0.00999992345254008957
                  0.12170391452849922687
                 -0.06322175993819674489
                  0.17013213061726151221
                 -0.15628060326918627454
                  0.21564931814796323151
                  0.26243645976032037304
                 -0.25853960334153547329
                 -0.11131975331209283120
                  0.05807293755598069707
                 -0.11495644504489287152
                  0.24868810943938007840
                  0.29798990150470033855
                 -0.15028434401398466091
                 -0.32398629906842063564
                  0.33400692288871797198
                 -0.11093217688931444886
                 -0.29108631589085437463
                  0.43208894984139933904
                  0.17959758545834500487
                 -0.35185774283764686965
                  0.40768448337598200970
                 -0.41126756248320361919
                 -0.15570274980872270132
                 -0.23750421495347337486
                 -0.17298424267326034665
                 -0.01497190276910262928
                  0.15354662003086383404
                 -0.07503873939503315216
                  0.01583894662160100636
                 -0.28698970220321501357
                  0.17676489257681035627
                  0.12340046576133256728
                  0.43132808405565187249
                 -0.31111973941166953805
                  0.12192304646052889994
                  0.28364059751990383651
                  0.03536644537002255062
                 -0.03042900744981145295
                  0.10762977456367091300
                 -0.03384296067733008617
                 -0.46669156585344201416
                  0.04165169731524005770
                 -0.31975270700449520689
                 -0.02902518431205116864
                 -0.02237521285040638269
                  0.17100017713944329345
                  0.00272570879486364569
                 -0.16749395936274297236
                  0.33509375646344063959
                 -0.17044546953460301686
                  0.14364962806727310518
                 -0.02253581231962498502
                  0.21514752286424546068
                  0.23837995689603244664
                  0.31652511148108641859
                  0.22566443262351043586
                  0.11982018176807385235
                 -0.40710914863480479609
                 -0.35236884167863874451
                  0.02681345531020476458
                  0.02029897977806546100
                  0.22389340456993622741
                 -0.27467760723367873332
                  0.30026267113041321677
                 -0.20239072217533443654
                 -0.08622924765615926079
                  0.09693445312344969866
                  0.13325275169695391386
                  0.26384838269578719805
                  0.09730351675701919001
                  0.24045441637646858268
                 -0.03546578909044774408
                 -0.01091120152377319380
                  0.23367437782510358524
                 -0.39233161590581616673
                  0.34670304004300983580
                 -0.12918224226380622954
                  0.15508456317590893492
                  0.08295747086980205520
                 -0.19230561125370762565
                  0.04148363143375193018
                  0.15291337867290485941
                 -0.21272175354214392651
                  0.08921474595348052872
                 -0.12653132501583788661
                 -0.25471001478065341539
                 -0.33982383384530701065
                 -0.09563526705573081876
                 -0.07313913397112666026
                  0.05777855224345337937
                 -0.44865717399970728163
                  0.14023396017709618966
                 -0.18846729026091746384
                 -0.18176487595661969254
                  0.27665682403832003722
                  0.24348353307266909495
                  0.19575766094795288286
                  0.09748240480526582097
                 -0.21550700643968090375
                 -0.38971236926015578872
                 -0.21095573850385590520
                  0.25116429796702449684
                  0.15737676726682747752
                 -0.26387261456976091045
                  0.17908859076387192988
                  0.18316045359690108496
                 -0.08289844150596266392
                  0.13259109822968354053
                  0.39159595315614331712
                 -0.09653219705877397194
                  0.45723752644214665786
                  0.25427479102601741046
                 -0.28663421206353417725
                  0.52196353455835731161
                  0.23976357086422359077
                 -0.05702075040059020189
                  0.01706023960143402546
                 -0.22926250839733097742
                  0.05275596957940693194
                 -0.05548398286318381029
                 -0.06140674666404118132
                 -0.09520674865796885378
                  0.22119963786614763035
                 -0.48320500581522296546
                 -0.29046694177699011741
                 -0.00068051085765532399
                 -0.31864977330575144920
                  0.15439573569321632385
                  0.04429165791365616972
                 -0.16576846907813480581
                 -0.26420782762689065670
                  0.07921198546631337545
                  0.21973561804019600685
                 -0.08981355799016313424
                  0.24342807297590524085
                  0.01597711238113138504
                 -0.32536760753432969473
                 -0.07811615228444432346
                 -0.09734095413263982310
                  0.12080406050808704943
                 -0.07170323607446191239
                  0.06576289647024689822
                 -0.75247151853501370589
                 -0.11110832748557006311
                 -0.21389447898606211984
                 -0.38812863769321309659
                  0.01919201117253260813
                  0.00236485345151681708
                  0.26889266283267276858
                 -0.00029324683770222274
                  0.35324548646671233287
                 -0.63290922916690650624
                  0.19875331342528196332
                  0.29924413519607001577
                  0.30606807046431888653
                 -0.23563998272459993344
                  0.00182917176486645326
                  0.04049129762337468075
                  0.19828826338405972085
                 -0.07795980736056408456
                  0.16599733270615571468
                 -0.30425405263581911663
                  0.28599406205232613676
                  0.07519017573200184601
                 -0.17499900177099403376
                  0.24742785564822189492
                 -0.25636917341768905576
                 -0.18572563861073351776
                  0.17309368092038401876
                  0.30733334613863072526
                  0.17512088789270041644
                  0.21197325813754536172
                  0.37058104878803538318
                  0.18228544709846347671
                 -0.45371585843004180738
                 -0.24398198700814910378
                  0.40853303839144300413
                  0.12336062399370761877
                 -0.01289024099530920384
                  0.16291412035444730044
                 -0.01160421772245458921
                  0.50283840526497547430
                  0.22317353636836073649
                  0.15441495245461139829
                 -0.06944168274409495689
                 -0.18651912245706628313
                  0.07676293491060068308
                  0.17465417455685217085
                  0.07997982269390152554
                 -0.01921293666142226061
                 -0.15146617125612810151
                 -0.09788028407549255461
                 -0.28560832542457964545
                 -0.00382802161940922923
                  0.02700655473065103479
                  0.39262612125132584362
                  0.22585723359004661326
                 -0.01778052595139094361
                  0.31425531624072594594
                  0.33697581043745927776
                  0.24456758431717673385
                 -0.26330600678377458213
                  0.18796658373952532251
                  0.15206859563553523640
                 -0.09563598227166884846
                 -0.15251711589546215753
                 -0.01217773091642316077
                  0.16548795209108224658
                 -0.07683370014688750693
                 -0.26492104494965534878
                 -0.36560819533013538818
                 -0.22898144784569099408
                 -0.00774409115012329990
                 -0.31693393964334487523
                  0.20166517948657936010
                  0.16430115999774480562
                 -0.13414525123721965372
                 -0.18549080340114962318
                  0.22096537771661248217
                 -0.01802177578194854093
                 -0.20824565597567520903
                 -0.12766129007157553388
                  0.24303755892045858511
                 -0.04488641869218844976
                  0.23762834946688485283
                 -0.11645925518772697049
                  0.16368806974451627356
                 -0.03647845968169664138
                 -0.27603834341145788711
                  0.32569055610111602439
                 -0.29057564425338855418
                 -0.01033453411752782887
                 -0.23175961962363469948
                  0.17995815576332574448
                  0.19569854785256068919
                 -0.17025703401156194738
                 -0.32666051715709576442
                 -0.03416612885132646465
                  0.15020340914193924808
                 -0.07954334332525701823
                  0.47419920501988122030
                 -0.19897971734191136073
                  0.31899664611395595060
                  0.01921474629717476873
                  0.19759328887316721102
                 -0.15693317340739107446
                 -0.06776697223699498784
                  0.02640502908831569850
                 -0.18042299355828347873
                  0.29873571602575232919
                  0.08836395216698056387
                 -0.31272050786163907432
                 -0.06575445260348537768
                 -0.02404342463839905311
                 -0.30433267311156703139
                 -0.18169826029303026704
                  0.34130178673147004709
                  0.27478063326739460281
                 -0.36284508965446232720
                 -0.10654592529882231378
                  0.20603744736728757392
                  0.23406340697233460335
                 -0.18731567491984107976
                 -0.09091247423722709220
                 -0.10186837619399165267
                  0.50349648020335868726
                 -0.22152849198867957670
                 -0.07089346554960855584
                 -0.15538604427728608393
                  0.20130723552347470906
                  0.01516735625981004316
                 -0.10514309389624303115
                 -0.10993753475456805035
                 -0.27135730482743697367
                 -0.28893587057115216465
                  0.21327094480585825909
                  0.23504199704909159441
                  0.16234920596578808483
                 -0.06028156414535007501
                 -0.10471932558763774601
                 -0.27948559496546304670
                 -0.37487276082751314066
                 -0.13633377467577853515
                  0.24779785605009727045
                 -0.09615747537834429259
                 -0.34693210295262449927
                 -0.32343030747230949729
                  0.31323710377002261795
                  0.67225735550577625510
                 -0.51120547024037132910
                  0.20338060968524585004
                 -0.24764590696276281290
                 -0.52555792605441276066
                 -0.39620551349499039118
                  0.76306880942289012637
                  0.25224209745480186129
                 -0.30576178040740953357
                  0.47501851363471497836
                 -0.48881983006134355207
                  0.36522688039548345529
                  0.43149859260017059404
                  0.64994848572997043767
                 -0.46207006038551873273
                 -0.29469812862140404297
                  0.72893399421988924747
                 -0.32733428183037416304
                 -0.73017391940204035006
                 -0.37021219064518162689
                 -0.59463629202276147012
                  0.45165697371077873079
                 -0.63963566704753760384
                 -0.18013194266927254339
                  0.05705289602458527703
                 -0.28787293958332993427
                  0.42751711037029982432
                 -0.54773352733986835350
                 -0.48777424346462744387
                  0.74717590963956159733
                 -0.26774185975069775267
                 -0.29630005670503462012
                 -0.36642980768861604934
                  0.61873722063738934018
                 -0.13937114510850637239
                  0.00588330558805366839
                 -0.57403232805726411847
                 -0.50647482237360541557
                 -0.49798651321302733752
                  0.49342993120001149565
                 -0.21869919201999021841
                  0.29888090658557064927
                 -0.30038985483887814532
                  0.46871235934716060090
                  0.25469553488862994861
                 -0.63125714244047193002
                 -0.91515935989884233948
                  0.01289934872808910608
                  0.24979905069997770939
                  0.12169910795558454286
                 -0.56476220965743439972
                 -0.34623498866043400657
                  0.48141091673422142794
                 -0.02050643830779630070
                 -0.50327319956856175764
                 -0.25853387056212279171
                 -0.69496250473392118252
                  0.38720150082861376495
                 -0.30638562330097107722
                  0.00659482761947352992
                 -0.20381997923963579566
                  0.37047723354979483767
                 -1.10928135035065600356
                  0.20764381378301988157
                  0.32795148097065013326
                 -1.12318629045850393311
                  0.32686036689077041517
                 -0.12743643586039615778
                  0.66548186346417559367
                 -0.80350529727283148684
                 -0.66516150964393638834
                 -0.31045103932217033016
                  0.35741338532678906814
                 -0.54965958686323146409
                 -0.09399537744922946414
                 -0.25826029303140546345
                 -0.38433820391039535957
                 -0.35781935562479660895
                  0.78631027380683105044
                  0.80825338757165721137
                 -0.58084350845630561277
                  0.39762571353159043008
                 -0.04052715452321268425
                 -0.28696476565626555244
                  0.46053932966901800494
                  0.30114502594175385219
                 -0.25251705489423026396
                  0.34009344294893190108
                 -0.65577335023118399349
                  0.50361412351869105919
                  0.64977821954852432729
                  0.07030364151366268188
                  0.05746140646202274604
                  0.39037804909182483026
                  0.84412844082987770200
                 -0.44730752911104193492
                 -0.28372352205768680555
                 -0.27671464496705661107
                 -0.21943795605227098267
                 -0.09571145682653182940
                 -0.24278348185703099715
                 -0.31690840902437394933
                  0.30502647428154927578
                  0.43614953368368325481
                  0.18349725699568297799
                  0.21231861865166556935
                  0.82056513228164118523
                  0.48547011071485279832
                  0.07644173479789989623
                  0.37778488940442400690
                 -0.22881474834464105017
                 -0.79307526752737378395
                  0.38777140793756215142
                  0.67988294095921364413
                  0.26395538176039062828
                 -0.28140282300114577430
                  0.12304167477562485966
                 -0.49815601187122604543
                 -0.42016791624860388987
                 -0.39181879369629185605
                  0.45719986269111412280
                 -0.03486105494865406745
                 -0.09747965914931905340
                  0.61024470255585017142
                  0.22273190306467405275
                 -0.72260778922956558912
                 -0.42561730414286530477
                 -0.15679681136094061888
                  0.59326487188544307916
                  0.11006885139740452129
                 -0.27959352927780972697
                  0.05952028743139758243
                  0.94669642597997727407
                 -0.37038249369219994334
                 -0.53535605335914704384
                 -0.81071620448308967521
                 -0.07289050491098722495
                 -0.19322387533788434877
                  0.02346783764299259500
                  0.25612816121359727184
                 -0.44581577406381062145
                  0.53572195602297967287
                 -0.27860255141134743218
                  0.18614069409842290415
                 -0.70478532337392651996
                 -0.28873531291508081065
                 -0.20113608187062342880
                  0.62352520411692413660
                 -0.51098303351724749799
                  0.67425162135579941314
                  0.12327112385716280929
                  0.41024971933274767544
                 -0.04143871470809208646
                  0.24027748706184565153
                  0.50176122572360248864
                 -0.36982583573859401094
                  0.74402137751512875674
                  0.01995104391709662944
                  0.20932277386989656121
                  0.48603512744267757251
                 -0.02487536923188015184
                 -0.25198640235850267022
                 -0.50979067397788990768
                  0.49667123227584925038
                 -0.33378134712912871374
                 -0.06826734390152808252
                  0.67160753884696788862
                 -0.50528263380082838463
                  0.59630995672940578789
                  0.64772071097990224775
                 -0.09771293970759657721
                 -0.37249542358592313551
                  0.39459255385689884221
                 -0.37315053585783003465
                 -0.28870852307165068007
                  0.05718829962923668159
                  0.10853837959122498991
                 -0.66652943763340233296
                  0.46965822147051011770
                 -0.68876796360755809800
                 -0.37079181708222980207
                  0.89729145559256473508
                 -0.47831352701824131346
                  0.53588918134372431901
                  0.03190121688894115293
                 -0.97789248018606778068
                  0.19022275031498028786
                  0.29032608688440847411
                  0.35322961669205699131
                  0.09808898926350290148
                  0.67994154269520168388
                 -0.43037420250683156020
                  0.10698435901069475173
                 -0.11620778451917905538
                 -0.75943904638764647697
                  0.60811324391983323512
                 -0.00620610850585748622
                  0.04504212922733796809
                 -0.85476402947082541495
                 -0.16373312870914863426
                  0.65920783148376604910
                 -0.29322804638383670461
                  0.15044407482816621324
                  0.52448122760355297967
                 -0.36089698137166914549
                  0.26661886399874162867
                 -0.23635579234657250192
                  0.19915635107169782358
                 -0.59853709247087150125
                  0.07460170290148147865
                  0.00818091050037231780
                 -0.37672887777935448739
                  0.25512040488482828904
                 -0.37163883565694644240
                  0.33106779031051358775
                 -0.65318482625841600697
                  0.56123832131819728630
                  0.05389139628665966936
                  0.27103921068049052767
                  0.65678450327839599243
                 -0.14483593816441317492
                 -0.52959668119795921815
                 -0.65874236587568513190
                 -0.46009218446901478661
                 -1.01380875048325203025
                  0.33095225348084006400
                  1.27140541712638888150
                 -0.88126398283004603318
                 -0.82791297733040647433
                 -0.32077446494959022116
                 -0.97857951901328110722
                 -1.24336518482273250541
                  0.31191913934572351730
                 -1.09814826186102165728
                  0.16094883442272800433
                 -1.22297491792018941936
                  0.17085551214049216062
                 -0.12545693364815441173
