     0.00013105     0.00023378    -0.00010273
     0.02248545     0.02248420     0.00000124
    -0.01472814    -0.01473883     0.00001069
     0.03938440     0.03932156     0.00006284
    -0.00835920    -0.00827079    -0.00008841
     0.01503587     0.01503878    -0.00000291
     0.00008727     0.00001455     0.00007272
    -0.02133286    -0.02126464    -0.00006822
    -0.02912807    -0.02911778    -0.00001030
    -0.01862652    -0.01858231    -0.00004422
     0.01521862     0.01494820     0.00027043
     0.00163704     0.00159761     0.00003943
    -0.00086611    -0.00076885    -0.00009726
     0.02370240     0.02366417     0.00003822
    -0.00005693    -0.00003875    -0.00001818
    -0.01545324    -0.01543795    -0.00001529
     0.02800090     0.02790406     0.00009683
     0.01375955     0.01373091     0.00002864
    -0.02915009    -0.02907925    -0.00007084
     0.01361105     0.01390316    -0.00029210
     0.02544344     0.02542950     0.00001394
    -0.00275083    -0.00282489     0.00007406
     0.03055158     0.03056063    -0.00000905
     0.01867354     0.01885780    -0.00018426
     0.04042456     0.04030893     0.00011562
     0.02956705     0.02967044    -0.00010339
     0.04064772     0.04065777    -0.00001005
     0.00783462     0.00787182    -0.00003720
    -0.00106399    -0.00101923    -0.00004476
    -0.00287785    -0.00297566     0.00009781
    -0.00785737    -0.00783540    -0.00002197
     0.03260876     0.03282331    -0.00021454
    -0.01014865    -0.01012963    -0.00001902
    -0.01674700    -0.01673191    -0.00001509
     0.01755034     0.01758664    -0.00003631
     0.03207763     0.03204758     0.00003004
     0.03335830     0.03336747    -0.00000916
    -0.01619026    -0.01619790     0.00000764
    -0.01555860    -0.01563312     0.00007452
     0.02413010     0.02411373     0.00001637
    -0.00133532    -0.00129723    -0.00003808
    -0.01508177    -0.01500320    -0.00007858
    -0.00062769    -0.00067836     0.00005068
     0.04314458     0.04308867     0.00005591
    -0.00200785    -0.00201820     0.00001036
    -0.00702680    -0.00701597    -0.00001082
    -0.00672682    -0.00664212    -0.00008470
    -0.00113961    -0.00106320    -0.00007641
    -0.00016931    -0.00020888     0.00003957
    -0.03058620    -0.03048423    -0.00010197
    -0.01978553    -0.01955859    -0.00022694
     0.00390677     0.00373000     0.00017677
    -0.02415895    -0.02400989    -0.00014906
    -0.00141415    -0.00145777     0.00004363
    -0.00150210    -0.00133057    -0.00017153
    -0.00046861    -0.00037858    -0.00009002
    -0.00948352    -0.00944552    -0.00003801
    -0.00063144    -0.00044568    -0.00018576
     0.02863800     0.02862253     0.00001547
    -0.02603109    -0.02602648    -0.00000461
     0.03337656     0.03335020     0.00002636
     0.00847001     0.00849388    -0.00002387
     0.00721630     0.00715250     0.00006380
     0.01381827     0.01359659     0.00022168
    -0.01201883    -0.01196476    -0.00005407
     0.00003924    -0.00005743     0.00009667
    -0.00226382    -0.00215639    -0.00010743
     0.00662306     0.00673636    -0.00011330
     0.00540130     0.00545666    -0.00005536
    -0.01086975    -0.01079146    -0.00007829
    -0.00046297    -0.00036935    -0.00009363
    -0.00915903    -0.00920090     0.00004187
     0.02074457     0.02073229     0.00001228
    -0.01618160    -0.01625128     0.00006967
     0.00505637     0.00518333    -0.00012696
    -0.00045593    -0.00036074    -0.00009519
    -0.01848072    -0.01845180    -0.00002892
    -0.00072581    -0.00084513     0.00011932
     0.02089919     0.02082868     0.00007051
     0.01791889     0.01793330    -0.00001441
    -0.00573270    -0.00564664    -0.00008607
     0.01941832     0.01948085    -0.00006254
    -0.03183324    -0.03184577     0.00001253
     0.02524346     0.02505850     0.00018496
     0.01616871     0.01624895    -0.00008024
     0.03466148     0.03458083     0.00008066
     0.02785445     0.02782518     0.00002927
    -0.01749445    -0.01742016    -0.00007428
     0.00298199     0.00306446    -0.00008248
     0.01512031     0.01512861    -0.00000831
     0.02495826     0.02517002    -0.00021177
     0.01682347     0.01681726     0.00000621
    -0.02238700    -0.02245863     0.00007164
     0.02828273     0.02813220     0.00015052
     0.03404215     0.03394838     0.00009377
     0.01266883     0.01230596     0.00036287
    -0.00046798    -0.00037904    -0.00008894
     0.00920899     0.00930522    -0.00009624
     0.03655798     0.03653930     0.00001868
     0.00619568     0.00616929     0.00002639
    -0.00361196    -0.00356876    -0.00004320
    -0.00463960    -0.00467640     0.00003681
    -0.00867091    -0.00865801    -0.00001290
    -0.00867118    -0.00865801    -0.00001318
    -0.00893981    -0.00894017     0.00000036
    -0.00808837    -0.00803481    -0.00005356
    -0.01001722    -0.00999338    -0.00002384
    -0.00585467    -0.00583098    -0.00002368
    -0.00891763    -0.00889491    -0.00002272
    -0.00455508    -0.00459329     0.00003821
    -0.00611478    -0.00604475    -0.00007003
    -0.00781340    -0.00777642    -0.00003698
    -0.00544089    -0.00541059    -0.00003030
    -0.00429330    -0.00424244    -0.00005087
    -0.00567208    -0.00564616    -0.00002592
    -0.01211699    -0.01209170    -0.00002529
    -0.00433075    -0.00432455    -0.00000619
    -0.01094752    -0.01089826    -0.00004926
    -0.03422022    -0.03422318     0.00000296
    -0.00693346    -0.00692682    -0.00000664
    -0.02450617    -0.02450963     0.00000346
    -0.00440288    -0.00438377    -0.00001911
    -0.00480159    -0.00473950    -0.00006209
    -0.00630354    -0.00628105    -0.00002250
    -0.00778556    -0.00777424    -0.00001132
    -0.01037418    -0.01035837    -0.00001581
    -0.00795430    -0.00795145    -0.00000285
    -0.00466085    -0.00464967    -0.00001118
    -0.01057690    -0.01057753     0.00000063
    -0.01878446    -0.01875282    -0.00003163
    -0.00562865    -0.00558933    -0.00003932
    -0.00502047    -0.00499173    -0.00002874
    -0.00731921    -0.00730485    -0.00001436
    -0.01396905    -0.01394771    -0.00002134
    -0.00686690    -0.00681974    -0.00004716
    -0.02438592    -0.02434250    -0.00004342
    -0.01048574    -0.01047152    -0.00001422
    -0.03169354    -0.03168759    -0.00000595
    -0.00549001    -0.00549577     0.00000577
    -0.00571137    -0.00567063    -0.00004074
    -0.01949715    -0.01948868    -0.00000847
    -0.01094850    -0.01098808     0.00003958
    -0.00841934    -0.00841992     0.00000059
    -0.00841950    -0.00841993     0.00000042
    -0.00626265    -0.00628723     0.00002459
    -0.01084537    -0.01082302    -0.00002235
    -0.00906841    -0.00909128     0.00002287
    -0.01028207    -0.01026511    -0.00001696
    -0.01699286    -0.01700990     0.00001704
    -0.01644292    -0.01639243    -0.00005048
    -0.00944453    -0.00941272    -0.00003180
    -0.00947258    -0.00946965    -0.00000294
    -0.00636357    -0.00637606     0.00001249
    -0.00661726    -0.00662813     0.00001087
    -0.00782316    -0.00780505    -0.00001812
    -0.00798447    -0.00795525    -0.00002922
    -0.01109977    -0.01108766    -0.00001211
    -0.00743848    -0.00742325    -0.00001522
    -0.00791900    -0.00790770    -0.00001130
    -0.01626299    -0.01625600    -0.00000700
    -0.01359048    -0.01356856    -0.00002192
    -0.00793721    -0.00790809    -0.00002912
    -0.00837104    -0.00830968    -0.00006136
    -0.00840990    -0.00834898    -0.00006092
    -0.01651494    -0.01657176     0.00005682
    -0.01022517    -0.01022186    -0.00000330
    -0.00702184    -0.00700984    -0.00001200
    -0.01029507    -0.01029337    -0.00000170
    -0.03047311    -0.03046360    -0.00000950
    -0.01085269    -0.01081878    -0.00003391
    -0.01864614    -0.01856487    -0.00008127
    -0.01145975    -0.01144129    -0.00001846
    -0.01119615    -0.01118514    -0.00001101
    -0.00846625    -0.00840776    -0.00005849
    -0.00801764    -0.00797905    -0.00003860
    -0.00888648    -0.00880837    -0.00007811
    -0.01569887    -0.01566065    -0.00003823
    -0.00865929    -0.00858494    -0.00007434
    -0.02532849    -0.02531154    -0.00001695
    -0.01228872    -0.01224884    -0.00003988
    -0.01900661    -0.01903372     0.00002711
    -0.01073367    -0.01072587    -0.00000780
    -0.01273253    -0.01269328    -0.00003925
    -0.01513231    -0.01511003    -0.00002228
    -0.01690129    -0.01684268    -0.00005861
    -0.01799130    -0.01794624    -0.00004506
    -0.01756253    -0.01755983    -0.00000270
    -0.01969966    -0.01969222    -0.00000743
    -0.01501282    -0.01496569    -0.00004713
    -0.01471695    -0.01468007    -0.00003688
    -0.00851882    -0.00845952    -0.00005930
    -0.00903168    -0.00897186    -0.00005981
    -0.01107365    -0.01105982    -0.00001382
    -0.01860159    -0.01858038    -0.00002122
    -0.01849427    -0.01846243    -0.00003184
    -0.00949332    -0.00945711    -0.00003620
    -0.01890127    -0.01887400    -0.00002727
    -0.03255078    -0.03254241    -0.00000836
    -0.01214180    -0.01211772    -0.00002408
    -0.02514811    -0.02514156    -0.00000655
     0.00007578     0.00006993     0.00010575     0.00012511     0.00036287
