                  1.48097535685101688863
                 -1.63504000014220896020
                  0.89403049856537086804
                  1.32786299869460178158
                  0.40821482652146939829
                 -0.28807496217331385324
                 -0.17553719353134575321
                 -0.19736626865052184221
                 -0.22873740268450326596
                 -0.50902607092794793786
                  0.50742151296286963635
                  0.75204174354917385781
                  1.07163599719472157901
                 -1.25669119879231816483
                  1.37938357775363784619
                 -1.71411816031388997139
                  1.48750852514593057130
                  1.16177794292518399288
                 -0.94913952576001736627
                  0.78643839561456030385
                  0.47012827007504925936
                 -0.34788615042428855384
                 -0.18667971851090331414
                  0.25717093206651975290
                  0.59179638478657414780
                  0.76219553617081692298
                 -0.92433841799608451595
                  1.26758249652214005643
                 -1.43855678254753627243
                  1.49708736981468426563
                  0.53548819899372845921
