    -0.00103343    -0.00114440     0.00011097
    -0.00747023    -0.00759332     0.00012308
    -0.00563668    -0.00554312    -0.00009356
    -0.00095749    -0.00102759     0.00007011
    -0.00051163    -0.00045499    -0.00005664
     0.02273479     0.02279955    -0.00006476
     0.02194552     0.02176640     0.00017912
    -0.02411051    -0.02410853    -0.00000198
    -0.01091158    -0.01091088    -0.00000069
    -0.00047024    -0.00046169    -0.00000855
     0.01570511     0.01585126    -0.00014616
    -0.02315901    -0.02314433    -0.00001468
    -0.03150341    -0.03158510     0.00008169
    -0.00047141    -0.00048722     0.00001581
    -0.01143482    -0.01133251    -0.00010231
    -0.00247240    -0.00251831     0.00004591
    -0.01208986    -0.01220184     0.00011198
    -0.01363641    -0.01366015     0.00002373
     0.02277601     0.02273935     0.00003666
     0.00002977     0.00017873    -0.00014896
     0.01393147     0.01388500     0.00004647
    -0.00030360    -0.00018887    -0.00011473
     0.00007391     0.00018098    -0.00010707
     0.00893285     0.00919745    -0.00026461
     0.02382433     0.02377604     0.00004829
     0.01333850     0.01310930     0.00022921
     0.01761858     0.01767134    -0.00005275
    -0.04233945    -0.04229986    -0.00003959
     0.01439341     0.01454941    -0.00015600
     0.02824735     0.02836319    -0.00011584
    -0.00027677    -0.00024287    -0.00003390
     0.00283834     0.00279477     0.00004357
    -0.00417689    -0.00418670     0.00000981
     0.02639518     0.02645052    -0.00005534
    -0.00053179    -0.00050744    -0.00002435
    -0.01616269    -0.01574151    -0.00042118
    -0.00479927    -0.00498237     0.00018310
    -0.00048191    -0.00049628     0.00001436
    -0.02854991    -0.02852604    -0.00002387
     0.01998067     0.01996597     0.00001470
     0.01113640     0.01091598     0.00022042
    -0.00666434    -0.00671206     0.00004772
    -0.00051879    -0.00061383     0.00009505
    -0.01757262    -0.01756523    -0.00000740
     0.02201864     0.02200254     0.00001610
    -0.00047721    -0.00043338    -0.00004383
    -0.02422047    -0.02419571    -0.00002476
     0.01964436     0.01977736    -0.00013300
     0.00225008     0.00228347    -0.00003339
     0.03225586     0.03220720     0.00004866
     0.02913561     0.02918808    -0.00005247
    -0.01619056    -0.01609124    -0.00009932
    -0.00200548    -0.00197516    -0.00003032
    -0.00045595    -0.00044264    -0.00001332
     0.01208009     0.01202238     0.00005771
    -0.00896974    -0.00904744     0.00007769
     0.02620465     0.02618081     0.00002384
    -0.00098935    -0.00080383    -0.00018552
    -0.00859779    -0.00872249     0.00012470
     0.03272107     0.03271652     0.00000455
    -0.03343134    -0.03337535    -0.00005599
     0.02419492     0.02412507     0.00006985
     0.00007391     0.00018098    -0.00010707
    -0.00065571    -0.00049661    -0.00015910
     0.01074531     0.01082774    -0.00008243
    -0.00058205    -0.00053313    -0.00004892
    -0.00084671    -0.00065063    -0.00019608
    -0.03750039    -0.03735002    -0.00015037
     0.01409792     0.01424038    -0.00014246
    -0.02057867    -0.02057358    -0.00000508
     0.02537503     0.02542389    -0.00004887
    -0.00045296    -0.00049285     0.00003989
    -0.01578070    -0.01565152    -0.00012918
     0.01248524     0.01243877     0.00004647
    -0.00284914    -0.00290259     0.00005345
    -0.00600493    -0.00584460    -0.00016033
    -0.00050039    -0.00041553    -0.00008486
    -0.00059745    -0.00046323    -0.00013422
    -0.00019290    -0.00025118     0.00005828
     0.03147427     0.03149860    -0.00002433
     0.00795645     0.00785884     0.00009760
    -0.00189810    -0.00208279     0.00018469
     0.03498712     0.03503905    -0.00005193
     0.02151101     0.02146694     0.00004407
     0.01645249     0.01644080     0.00001169
     0.02972218     0.02967561     0.00004657
    -0.00037407    -0.00025519    -0.00011889
    -0.00654121    -0.00665187     0.00011067
    -0.00045661    -0.00050865     0.00005204
     0.02942996     0.02949695    -0.00006700
    -0.00057990    -0.00047260    -0.00010730
    -0.00422854    -0.00433878     0.00011024
     0.00193402     0.00197430    -0.00004028
     0.00932221     0.00936693    -0.00004472
    -0.01980126    -0.01982330     0.00002204
     0.02062277     0.02076363    -0.00014086
    -0.00179149    -0.00166163    -0.00012986
    -0.00602283    -0.00609032     0.00006749
    -0.00168770    -0.00162076    -0.00006694
     0.01996570     0.01997533    -0.00000963
    -0.00504905    -0.00506373     0.00001469
    -0.00656624    -0.00652645    -0.00003979
    -0.00377373    -0.00374363    -0.00003010
    -0.01289695    -0.01292183     0.00002488
    -0.00199840    -0.00201690     0.00001849
    -0.00199840    -0.00201690     0.00001849
    -0.00199840    -0.00201690     0.00001849
    -0.00199840    -0.00201690     0.00001849
    -0.00199813    -0.00201690     0.00001877
    -0.00199813    -0.00201690     0.00001877
    -0.00199813    -0.00201690     0.00001877
    -0.00199813    -0.00201690     0.00001877
    -0.00199813    -0.00201690     0.00001877
    -0.00199813    -0.00201690     0.00001877
    -0.00199813    -0.00201690     0.00001877
    -0.00199813    -0.00201690     0.00001877
     0.02287517     0.02281974     0.00005543
    -0.00401749    -0.00401545    -0.00000204
    -0.00371278    -0.00374150     0.00002872
    -0.00423755    -0.00425932     0.00002177
    -0.00366341    -0.00364663    -0.00001679
    -0.00360031    -0.00358560    -0.00001472
     0.02466241     0.02467073    -0.00000832
    -0.00535474    -0.00535581     0.00000107
    -0.00600618    -0.00600013    -0.00000605
    -0.00345293    -0.00344429    -0.00000864
    -0.00978497    -0.00978987     0.00000490
    -0.00331184    -0.00331456     0.00000271
    -0.00814437    -0.00812769    -0.00001667
    -0.00640229    -0.00642674     0.00002445
    -0.00378622    -0.00375364    -0.00003258
    -0.01449997    -0.01457568     0.00007571
    -0.00324942    -0.00327643     0.00002701
    -0.00326196    -0.00329288     0.00003091
    -0.00570280    -0.00567329    -0.00002951
    -0.00596259    -0.00593651    -0.00002608
    -0.01144544    -0.01148249     0.00003705
    -0.00646189    -0.00644981    -0.00001208
    -0.00976045    -0.00977964     0.00001919
    -0.01326027    -0.01334176     0.00008149
    -0.00369776    -0.00367764    -0.00002011
    -0.00295189    -0.00297108     0.00001919
    -0.00518410    -0.00520262     0.00001852
    -0.00361367    -0.00359580    -0.00001787
    -0.00386421    -0.00382986    -0.00003435
    -0.00317981    -0.00320682     0.00002700
    -0.00313543    -0.00316201     0.00002658
    -0.00417466    -0.00414308    -0.00003158
    -0.01162019    -0.01168517     0.00006498
    -0.00351593    -0.00354017     0.00002424
    -0.00784039    -0.00783781    -0.00000258
    -0.00615600    -0.00612362    -0.00003239
    -0.01331663    -0.01338242     0.00006580
    -0.00777925    -0.00779679     0.00001755
    -0.00395591    -0.00391868    -0.00003723
    -0.00475271    -0.00478047     0.00002776
    -0.00722070    -0.00720358    -0.00001713
    -0.00327339    -0.00329722     0.00002383
    -0.00413349    -0.00415871     0.00002522
    -0.00375493    -0.00373177    -0.00002315
    -0.00357786    -0.00357149    -0.00000638
    -0.00697896    -0.00699022     0.00001126
    -0.00404827    -0.00401058    -0.00003769
    -0.00246312    -0.00246697     0.00000385
    -0.00246285    -0.00246697     0.00000412
    -0.00246285    -0.00246697     0.00000412
    -0.00246285    -0.00246697     0.00000412
    -0.00246285    -0.00246697     0.00000412
    -0.00246285    -0.00246697     0.00000412
    -0.00246285    -0.00246697     0.00000412
    -0.00246285    -0.00246697     0.00000412
    -0.00246285    -0.00246697     0.00000412
    -0.00246285    -0.00246697     0.00000412
    -0.00246285    -0.00246697     0.00000412
    -0.00246285    -0.00246697     0.00000412
    -0.00605170    -0.00606848     0.00001678
    -0.00687790    -0.00689834     0.00002045
    -0.00381071    -0.00382711     0.00001640
    -0.00740713    -0.00742332     0.00001619
    -0.00347228    -0.00351285     0.00004057
    -0.00728386    -0.00729794     0.00001407
    -0.00676149    -0.00677509     0.00001361
    -0.00649710    -0.00648349    -0.00001361
    -0.00663351    -0.00663376     0.00000025
    -0.00492668    -0.00494422     0.00001755
    -0.00226807    -0.00227504     0.00000697
    -0.00226807    -0.00227504     0.00000697
    -0.00226807    -0.00227504     0.00000697
    -0.00226780    -0.00227504     0.00000724
    -0.00226780    -0.00227504     0.00000724
    -0.00226780    -0.00227504     0.00000724
    -0.00226780    -0.00227504     0.00000724
    -0.00226780    -0.00227504     0.00000724
    -0.00226780    -0.00227504     0.00000724
    -0.00226780    -0.00227504     0.00000724
    -0.00226780    -0.00227504     0.00000724
    -0.00226780    -0.00227504     0.00000724
    -0.00326392    -0.00328732     0.00002339
    -0.00454144    -0.00455996     0.00001852
    -0.00414574    -0.00413252    -0.00001322
    -0.02933287    -0.02930122    -0.00003164
    -0.05325783    -0.05328291     0.00002509
     0.06033891     0.06010324     0.00023567
     0.05203029     0.05205155    -0.00002126
     0.02469017     0.02473993    -0.00004976
    -0.03290368    -0.03291603     0.00001235
    -0.03169354    -0.03169604     0.00000250
    -0.03195262    -0.03187637    -0.00007625
    -0.04179487    -0.04182517     0.00003030
    -0.03662791    -0.03647029    -0.00015762
    -0.05422111    -0.05424028     0.00001917
    -0.02810754    -0.02816935     0.00006181
    -0.04178006    -0.04179321     0.00001315
    -0.02668964    -0.02670669     0.00001706
    -0.04171372    -0.04162246    -0.00009126
     0.04715559     0.04722265    -0.00006706
    -0.03008572    -0.03012357     0.00003785
    -0.02983965    -0.02979137    -0.00004828
    -0.02888276    -0.02890253     0.00001977
     0.04762423     0.04775242    -0.00012819
    -0.05690100    -0.05687627    -0.00002472
    -0.02532849    -0.02531630    -0.00001220
    -0.04292885    -0.04281362    -0.00011523
    -0.03570547    -0.03572504     0.00001956
     0.02515927     0.02516102    -0.00000175
    -0.02895049    -0.02891469    -0.00003580
    -0.05104764    -0.05099018    -0.00005745
    -0.05818524    -0.05810839    -0.00007685
    -0.03156026    -0.03158010     0.00001984
    -0.03942231    -0.03943977     0.00001746
    -0.05054069    -0.05051988    -0.00002081
    -0.02949703    -0.02955049     0.00005346
    -0.04102963    -0.04103231     0.00000268
    -0.03389058    -0.03396402     0.00007343
    -0.04916967    -0.04913859    -0.00003108
    -0.03107216    -0.03094788    -0.00012428
    -0.04177419    -0.04181591     0.00004172
    -0.03017476    -0.03012380    -0.00005096
    -0.03164388    -0.03147385    -0.00017002
    -0.05028784    -0.05018912    -0.00009872
    -0.03255078    -0.03257310     0.00002232
    -0.04352793    -0.04348493    -0.00004300
    -0.04456316    -0.04452682    -0.00003634
    -0.04455347    -0.04447941    -0.00007406
    -0.03846041    -0.03841115    -0.00004926
    -0.04068178    -0.04070398     0.00002219
    -0.03427456    -0.03427869     0.00000412
    -0.06052406    -0.06039028    -0.00013377
    -0.04939397    -0.04946596     0.00007198
     0.01642659     0.01641124     0.00001535
    -0.05031954    -0.05030363    -0.00001591
    -0.03495697    -0.03490987    -0.00004710
    -0.04536685    -0.04534638    -0.00002047
    -0.04780807    -0.04772237    -0.00008569
    -0.05232309    -0.05228343    -0.00003965
    -0.04021418    -0.04004717    -0.00016701
    -0.04318812    -0.04311081    -0.00007731
    -0.03361874    -0.03365515     0.00003641
    -0.03018575    -0.03022920     0.00004345
    -0.03876126    -0.03874401    -0.00001725
    -0.04694789    -0.04691449    -0.00003340
    -0.03809042    -0.03809822     0.00000780
    -0.03654217    -0.03654608     0.00000391
    -0.03205501    -0.03203007    -0.00002494
    -0.03261200    -0.03270631     0.00009430
    -0.05618381    -0.05627284     0.00008903
     0.05745499     0.05726273     0.00019226
     0.04562843     0.04562649     0.00000194
     0.04791702     0.04795110    -0.00003408
    -0.04559877    -0.04556538    -0.00003339
    -0.03918372    -0.03921611     0.00003240
    -0.05799005    -0.05818053     0.00019048
    -0.04264054    -0.04244785    -0.00019269
    -0.03403181    -0.03401097    -0.00002084
    -0.03887693    -0.03878510    -0.00009183
    -0.04489071    -0.04488162    -0.00000909
    -0.04467176    -0.04474345     0.00007169
    -0.04204690    -0.04203239    -0.00001451
    -0.04610433    -0.04606992    -0.00003441
    -0.03643199    -0.03631032    -0.00012167
    -0.05329598    -0.05317240    -0.00012358
    -0.05926243    -0.05924030    -0.00002213
    -0.04013609    -0.04012536    -0.00001072
    -0.03807393    -0.03810190     0.00002798
    -0.04255039    -0.04251308    -0.00003731
    -0.04546761    -0.04539790    -0.00006971
    -0.04598460    -0.04597254    -0.00001207
    -0.04308466    -0.04306586    -0.00001880
    -0.05111599    -0.05115959     0.00004360
    -0.03878335    -0.03875091    -0.00003244
    -0.04133355    -0.04130290    -0.00003065
    -0.04490042    -0.04492890     0.00002848
    -0.05407624    -0.05410633     0.00003009
    -0.06420916    -0.06439716     0.00018800
    -0.05506420    -0.05506226    -0.00000194
    -0.06777222    -0.06772863    -0.00004359
    -0.06704431    -0.06688955    -0.00015476
    -0.06867857    -0.06866551    -0.00001306
    -0.06441868    -0.06438362    -0.00003507
    -0.06949418    -0.06945188    -0.00004230
    -0.03355613    -0.03350673    -0.00004940
     0.04867733     0.04869821    -0.00002088
     0.03045659     0.03055135    -0.00009476
     0.05049405     0.05034115     0.00015289
     0.02730608     0.02734162    -0.00003554
     0.00673204     0.00678547    -0.00005342
    -0.00162923    -0.00153087    -0.00009836
     0.04036219     0.04039051    -0.00002833
     0.03132730     0.03129088     0.00003642
     0.02635880     0.02626961     0.00008919
     0.04489479     0.04485106     0.00004373
     0.04146887     0.04148584    -0.00001697
     0.04037329     0.04029399     0.00007929
     0.03651635     0.03652196    -0.00000561
     0.03297130     0.03294191     0.00002939
     0.03064579     0.03054012     0.00010567
     0.01037712     0.01030541     0.00007170
     0.00122612     0.00124951    -0.00002339
     0.00494888     0.00495654    -0.00000766
     0.02572850     0.02570886     0.00001964
     0.04244427     0.04241392     0.00003035
     0.02155068     0.02136387     0.00018682
     0.04116038     0.04114989     0.00001048
     0.04152409     0.04149724     0.00002685
    -0.00217457    -0.00212624    -0.00004833
     0.02609801     0.02603696     0.00006104
     0.00373316     0.00370828     0.00002488
     0.01981735     0.01982981    -0.00001247
     0.00941201     0.00941621    -0.00000420
     0.04567706     0.04563661     0.00004045
     0.03151990     0.03153718    -0.00001728
     0.04490611     0.04490429     0.00000182
     0.04584670     0.04579753     0.00004917
     0.05068028     0.05070889    -0.00002861
     0.02576148     0.02572701     0.00003448
     0.04287608     0.04299892    -0.00012284
     0.04473628     0.04464778     0.00008850
     0.03453598     0.03448873     0.00004725
     0.02604674     0.02606871    -0.00002197
     0.03749073     0.03753895    -0.00004821
     0.05028370     0.05032789    -0.00004419
     0.05919864     0.05925595    -0.00005730
     0.00980619     0.00983944    -0.00003325
     0.01925829     0.01924661     0.00001167
     0.04380396     0.04377512     0.00002884
     0.04677580     0.04671980     0.00005600
     0.02223663     0.02214860     0.00008803
    -0.00188338    -0.00190737     0.00002399
     0.00153646     0.00158049    -0.00004403
     0.05163086     0.05156750     0.00006336
     0.02591289     0.02603011    -0.00011723
     0.02262610     0.02259589     0.00003022
     0.03210440     0.03242695    -0.00032254
    -0.03468137    -0.03461255    -0.00006883
     0.01001278     0.01021160    -0.00019882
     0.04768287     0.04761746     0.00006541
    -0.00069756    -0.00068724    -0.00001033
     0.02325744     0.02328715    -0.00002971
     0.01946833     0.01949828    -0.00002994
     0.04512802     0.04510188     0.00002613
    -0.00019380    -0.00018216    -0.00001164
     0.02209075     0.02208153     0.00000922
     0.03497964     0.03495823     0.00002141
     0.03626197     0.03616102     0.00010096
     0.02777325     0.02776935     0.00000390
     0.01011172     0.01014627    -0.00003454
     0.02895757     0.02886791     0.00008966
     0.01607913     0.01601886     0.00006027
     0.01554867     0.01551745     0.00003122
     0.04641337     0.04638960     0.00002377
     0.03424629     0.03429041    -0.00004412
     0.02764568     0.02758098     0.00006470
     0.02873648     0.02868330     0.00005318
     0.04610210     0.04596340     0.00013870
     0.03055485     0.03048497     0.00006988
     0.02965636     0.02960208     0.00005428
     0.01531492     0.01530041     0.00001451
     0.02899809     0.02898592     0.00001217
     0.02757645     0.02751669     0.00005976
     0.01088390     0.01085164     0.00003226
     0.04018376     0.04018210     0.00000166
    -0.03579922    -0.03575172    -0.00004750
    -0.03577168    -0.03572416    -0.00004752
     0.01771992     0.01760602     0.00011390
     0.01825979     0.01826007    -0.00000028
     0.01602585     0.01614455    -0.00011870
    -0.00110633    -0.00118398     0.00007765
     0.01104012     0.01102277     0.00001735
     0.03440205     0.03445849    -0.00005644
     0.02508060     0.02506105     0.00001955
     0.04305285     0.04303531     0.00001754
     0.01801429     0.01801967    -0.00000538
     0.00941917     0.00937225     0.00004691
     0.03303740     0.03308165    -0.00004426
     0.03381793     0.03381464     0.00000329
     0.02081181     0.02077925     0.00003257
     0.04130144     0.04127090     0.00003054
     0.03236816     0.03232494     0.00004323
     0.03643583     0.03637677     0.00005906
     0.02929654     0.02923244     0.00006410
    -0.00964976    -0.00964611    -0.00000364
    -0.00459698    -0.00465250     0.00005552
     0.00102818     0.00098589     0.00004229
     0.00622109     0.00629262    -0.00007153
     0.01350136     0.01349906     0.00000230
    -0.01726048    -0.01733399     0.00007351
     0.02487306     0.02484737     0.00002569
    -0.02687927    -0.02693507     0.00005580
    -0.00430702    -0.00429155    -0.00001547
    -0.03038407    -0.03036586    -0.00001821
    -0.03815679    -0.03815645    -0.00000034
    -0.02253203    -0.02247989    -0.00005214
    -0.00372714    -0.00353025    -0.00019690
    -0.02220093    -0.02208492    -0.00011601
     0.00643500     0.00652781    -0.00009281
    -0.00592463    -0.00589368    -0.00003094
     0.00396228     0.00403157    -0.00006929
    -0.01629516    -0.01622261    -0.00007255
    -0.02417669    -0.02411764    -0.00005905
     0.02365214     0.02365824    -0.00000610
     0.01911799     0.01921266    -0.00009467
     0.01045353     0.01041097     0.00004256
    -0.00087988    -0.00086023    -0.00001965
    -0.01676371    -0.01675724    -0.00000647
     0.00130111     0.00135338    -0.00005227
     0.00024330     0.00038326    -0.00013996
    -0.00748147    -0.00743868    -0.00004280
    -0.01153893    -0.01146549    -0.00007345
     0.02065624     0.02066360    -0.00000735
    -0.00355119    -0.00357249     0.00002129
     0.00902841     0.00914116    -0.00011274
     0.01158070     0.01171999    -0.00013929
    -0.01187698    -0.01198001     0.00010303
    -0.01220221    -0.01219136    -0.00001086
     0.01492833     0.01492925    -0.00000092
     0.00706832     0.00706561     0.00000271
    -0.00651296    -0.00657958     0.00006662
    -0.00645808    -0.00639733    -0.00006074
     0.01971783     0.01967258     0.00004526
    -0.01547917    -0.01547788    -0.00000129
     0.02039167     0.02040926    -0.00001759
    -0.03156796    -0.03157739     0.00000943
    -0.01657546    -0.01660167     0.00002621
     0.00665808     0.00662315     0.00003494
    -0.02625651    -0.02637030     0.00011379
     0.00221903     0.00232005    -0.00010101
     0.01079119     0.01078282     0.00000837
    -0.01704464    -0.01698862    -0.00005602
     0.00956420     0.00949538     0.00006883
    -0.00197013    -0.00203784     0.00006771
     0.00832649     0.00835844    -0.00003195
     0.00171655     0.00172992    -0.00001337
    -0.01055323    -0.01043780    -0.00011543
    -0.02671636    -0.02665988    -0.00005647
     0.01623200     0.01627501    -0.00004301
     0.01000418     0.01008097    -0.00007679
     0.01063127     0.01063513    -0.00000386
    -0.00044899    -0.00050713     0.00005814
    -0.02027335    -0.02024783    -0.00002552
    -0.00027421    -0.00021547    -0.00005874
     0.01466832     0.01462431     0.00004401
    -0.01398649    -0.01404407     0.00005758
    -0.00362069    -0.00356159    -0.00005911
    -0.03537774    -0.03532340    -0.00005434
     0.01407795     0.01409746    -0.00001951
     0.00122647     0.00113766     0.00008881
     0.00712623     0.00720845    -0.00008222
    -0.00394056    -0.00397780     0.00003724
    -0.01097650    -0.01090217    -0.00007433
     0.00805925     0.00811541    -0.00005616
    -0.01865145    -0.01861330    -0.00003815
    -0.00558084    -0.00555842    -0.00002241
    -0.00422718    -0.00426355     0.00003637
    -0.02147280    -0.02140285    -0.00006996
    -0.01381756    -0.01379082    -0.00002674
    -0.02999770    -0.02992727    -0.00007043
     0.00525123     0.00526874    -0.00001752
    -0.00223525    -0.00214703    -0.00008822
    -0.02521208    -0.02522569     0.00001360
    -0.00946407    -0.00946324    -0.00000083
    -0.02203782    -0.02201385    -0.00002397
    -0.00941182    -0.00942491     0.00001309
     0.01564187     0.01571245    -0.00007058
    -0.01377089    -0.01373602    -0.00003487
    -0.00138699    -0.00140821     0.00002122
    -0.02177686    -0.02179921     0.00002235
    -0.01737580    -0.01731241    -0.00006340
    -0.01160234    -0.01156390    -0.00003844
    -0.02103761    -0.02104993     0.00001232
    -0.00579676    -0.00577435    -0.00002241
    -0.01584750    -0.01580708    -0.00004042
    -0.01752661    -0.01747533    -0.00005128
    -0.03256680    -0.03260356     0.00003675
    -0.02233549    -0.02224103    -0.00009446
    -0.02202819    -0.02198958    -0.00003861
    -0.01482022    -0.01477238    -0.00004784
    -0.01577618    -0.01568958    -0.00008660
    -0.00439352    -0.00434883    -0.00004469
    -0.01136451    -0.01137638     0.00001187
    -0.01543770    -0.01539874    -0.00003895
    -0.03226533    -0.03223866    -0.00002666
    -0.03541747    -0.03540952    -0.00000795
    -0.02817154    -0.02815033    -0.00002121
    -0.03384079    -0.03382147    -0.00001932
    -0.02923284    -0.02919718    -0.00003565
    -0.01120159    -0.01114508    -0.00005651
    -0.01141882    -0.01135480    -0.00006402
     0.01612130     0.01612573    -0.00000442
     0.00565953     0.00564017     0.00001936
    -0.01701484    -0.01706093     0.00004609
    -0.00072418    -0.00072097    -0.00000320
    -0.01299118    -0.01292959    -0.00006159
    -0.02854042    -0.02857795     0.00003754
    -0.03032636    -0.03027104    -0.00005532
    -0.03360652    -0.03350801    -0.00009852
    -0.01372161    -0.01376643     0.00004482
    -0.01369236    -0.01386009     0.00016773
    -0.03568515    -0.03559258    -0.00009257
    -0.03794922    -0.03786711    -0.00008211
    -0.01193317    -0.01192368    -0.00000950
    -0.01707705    -0.01723217     0.00015512
    -0.00732531    -0.00735507     0.00002977
    -0.02146557    -0.02142040    -0.00004517
    -0.03099401    -0.03104357     0.00004956
    -0.02482250    -0.02481807    -0.00000443
    -0.01018503    -0.01021676     0.00003172
    -0.03471422    -0.03483794     0.00012372
    -0.03526106    -0.03521098    -0.00005008
    -0.01916234    -0.01909209    -0.00007025
    -0.02291052    -0.02280556    -0.00010496
    -0.01806735    -0.01788539    -0.00018196
    -0.02763022    -0.02753798    -0.00009225
    -0.02882431    -0.02880358    -0.00002074
    -0.01348828    -0.01351611     0.00002783
    -0.02123857    -0.02126023     0.00002166
    -0.01210327    -0.01215449     0.00005122
    -0.02387249    -0.02387417     0.00000168
    -0.00912621    -0.00910711    -0.00001910
    -0.01133047    -0.01126393    -0.00006654
    -0.02871887    -0.02874450     0.00002563
    -0.01885499    -0.01878124    -0.00007375
    -0.01944836    -0.01939156    -0.00005680
    -0.02629227    -0.02629658     0.00000432
    -0.03230854    -0.03218779    -0.00012075
    -0.04100367    -0.04088671    -0.00011696
    -0.01170449    -0.01184540     0.00014091
    -0.02222762    -0.02230732     0.00007970
    -0.02308347    -0.02310294     0.00001947
    -0.00905715    -0.00928162     0.00022447
    -0.01691879    -0.01680464    -0.00011415
    -0.01356863    -0.01372915     0.00016052
    -0.01913940    -0.01916652     0.00002712
    -0.03132578    -0.03127750    -0.00004828
     0.00441137     0.00452662    -0.00011524
    -0.03537888    -0.03526385    -0.00011503
    -0.02691750    -0.02687329    -0.00004421
    -0.03236590    -0.03232529    -0.00004061
    -0.03793958    -0.03793419    -0.00000540
    -0.00987028    -0.00980632    -0.00006396
    -0.02147642    -0.02144508    -0.00003134
    -0.02044318    -0.02033353    -0.00010965
    -0.01704363    -0.01703755    -0.00000608
    -0.00869967    -0.00865812    -0.00004155
    -0.01902424    -0.01896208    -0.00006216
    -0.01756095    -0.01757022     0.00000927
    -0.01155308    -0.01153716    -0.00001593
    -0.02911863    -0.02905676    -0.00006187
    -0.02132730    -0.02128671    -0.00004060
    -0.02227135    -0.02219077    -0.00008058
    -0.03048761    -0.03042374    -0.00006387
    -0.02529004    -0.02528170    -0.00000834
    -0.02254278    -0.02249236    -0.00005042
    -0.02681693    -0.02674076    -0.00007617
    -0.01522594    -0.01515892    -0.00006702
    -0.01848067    -0.01852668     0.00004601
    -0.02565163    -0.02561086    -0.00004077
    -0.01544627    -0.01547720     0.00003093
    -0.02792076    -0.02776919    -0.00015157
    -0.01989000    -0.02010916     0.00021916
    -0.02038149    -0.02038385     0.00000236
    -0.02778699    -0.02781871     0.00003172
    -0.01371073    -0.01366179    -0.00004894
    -0.02383761    -0.02377922    -0.00005839
    -0.01665949    -0.01661905    -0.00004044
    -0.03215787    -0.03224507     0.00008719
    -0.03285652    -0.03298056     0.00012404
    -0.01478781    -0.01475319    -0.00003462
    -0.02721759    -0.02719492    -0.00002267
    -0.02557601    -0.02561660     0.00004060
    -0.01659016    -0.01656362    -0.00002653
    -0.03283925    -0.03283719    -0.00000206
    -0.02374607    -0.02372506    -0.00002101
    -0.02879699    -0.02880223     0.00000524
    -0.02206865    -0.02217640     0.00010775
    -0.02594543    -0.02586452    -0.00008092
    -0.01957182    -0.01957608     0.00000426
    -0.01829163    -0.01820517    -0.00008646
    -0.02075037    -0.02070660    -0.00004377
    -0.02116942    -0.02114284    -0.00002659
    -0.00316191    -0.00307808    -0.00008383
    -0.00171837    -0.00169501    -0.00002337
    -0.02942359    -0.02945533     0.00003174
    -0.00164340    -0.00161752    -0.00002589
    -0.01831811    -0.01827073    -0.00004738
     0.03689978     0.03683359     0.00006619
     0.02867261     0.02879006    -0.00011744
     0.04027941     0.04022112     0.00005829
    -0.02622138    -0.02626830     0.00004691
     0.03808187     0.03807923     0.00000264
    -0.00132457    -0.00130936    -0.00001521
     0.03749231     0.03744986     0.00004245
     0.05108943     0.05124177    -0.00015234
     0.03787403     0.03793811    -0.00006408
    -0.02683851    -0.02681262    -0.00002589
    -0.02334906    -0.02339999     0.00005093
     0.04251801     0.04251243     0.00000557
     0.04518875     0.04518870     0.00000005
     0.04610022     0.04604355     0.00005668
    -0.02399144    -0.02393810    -0.00005333
    -0.02395519    -0.02390239    -0.00005280
    -0.02395519    -0.02390239    -0.00005280
     0.03975605     0.03971003     0.00004602
     0.04622238     0.04629259    -0.00007022
    -0.03730929    -0.03722504    -0.00008425
     0.01515484     0.01514651     0.00000833
    -0.01958771    -0.01955074    -0.00003697
    -0.02793815    -0.02796522     0.00002707
     0.03809553     0.03808513     0.00001040
    -0.02208784    -0.02215194     0.00006411
     0.01667990     0.01672714    -0.00004724
    -0.02518607    -0.02514144    -0.00004463
     0.05688921     0.05682213     0.00006709
     0.05214053     0.05227564    -0.00013511
     0.01356436     0.01355641     0.00000794
     0.04167043     0.04166089     0.00000954
    -0.03021460    -0.03025181     0.00003722
    -0.02147367    -0.02151589     0.00004222
    -0.01991182    -0.01988512    -0.00002670
    -0.01421770    -0.01415758    -0.00006013
    -0.02089633    -0.02087113    -0.00002520
     0.05296786     0.05302320    -0.00005533
    -0.02647360    -0.02649347     0.00001986
    -0.02020007    -0.02013115    -0.00006892
    -0.02346743    -0.02342573    -0.00004170
    -0.03990270    -0.03987029    -0.00003240
     0.01417857     0.01420718    -0.00002861
     0.04170629     0.04185545    -0.00014915
     0.04882457     0.04881971     0.00000487
     0.04438248     0.04436612     0.00001635
    -0.02082558    -0.02082748     0.00000190
     0.05037628     0.05043979    -0.00006351
    -0.03728978    -0.03734742     0.00005764
    -0.03571492    -0.03564456    -0.00007036
    -0.02641349    -0.02637757    -0.00003593
     0.05312329     0.05316441    -0.00004112
    -0.02224215    -0.02222908    -0.00001307
    -0.02503382    -0.02504411     0.00001029
     0.00816872     0.00820438    -0.00003566
     0.04048801     0.04045586     0.00003215
    -0.02905362    -0.02902033    -0.00003329
    -0.02362239    -0.02362131    -0.00000109
    -0.03433133    -0.03428390    -0.00004743
    -0.02163088    -0.02167832     0.00004744
     0.04766229     0.04760683     0.00005546
     0.00977044     0.00968765     0.00008279
    -0.02767191    -0.02764343    -0.00002849
     0.05906621     0.05889017     0.00017604
    -0.03296083    -0.03292852    -0.00003231
    -0.02961217    -0.02961360     0.00000144
    -0.03160651    -0.03158240    -0.00002412
    -0.02895898    -0.02893552    -0.00002346
    -0.03027158    -0.03024992    -0.00002165
    -0.02166456    -0.02163149    -0.00003308
     0.05976654     0.05976141     0.00000513
     0.02680221     0.02691444    -0.00011223
     0.04557548     0.04557011     0.00000537
    -0.03417867    -0.03405904    -0.00011963
     0.05636096     0.05641585    -0.00005489
     0.04042741     0.04051272    -0.00008531
     0.06032068     0.06037359    -0.00005292
    -0.02059584    -0.02060023     0.00000439
     0.05968823     0.05962610     0.00006213
    -0.02240768    -0.02235198    -0.00005570
     0.04137304     0.04135272     0.00002031
    -0.02489445    -0.02492222     0.00002778
     0.04609919     0.04609435     0.00000484
    -0.03129701    -0.03134129     0.00004428
     0.03046541     0.03061433    -0.00014892
    -0.03443312    -0.03442394    -0.00000918
    -0.00981833    -0.00982978     0.00001145
    -0.05612806    -0.05607156    -0.00005650
     0.06027646     0.06032069    -0.00004423
     0.00274019     0.00339000    -0.00064981
     0.05797171     0.05803389    -0.00006218
    -0.02464103    -0.02471822     0.00007719
    -0.04425257    -0.04412908    -0.00012349
    -0.04753922    -0.04751498    -0.00002424
    -0.00979136    -0.00982908     0.00003771
     0.01749151     0.01746731     0.00002420
    -0.04098878    -0.04075432    -0.00023446
    -0.00111523    -0.00109638    -0.00001885
    -0.00111523    -0.00109638    -0.00001885
    -0.00111523    -0.00109638    -0.00001885
    -0.00111523    -0.00109638    -0.00001885
    -0.00111523    -0.00109638    -0.00001885
    -0.03900845    -0.03895776    -0.00005068
    -0.01374619    -0.01364856    -0.00009763
     0.03284667     0.03273268     0.00011399
    -0.00189266    -0.00187306    -0.00001960
     0.03284403     0.03272982     0.00011421
    -0.00184311    -0.00182431    -0.00001880
     0.01597208     0.01577730     0.00019478
     0.01199181     0.01189607     0.00009574
    -0.03096509    -0.03098377     0.00001869
     0.00272949     0.00273691    -0.00000742
    -0.00145361    -0.00143111    -0.00002249
    -0.03257940    -0.03254571    -0.00003370
    -0.03444613    -0.03436106    -0.00008507
    -0.00168526    -0.00165837    -0.00002689
     0.01388521     0.01396364    -0.00007843
    -0.00139720    -0.00139478    -0.00000242
    -0.00131426    -0.00130877    -0.00000548
    -0.00147078    -0.00146842    -0.00000235
    -0.00155083    -0.00154571    -0.00000513
    -0.00177982    -0.00176872    -0.00001110
    -0.00137605    -0.00137221    -0.00000384
    -0.02442214    -0.02431542    -0.00010671
    -0.00160446    -0.00159593    -0.00000853
    -0.00175592    -0.00171085    -0.00004508
    -0.00082600    -0.00081889    -0.00000711
    -0.00082600    -0.00081889    -0.00000711
    -0.00082600    -0.00081889    -0.00000711
    -0.00082600    -0.00081889    -0.00000711
    -0.00082600    -0.00081889    -0.00000711
    -0.00082600    -0.00081889    -0.00000711
    -0.00082600    -0.00081889    -0.00000711
    -0.00082600    -0.00081889    -0.00000711
    -0.00082600    -0.00081889    -0.00000711
    -0.00082600    -0.00081889    -0.00000711
    -0.00082600    -0.00081889    -0.00000711
    -0.00082600    -0.00081889    -0.00000711
     0.00290427     0.00294274    -0.00003847
    -0.00137091    -0.00136653    -0.00000438
    -0.03938783    -0.03940441     0.00001658
    -0.00186991    -0.00182589    -0.00004402
    -0.01505141    -0.01501526    -0.00003615
     0.04663828     0.04664514    -0.00000687
    -0.02179814    -0.02179711    -0.00000103
    -0.00141635    -0.00141033    -0.00000602
    -0.03592861    -0.03589350    -0.00003511
    -0.00157491    -0.00155818    -0.00001673
    -0.00155429    -0.00154384    -0.00001045
     0.01531242     0.01544911    -0.00013669
    -0.02966025    -0.02970874     0.00004849
    -0.03510291    -0.03506800    -0.00003491
     0.01312726     0.01317744    -0.00005018
    -0.03641681    -0.03637625    -0.00004056
    -0.02210452    -0.02198677    -0.00011775
    -0.03206339    -0.03204319    -0.00002020
    -0.03836079    -0.03846420     0.00010341
    -0.00045536    -0.00044644    -0.00000891
    -0.00339261    -0.00334231    -0.00005029
    -0.00243839    -0.00236137    -0.00007701
     0.00146022     0.00140177     0.00005844
    -0.03850623    -0.03858557     0.00007934
     0.00982532     0.00987455    -0.00004922
    -0.01095533    -0.01099099     0.00003566
    -0.01935622    -0.01929577    -0.00006045
    -0.03566161    -0.03563387    -0.00002774
    -0.03394400    -0.03387088    -0.00007312
     0.00176988     0.00184838    -0.00007850
     0.01010669     0.01013893    -0.00003224
    -0.03434744    -0.03430966    -0.00003778
    -0.02746456    -0.02744118    -0.00002338
     0.00348464     0.00346235     0.00002229
    -0.02617991    -0.02615603    -0.00002388
    -0.00862936    -0.00867396     0.00004460
    -0.03484851    -0.03481002    -0.00003848
    -0.02632748    -0.02633122     0.00000374
    -0.04742732    -0.04738752    -0.00003980
    -0.01375873    -0.01375047    -0.00000826
    -0.03719318    -0.03712548    -0.00006769
    -0.01931641    -0.01926016    -0.00005625
    -0.03915011    -0.03918489     0.00003478
    -0.03719258    -0.03711853    -0.00007405
    -0.03806451    -0.03798275    -0.00008176
    -0.02513951    -0.02508443    -0.00005509
    -0.01351323    -0.01355698     0.00004375
    -0.01048746    -0.01056129     0.00007383
    -0.03902586    -0.03895350    -0.00007237
    -0.02791417    -0.02791324    -0.00000093
    -0.03515907    -0.03510600    -0.00005307
    -0.03320965    -0.03320369    -0.00000596
    -0.03469950    -0.03467569    -0.00002381
    -0.03207063    -0.03203808    -0.00003255
    -0.03149013    -0.03144787    -0.00004227
    -0.02740361    -0.02748733     0.00008372
    -0.03239371    -0.03230799    -0.00008572
    -0.03311087    -0.03305617    -0.00005470
    -0.03746532    -0.03746317    -0.00000214
    -0.00180025    -0.00167547    -0.00012478
    -0.00180025    -0.00167547    -0.00012478
    -0.00276389    -0.00267362    -0.00009027
    -0.00209811    -0.00187911    -0.00021899
     0.03009152     0.02979749     0.00029403
     0.03742134     0.03736810     0.00005324
    -0.00251754    -0.00238167    -0.00013587
     0.00060042     0.00066817    -0.00006775
     0.02943091     0.02946128    -0.00003037
    -0.01807519    -0.01788057    -0.00019462
     0.00362287     0.00381728    -0.00019441
     0.01397792     0.01397187     0.00000605
    -0.00231436    -0.00213428    -0.00018007
    -0.00543387    -0.00530694    -0.00012693
    -0.00142267    -0.00121264    -0.00021003
    -0.00142294    -0.00121264    -0.00021030
    -0.00216453    -0.00202022    -0.00014431
    -0.00271847    -0.00261842    -0.00010005
     0.01718399     0.01722532    -0.00004133
    -0.00703284    -0.00689258    -0.00014026
    -0.00228023    -0.00209116    -0.00018907
    -0.00221049    -0.00200740    -0.00020309
    -0.01262135    -0.01258908    -0.00003227
    -0.00208066    -0.00185751    -0.00022315
    -0.01610688    -0.01595724    -0.00014964
     0.00665838     0.00676204    -0.00010366
    -0.00161230    -0.00143943    -0.00017287
    -0.00161230    -0.00143943    -0.00017287
    -0.00190257    -0.00169939    -0.00020318
    -0.00210162    -0.00188123    -0.00022038
    -0.00250407    -0.00237121    -0.00013286
     0.03054171     0.03033646     0.00020524
    -0.00205304    -0.00188030    -0.00017275
     0.03527096     0.03515222     0.00011874
    -0.00252369    -0.00238902    -0.00013467
    -0.01251906    -0.01234591    -0.00017315
    -0.00910637    -0.00907263    -0.00003374
     0.02964044     0.02966607    -0.00002563
     0.03543154     0.03537845     0.00005309
    -0.00247822    -0.00233058    -0.00014765
    -0.00198850    -0.00195148    -0.00003702
    -0.00747848    -0.00760066     0.00012218
    -0.00237055    -0.00220076    -0.00016979
    -0.00224687    -0.00205039    -0.00019648
    -0.01175053    -0.01163847    -0.00011206
    -0.00230883    -0.00212304    -0.00018579
     0.00014985     0.00026347    -0.00011362
     0.02401688     0.02387569     0.00014118
     0.00945688     0.00954622    -0.00008934
     0.01622196     0.01600770     0.00021426
    -0.00385694    -0.00371332    -0.00014362
     0.02818177     0.02850112    -0.00031935
     0.00474890     0.00464974     0.00009916
    -0.02610625    -0.02596788    -0.00013837
     0.02285166     0.02264005     0.00021161
     0.00751750     0.00756723    -0.00004973
     0.03044105     0.03020984     0.00023121
     0.03056900     0.03058835    -0.00001935
     0.01208496     0.01207711     0.00000785
     0.02030190     0.02038874    -0.00008684
    -0.02296943    -0.02292880    -0.00004063
    -0.01140339    -0.01138143    -0.00002196
     0.03698800     0.03701469    -0.00002669
     0.03256468     0.03246064     0.00010405
     0.02695054     0.02670480     0.00024574
     0.05616743     0.05616694     0.00000050
     0.02790675     0.02799100    -0.00008425
     0.03150883     0.03152212    -0.00001329
     0.03063091     0.03038345     0.00024745
     0.02409862     0.02384562     0.00025300
     0.02807203     0.02788409     0.00018794
     0.00561727     0.00557243     0.00004485
     0.01179682     0.01177397     0.00002285
     0.00018749     0.00018240     0.00000508
    -0.00067710    -0.00062874    -0.00004836
    -0.00894204    -0.00881270    -0.00012935
    -0.04658132    -0.04647304    -0.00010828
     0.03232884     0.03215749     0.00017135
     0.03246016     0.03246733    -0.00000716
     0.03094052     0.03077290     0.00016762
    -0.02974702    -0.02975633     0.00000931
     0.02793066     0.02772667     0.00020399
     0.00882860     0.00882000     0.00000860
    -0.00177252    -0.00168636    -0.00008616
     0.03342301     0.03342391    -0.00000090
    -0.00249284    -0.00257612     0.00008329
     0.03439734     0.03439178     0.00000556
     0.00173445     0.00173011     0.00000435
    -0.01821892    -0.01820888    -0.00001004
     0.03538248     0.03537087     0.00001161
     0.03637912     0.03636104     0.00001808
    -0.02433732    -0.02431421    -0.00002311
    -0.04656203    -0.04654745    -0.00001458
     0.02332380     0.02331870     0.00000510
    -0.04705929    -0.04708299     0.00002370
     0.02840741     0.02843100    -0.00002359
    -0.02415280    -0.02414686    -0.00000594
    -0.02419748    -0.02414106    -0.00005642
    -0.02223508    -0.02220590    -0.00002918
    -0.02567721    -0.02569677     0.00001956
    -0.00066401    -0.00078377     0.00011976
    -0.00084913    -0.00092235     0.00007322
    -0.00066374    -0.00078377     0.00012003
    -0.00066374    -0.00078377     0.00012003
    -0.00066374    -0.00078377     0.00012003
    -0.00066374    -0.00078377     0.00012003
    -0.00066374    -0.00078377     0.00012003
    -0.00088037    -0.00095279     0.00007242
     0.02944920     0.02952309    -0.00007389
    -0.00147769    -0.00161166     0.00013397
     0.02290880     0.02279016     0.00011865
    -0.00142073    -0.00160627     0.00018554
    -0.00108530    -0.00113900     0.00005371
     0.03548438     0.03551821    -0.00003383
    -0.00150874    -0.00165396     0.00014523
    -0.00143932    -0.00162630     0.00018698
     0.03303590     0.03313016    -0.00009426
    -0.00160800    -0.00181249     0.00020449
     0.02464519     0.02486892    -0.00022373
     0.05745750     0.05748555    -0.00002806
     0.02682273     0.02699684    -0.00017411
    -0.00164901    -0.00184828     0.00019927
    -0.00111126    -0.00116763     0.00005637
    -0.00025527    -0.00035793     0.00010266
    -0.00113471    -0.00122059     0.00008587
    -0.00158286    -0.00174891     0.00016605
    -0.00145004    -0.00158602     0.00013598
     0.03183297     0.03198593    -0.00015296
    -0.00145290    -0.00164136     0.00018847
    -0.00162283    -0.00180418     0.00018134
     0.02674313     0.02672237     0.00002077
     0.03720613     0.03716087     0.00004526
     0.03148200     0.03150369    -0.00002169
    -0.00131684    -0.00143035     0.00011351
    -0.00108421    -0.00122543     0.00014122
     0.03498252     0.03495524     0.00002728
    -0.00108255    -0.00113944     0.00005689
     0.02425767     0.02450822    -0.00025055
     0.03192775     0.03179576     0.00013198
     0.03372242     0.03370738     0.00001504
    -0.00142816    -0.00157087     0.00014271
    -0.00035742    -0.00048457     0.00012715
    -0.00047582    -0.00062830     0.00015248
     0.02886927     0.02868999     0.00017928
     0.02753735     0.02744937     0.00008798
    -0.00093066    -0.00103009     0.00009943
    -0.04074018    -0.04066654    -0.00007364
    -0.00113828    -0.00123803     0.00009975
    -0.00125439    -0.00142270     0.00016831
    -0.00095049    -0.00104475     0.00009425
    -0.00105939    -0.00111997     0.00006057
    -0.00130949    -0.00148523     0.00017573
     0.03165947     0.03167733    -0.00001786
     0.02534278     0.02538182    -0.00003904
    -0.00136468    -0.00150561     0.00014093
     0.02311161     0.02296672     0.00014489
    -0.00117882    -0.00129007     0.00011124
    -0.00098432    -0.00108624     0.00010192
    -0.01359342    -0.01371227     0.00011884
    -0.00144209    -0.00160772     0.00016563
    -0.00128255    -0.00145389     0.00017134
    -0.00102946    -0.00115092     0.00012146
    -0.00126288    -0.00139402     0.00013114
     0.03468524     0.03465473     0.00003051
    -0.02530814    -0.02523967    -0.00006847
    -0.00104519    -0.00116665     0.00012146
     0.03325925     0.03330061    -0.00004136
    -0.00131396    -0.00146191     0.00014796
    -0.00122666    -0.00138980     0.00016314
    -0.00108029    -0.00119675     0.00011646
    -0.00112642    -0.00126918     0.00014277
     0.02388357     0.02373451     0.00014906
    -0.00131279    -0.00148180     0.00016902
    -0.00114748    -0.00129786     0.00015039
     0.01057658     0.01062612    -0.00004954
     0.03626195     0.03646148    -0.00019953
     0.03617871     0.03612298     0.00005573
    -0.01649824    -0.01664201     0.00014377
     0.02860311     0.02863879    -0.00003567
    -0.00124405    -0.00140471     0.00016066
    -0.00119613    -0.00134380     0.00014767
     0.02626838     0.02648248    -0.00021411
     0.03173947     0.03162125     0.00011822
    -0.00507933    -0.00504072    -0.00003862
     0.03187653     0.03185228     0.00002426
     0.01105969     0.01104226     0.00001742
     0.04086693     0.04083368     0.00003325
     0.03629765     0.03625211     0.00004554
     0.02698287     0.02708798    -0.00010512
     0.03022940     0.03034158    -0.00011218
     0.03648669     0.03653567    -0.00004898
     0.01972975     0.01972244     0.00000731
     0.04369928     0.04378894    -0.00008966
     0.04855978     0.04846377     0.00009601
     0.03706155     0.03703270     0.00002885
     0.04360189     0.04347721     0.00012468
     0.03587903     0.03587465     0.00000438
    -0.01108154    -0.01109779     0.00001626
     0.03804508     0.03805767    -0.00001259
     0.03135916     0.03128757     0.00007160
    -0.00247890    -0.00240890    -0.00007001
     0.02366060     0.02370763    -0.00004703
     0.01876756     0.01878149    -0.00001393
     0.01237441     0.01242436    -0.00004995
     0.01185614     0.01202740    -0.00017127
    -0.00174855    -0.00182826     0.00007971
     0.01147276     0.01157933    -0.00010657
    -0.00321511    -0.00322449     0.00000938
     0.01391071     0.01391067     0.00000003
    -0.02699193    -0.02704010     0.00004817
     0.00739706     0.00745681    -0.00005975
     0.01117857     0.01122240    -0.00004383
     0.01629391     0.01625475     0.00003916
     0.01916860     0.01919386    -0.00002526
     0.01352360     0.01359047    -0.00006688
     0.01453991     0.01454859    -0.00000867
     0.00570800     0.00577377    -0.00006578
     0.01463589     0.01470616    -0.00007027
     0.02387780     0.02384925     0.00002855
     0.01867466     0.01868078    -0.00000612
     0.01070227     0.01083639    -0.00013412
     0.01951957     0.01953710    -0.00001753
    -0.02036024    -0.02032408    -0.00003615
     0.00698119     0.00697608     0.00000511
     0.01789543     0.01800271    -0.00010727
    -0.01142788    -0.01142401    -0.00000388
     0.01794107     0.01804459    -0.00010353
     0.00869845     0.00865608     0.00004237
     0.01249495     0.01259494    -0.00009999
     0.00705654     0.00720671    -0.00015017
     0.01619763     0.01616301     0.00003462
    -0.01869961    -0.01854843    -0.00015118
     0.02217287     0.02223130    -0.00005843
     0.01234874     0.01244063    -0.00009188
    -0.00887733    -0.00874999    -0.00012735
     0.00981041     0.00990777    -0.00009736
     0.01617818     0.01630302    -0.00012484
     0.02218237     0.02218072     0.00000165
     0.02053401     0.02058145    -0.00004743
     0.00315638     0.00322407    -0.00006768
    -0.00192469    -0.00188767    -0.00003702
     0.01280252     0.01295563    -0.00015311
    -0.00810238    -0.00793071    -0.00017167
     0.01368466     0.01391159    -0.00022693
     0.03003827     0.03005005    -0.00001179
     0.00309274     0.00305129     0.00004145
    -0.01501938    -0.01496120    -0.00005818
     0.01812964     0.01822022    -0.00009058
     0.01687288     0.01685587     0.00001701
     0.01208830     0.01217168    -0.00008338
     0.01468999     0.01472904    -0.00003905
     0.00516965     0.00520310    -0.00003346
     0.00033239     0.00051922    -0.00018683
     0.00450593     0.00459666    -0.00009073
     0.00407031     0.00407952    -0.00000921
     0.00924725     0.00926199    -0.00001475
     0.02105767     0.02101235     0.00004532
     0.02124401     0.02121748     0.00002653
     0.00750917     0.00751108    -0.00000191
     0.04010009     0.04009058     0.00000951
    -0.00201838    -0.00183908    -0.00017930
     0.00300898     0.00297888     0.00003010
    -0.02679282    -0.02674405    -0.00004877
     0.01843120     0.01845517    -0.00002397
     0.00393877     0.00399066    -0.00005189
     0.01751151     0.01758661    -0.00007511
     0.02403500     0.02404298    -0.00000798
     0.01631116     0.01622078     0.00009038
     0.02139248     0.02144470    -0.00005222
     0.00948344     0.00949165    -0.00000821
    -0.00236932    -0.00235669    -0.00001263
     0.01581324     0.01579454     0.00001871
     0.01891779     0.01887757     0.00004022
     0.01946754     0.01954189    -0.00007435
     0.02782176     0.02782703    -0.00000526
     0.01617363     0.01627163    -0.00009800
    -0.01970752    -0.01959100    -0.00011652
     0.01998791     0.02006985    -0.00008194
     0.02358977     0.02362951    -0.00003974
     0.02259813     0.02264858    -0.00005045
     0.00847425     0.00854530    -0.00007104
    -0.01211982    -0.01194725    -0.00017257
     0.00772074     0.00771590     0.00000484
     0.00675729     0.00682132    -0.00006402
     0.01436720     0.01453402    -0.00016682
    -0.00963316    -0.00941523    -0.00021793
     0.00642230     0.00646405    -0.00004175
     0.00510951     0.00511492    -0.00000541
     0.01633807     0.01617108     0.00016699
     0.01338504     0.01353696    -0.00015193
     0.00616338     0.00612973     0.00003365
     0.01601896     0.01600706     0.00001191
     0.02199358     0.02199740    -0.00000382
    -0.00732560    -0.00714407    -0.00018153
     0.01231201     0.01231480    -0.00000279
     0.01178522     0.01182987    -0.00004465
    -0.02020739    -0.02024271     0.00003532
     0.01935189     0.01937645    -0.00002456
     0.01514945     0.01517085    -0.00002140
     0.01514276     0.01518068    -0.00003793
    -0.02728399    -0.02721760    -0.00006639
     0.01874320     0.01866910     0.00007411
    -0.02552039    -0.02536086    -0.00015952
    -0.03211433    -0.03210857    -0.00000576
    -0.01222371    -0.01230571     0.00008200
    -0.03852996    -0.03857028     0.00004032
    -0.02816161    -0.02825986     0.00009826
    -0.02067897    -0.02086714     0.00018817
    -0.03224843    -0.03211773    -0.00013070
    -0.02551329    -0.02543930    -0.00007398
    -0.01564244    -0.01559912    -0.00004332
    -0.02193757    -0.02194528     0.00000771
    -0.02881569    -0.02878723    -0.00002845
     0.00047127     0.00049213    -0.00002086
    -0.02459727    -0.02456138    -0.00003589
    -0.03455979    -0.03453511    -0.00002468
    -0.01494634    -0.01496480     0.00001846
    -0.02587000    -0.02575747    -0.00011254
    -0.02748236    -0.02738213    -0.00010023
    -0.01853808    -0.01852020    -0.00001788
    -0.02577533    -0.02576042    -0.00001491
    -0.01641279    -0.01636460    -0.00004819
    -0.01934545    -0.01930207    -0.00004338
    -0.02488342    -0.02499963     0.00011620
    -0.02126641    -0.02109471    -0.00017169
     0.02714268     0.02700695     0.00013573
     0.02792781     0.02800613    -0.00007833
    -0.01208485    -0.01209773     0.00001288
     0.01066447     0.01066376     0.00000071
    -0.03421225    -0.03414949    -0.00006276
    -0.01890261    -0.01897639     0.00007379
    -0.00715774    -0.00719446     0.00003673
    -0.00795533    -0.00791826    -0.00003707
     0.02671913     0.02666893     0.00005020
     0.03437416     0.03451443    -0.00014027
    -0.02034255    -0.02029192    -0.00005063
    -0.00472735    -0.00480076     0.00007341
    -0.02312791    -0.02328284     0.00015493
    -0.02540545    -0.02532031    -0.00008514
     0.03615898     0.03615640     0.00000258
    -0.02840754    -0.02837908    -0.00002846
     0.01025823     0.01027407    -0.00001584
    -0.02090779    -0.02096309     0.00005531
    -0.02901226    -0.02892118    -0.00009109
    -0.01402820    -0.01414779     0.00011958
    -0.02667619    -0.02666234    -0.00001385
     0.01459205     0.01468379    -0.00009174
    -0.01992652    -0.01999392     0.00006740
    -0.01986736    -0.01994382     0.00007647
    -0.01652183    -0.01663803     0.00011620
     0.01982537     0.01978316     0.00004221
    -0.00150471    -0.00153457     0.00002986
     0.03589190     0.03594146    -0.00004956
    -0.02634800    -0.02635230     0.00000430
    -0.01013496    -0.01016762     0.00003265
    -0.02431577    -0.02428431    -0.00003146
     0.02512226     0.02516335    -0.00004110
    -0.03442273    -0.03438037    -0.00004236
    -0.03322859    -0.03321209    -0.00001650
    -0.02555100    -0.02558073     0.00002973
    -0.02425318    -0.02424672    -0.00000646
     0.01091865     0.01084222     0.00007643
    -0.03580191    -0.03583218     0.00003027
    -0.01572453    -0.01574628     0.00002175
    -0.00000961    -0.00017192     0.00016232
    -0.00522404    -0.00528685     0.00006281
     0.00692658     0.00695899    -0.00003242
    -0.03286452    -0.03286410    -0.00000042
    -0.03587555    -0.03600465     0.00012911
     0.02124662     0.02126093    -0.00001431
     0.00603804     0.00587075     0.00016729
    -0.03032227    -0.03027526    -0.00004702
    -0.01930803    -0.01937340     0.00006537
    -0.02511350    -0.02516621     0.00005271
    -0.01548619    -0.01557716     0.00009097
    -0.04927424    -0.04916669    -0.00010755
    -0.04318423    -0.04327612     0.00009189
    -0.00273790    -0.00278928     0.00005138
    -0.03473261    -0.03476284     0.00003023
     0.00048142     0.00055132    -0.00006989
    -0.00695305    -0.00697973     0.00002667
    -0.02622435    -0.02624763     0.00002328
    -0.01634406    -0.01635886     0.00001480
     0.00395537     0.00403472    -0.00007935
    -0.01684554    -0.01689658     0.00005105
    -0.00817686    -0.00811922    -0.00005764
    -0.02605866    -0.02609960     0.00004094
     0.04141246     0.04144513    -0.00003266
     0.00943158     0.00949719    -0.00006562
    -0.01976009    -0.01970991    -0.00005018
    -0.01587814    -0.01589995     0.00002181
    -0.02772108    -0.02762668    -0.00009440
     0.01018996     0.01026150    -0.00007154
    -0.00092132    -0.00088405    -0.00003728
     0.01576840     0.01577514    -0.00000674
     0.02275634     0.02271432     0.00004202
    -0.00565591    -0.00557471    -0.00008120
    -0.00315690    -0.00288900    -0.00026790
    -0.01043187    -0.01075862     0.00032675
    -0.00609704    -0.00613501     0.00003798
    -0.00117156    -0.00119978     0.00002822
    -0.00116408    -0.00118539     0.00002131
    -0.00091096    -0.00092890     0.00001794
    -0.00085672    -0.00090580     0.00004908
     0.02845925     0.02831671     0.00014254
     0.02639415     0.02642376    -0.00002961
    -0.03335874    -0.03343394     0.00007520
    -0.00086603    -0.00091494     0.00004892
    -0.00086595    -0.00091494     0.00004900
    -0.00112533    -0.00114937     0.00002404
    -0.03227583    -0.03233334     0.00005751
    -0.03227583    -0.03233334     0.00005751
    -0.00082524    -0.00087176     0.00004652
    -0.02521061    -0.02516030    -0.00005031
    -0.00335397    -0.00308349    -0.00027048
    -0.00038559    -0.00043112     0.00004553
    -0.00056543    -0.00061621     0.00005079
    -0.02639771    -0.02643466     0.00003695
    -0.00091974    -0.00095043     0.00003068
    -0.00099150    -0.00103542     0.00004392
    -0.00097716    -0.00099514     0.00001798
     0.01531598     0.01543514    -0.00011915
    -0.00088252    -0.00093064     0.00004812
    -0.02721073    -0.02723618     0.00002545
     0.00489797     0.00495918    -0.00006121
    -0.00048491    -0.00050016     0.00001525
    -0.02010609    -0.02013708     0.00003099
     0.02828273     0.02816709     0.00011564
    -0.00089730    -0.00094248     0.00004519
    -0.03185000    -0.03189764     0.00004764
    -0.00091294    -0.00095203     0.00003908
     0.02506231     0.02500669     0.00005562
     0.03203858     0.03204586    -0.00000728
     0.00171489     0.00186710    -0.00015221
     0.00005508     0.00019029    -0.00013522
    -0.02018405    -0.01990485    -0.00027919
     0.02823255     0.02813679     0.00009576
     0.02475319     0.02477231    -0.00001912
    -0.03209191    -0.03212934     0.00003743
     0.00362994     0.00357231     0.00005764
     0.01118603     0.01112186     0.00006417
     0.01137431     0.01129334     0.00008096
     0.02140962     0.02145528    -0.00004566
     0.03136052     0.03125854     0.00010198
     0.03431718     0.03443051    -0.00011334
    -0.03430373    -0.03431865     0.00001492
    -0.00117757    -0.00121345     0.00003588
    -0.00047103    -0.00050594     0.00003491
    -0.00043435    -0.00048052     0.00004617
    -0.02948318    -0.02950857     0.00002539
     0.04809811     0.04821155    -0.00011344
     0.00978015     0.00971662     0.00006353
     0.01493652     0.01506539    -0.00012887
    -0.00090581    -0.00096075     0.00005494
     0.00006955     0.00001678     0.00005277
    -0.02398564    -0.02389739    -0.00008825
     0.01704578     0.01681451     0.00023127
    -0.03822764    -0.03826324     0.00003559
    -0.00074954    -0.00081671     0.00006717
    -0.02379856    -0.02381452     0.00001596
     0.01479132     0.01469384     0.00009748
    -0.02923393    -0.02906375    -0.00017017
    -0.00083090    -0.00089247     0.00006157
     0.00715347     0.00717465    -0.00002118
    -0.03183324    -0.03185925     0.00002601
    -0.00070698    -0.00077584     0.00006886
    -0.00016942    -0.00022428     0.00005486
     0.01749899     0.01741073     0.00008826
     0.01901464     0.01903866    -0.00002403
     0.01502964     0.01490044     0.00012920
    -0.02736682    -0.02724506    -0.00012176
     0.02787077     0.02782688     0.00004389
     0.01820164     0.01820733    -0.00000569
     0.01386534     0.01398640    -0.00012106
     0.04242941     0.04243857    -0.00000916
     0.01980632     0.01987395    -0.00006763
    -0.03587544    -0.03587247    -0.00000296
     0.01538388     0.01551039    -0.00012652
     0.01084273     0.01072395     0.00011878
    -0.00005293    -0.00011275     0.00005982
    -0.01253093    -0.01245547    -0.00007546
     0.00778186     0.00776992     0.00001194
    -0.02273764    -0.02278568     0.00004804
     0.02621569     0.02613303     0.00008267
    -0.02538428    -0.02533773    -0.00004655
     0.02076868     0.02080739    -0.00003870
     0.01452095     0.01445171     0.00006924
     0.01023186     0.01009324     0.00013862
     0.00597323     0.00584737     0.00012586
     0.01314141     0.01309339     0.00004802
    -0.03519649    -0.03514103    -0.00005546
    -0.03099693    -0.03097528    -0.00002165
    -0.00301742    -0.00313412     0.00011670
     0.04506252     0.04511905    -0.00005653
    -0.00003586    -0.00014717     0.00011131
    -0.00909856    -0.00904469    -0.00005387
     0.02456892     0.02460852    -0.00003961
     0.00170098     0.00166419     0.00003680
     0.02875778     0.02880263    -0.00004484
    -0.03088201    -0.03081152    -0.00007049
     0.02398991     0.02401183    -0.00002191
    -0.01840736    -0.01840785     0.00000049
    -0.01840774    -0.01840785     0.00000010
    -0.01736130    -0.01736001    -0.00000129
     0.00726160     0.00715545     0.00010616
    -0.03482562    -0.03479852    -0.00002710
    -0.03124020    -0.03124031     0.00000012
     0.01963922     0.01965540    -0.00001619
    -0.01047138    -0.01051323     0.00004185
     0.02923401     0.02920719     0.00002682
    -0.01529666    -0.01531105     0.00001439
    -0.01529683    -0.01531106     0.00001423
    -0.00707208    -0.00713739     0.00006531
    -0.03396332    -0.03382915    -0.00013417
    -0.02181360    -0.02167244    -0.00014116
    -0.03276667    -0.03271817    -0.00004850
    -0.03190704    -0.03192221     0.00001517
     0.00181543     0.00173432     0.00008111
    -0.01760326    -0.01760196    -0.00000130
    -0.01604694    -0.01605360     0.00000666
    -0.01010873    -0.01011070     0.00000197
    -0.01681582    -0.01681720     0.00000138
    -0.01681626    -0.01681721     0.00000095
    -0.01175282    -0.01175251    -0.00000031
    -0.02349766    -0.02343598    -0.00006167
     0.00527539     0.00529211    -0.00001673
     0.03032385     0.03039810    -0.00007425
    -0.01666085    -0.01665741    -0.00000344
     0.01669650     0.01656426     0.00013224
     0.01274492     0.01275971    -0.00001480
     0.00437276     0.00436354     0.00000922
    -0.01360210    -0.01360470     0.00000260
    -0.03207360    -0.03201222    -0.00006138
    -0.00774197    -0.00777497     0.00003300
     0.01202384     0.01209492    -0.00007107
     0.01303736     0.01294450     0.00009286
    -0.01590658    -0.01590322    -0.00000336
     0.00404171     0.00403321     0.00000850
    -0.00789794    -0.00792468     0.00002673
    -0.02822509    -0.02821342    -0.00001167
     0.00711866     0.00697140     0.00014727
    -0.01214180    -0.01212965    -0.00001216
    -0.01544456    -0.01544601     0.00000145
    -0.01523854    -0.01523938     0.00000084
     0.01962629     0.01963946    -0.00001316
     0.00488341     0.00467184     0.00021157
    -0.01135183    -0.01136171     0.00000988
    -0.01394281    -0.01394337     0.00000055
    -0.01495040    -0.01494712    -0.00000328
    -0.01121003    -0.01123397     0.00002394
    -0.02176533    -0.02174910    -0.00001623
    -0.02126047    -0.02118281    -0.00007767
    -0.00932434    -0.00934343     0.00001910
     0.02914209     0.02912301     0.00001908
    -0.01295281    -0.01295727     0.00000446
    -0.01056643    -0.01058936     0.00002293
    -0.01149746    -0.01150690     0.00000943
     0.01600557     0.01603755    -0.00003198
    -0.01323627    -0.01323618    -0.00000009
    -0.00405031    -0.00397212    -0.00007818
    -0.03047259    -0.03040978    -0.00006280
    -0.01117612    -0.01117587    -0.00000026
     0.01147589     0.01150800    -0.00003211
    -0.01187943    -0.01188395     0.00000452
     0.02843057     0.02856278    -0.00013221
     0.01312013     0.01312538    -0.00000525
     0.00867907     0.00870848    -0.00002941
    -0.03547870    -0.03554888     0.00007018
     0.00297788     0.00295647     0.00002141
    -0.00225531    -0.00230838     0.00005307
     0.02806041     0.02805916     0.00000125
     0.01991454     0.01989253     0.00002202
     0.02835584     0.02837753    -0.00002169
     0.01194313     0.01186340     0.00007973
    -0.00721192    -0.00715424    -0.00005767
    -0.03831706    -0.03832172     0.00000466
    -0.04286245    -0.04287953     0.00001708
    -0.04102146    -0.04105736     0.00003590
     0.00234451     0.00218245     0.00016205
     0.01330242     0.01315503     0.00014739
    -0.04163965    -0.04156849    -0.00007116
    -0.03473397    -0.03478144     0.00004746
    -0.04435298    -0.04428823    -0.00006475
    -0.04563515    -0.04560319    -0.00003196
     0.02835758     0.02828416     0.00007342
    -0.01727858    -0.01723740    -0.00004118
    -0.03097995    -0.03095101    -0.00002893
    -0.00066578    -0.00063603    -0.00002975
    -0.03891650    -0.03888171    -0.00003479
    -0.02322897    -0.02319852    -0.00003045
    -0.03441231    -0.03442801     0.00001570
    -0.01894114    -0.01893789    -0.00000325
    -0.00123281    -0.00120807    -0.00002474
    -0.00530666    -0.00529624    -0.00001042
    -0.01638887    -0.01638572    -0.00000316
    -0.00280702    -0.00272552    -0.00008150
     0.02867939     0.02862534     0.00005404
     0.02815483     0.02808673     0.00006810
     0.02846314     0.02841198     0.00005115
    -0.01628035    -0.01620183    -0.00007852
     0.02221665     0.02231720    -0.00010055
     0.02287356     0.02301267    -0.00013910
    -0.00571167    -0.00571100    -0.00000067
    -0.01480025    -0.01484745     0.00004721
    -0.00070431    -0.00051261    -0.00019170
    -0.00070431    -0.00051261    -0.00019170
     0.02590761     0.02571105     0.00019655
    -0.02510484    -0.02504884    -0.00005600
    -0.00173633    -0.00177348     0.00003715
     0.01322579     0.01321051     0.00001528
     0.00307891     0.00309054    -0.00001163
    -0.00187353    -0.00184152    -0.00003201
     0.03278371     0.03269059     0.00009312
     0.01727128     0.01725643     0.00001485
    -0.02034555    -0.02043861     0.00009307
    -0.00111648    -0.00095286    -0.00016362
     0.02689895     0.02712344    -0.00022450
    -0.00439894    -0.00437616    -0.00002278
     0.02074555     0.02074711    -0.00000156
    -0.00060850    -0.00042062    -0.00018788
    -0.00060877    -0.00042062    -0.00018815
    -0.01944607    -0.01950104     0.00005497
    -0.02480176    -0.02455369    -0.00024808
     0.00322869     0.00323813    -0.00000944
     0.00401607     0.00401054     0.00000554
     0.02937589     0.02952086    -0.00014497
    -0.00943329    -0.00941419    -0.00001910
     0.00338110     0.00338838    -0.00000728
    -0.00066711    -0.00047520    -0.00019191
    -0.00066711    -0.00047520    -0.00019191
     0.02892755     0.02894063    -0.00001308
     0.03405919     0.03406143    -0.00000224
     0.00385379     0.00385244     0.00000134
    -0.00283907    -0.00280904    -0.00003003
     0.00353636     0.00354105    -0.00000468
    -0.05094361    -0.05090240    -0.00004121
     0.00369392     0.00369584    -0.00000192
    -0.00256954    -0.00249987    -0.00006967
     0.00420661     0.00426896    -0.00006235
     0.02007977     0.02019153    -0.00011176
    -0.00138852    -0.00119863    -0.00018988
    -0.02641616    -0.02634657    -0.00006959
    -0.00203340    -0.00197865    -0.00005475
    -0.03276254    -0.03264490    -0.00011764
    -0.03394593    -0.03393832    -0.00000761
    -0.00711338    -0.00714321     0.00002983
     0.01458533     0.01458384     0.00000149
     0.01815568     0.01806260     0.00009308
    -0.03487379    -0.03484880    -0.00002499
    -0.00582076    -0.00579912    -0.00002164
     0.00746787     0.00757660    -0.00010874
    -0.01687530    -0.01684715    -0.00002815
    -0.01674975    -0.01674859    -0.00000116
    -0.00227027    -0.00230505     0.00003477
     0.03046404     0.03043018     0.00003387
     0.01888688     0.01879703     0.00008985
     0.00316169     0.00309005     0.00007164
    -0.00060181    -0.00069290     0.00009110
     0.01473211     0.01474008    -0.00000798
    -0.02608791    -0.02581731    -0.00027060
     0.01404641     0.01392454     0.00012187
     0.01851672     0.01846665     0.00005007
     0.00401047     0.00407705    -0.00006658
    -0.00445216    -0.00443294    -0.00001922
    -0.01837977    -0.01846863     0.00008886
     0.01597297     0.01589743     0.00007554
     0.01159600     0.01158941     0.00000658
     0.01386260     0.01410532    -0.00024273
     0.00532159     0.00543833    -0.00011673
    -0.00125581    -0.00120912    -0.00004668
    -0.00036836    -0.00037091     0.00000255
    -0.01923418    -0.01934686     0.00011268
     0.04727622     0.04730643    -0.00003021
    -0.01834964    -0.01835538     0.00000574
     0.01260325     0.01262159    -0.00001834
     0.01769437     0.01762880     0.00006556
     0.00074935     0.00077549    -0.00002615
    -0.00030931    -0.00031944     0.00001013
     0.00252865     0.00253303    -0.00000438
    -0.01933951    -0.01943404     0.00009453
     0.00357155     0.00355830     0.00001325
     0.01415860     0.01413581     0.00002280
     0.02152260     0.02148332     0.00003928
     0.01057595     0.01050115     0.00007480
    -0.01538461    -0.01536654    -0.00001807
    -0.02058155    -0.02059141     0.00000986
     0.02422994     0.02435829    -0.00012835
     0.00508211     0.00518965    -0.00010755
    -0.01835677    -0.01845809     0.00010132
     0.00403958     0.00398226     0.00005733
    -0.01589782    -0.01588174    -0.00001608
    -0.01309605    -0.01305101    -0.00004504
     0.03307400     0.03301886     0.00005513
    -0.00310436    -0.00303054    -0.00007381
     0.02967372     0.02959086     0.00008286
     0.04478341     0.04476548     0.00001793
     0.02769817     0.02781402    -0.00011585
     0.04119442     0.04119207     0.00000235
    -0.01661269    -0.01657652    -0.00003616
     0.02351970     0.02361705    -0.00009735
     0.00008536     0.00007842     0.00015025     0.00011171     0.00064981
