                 -1.58532322409353243486
                  1.17977249802308992166
                  1.55788333226288622235
                 -0.78052804042625323344
                 -0.49963777761941891020
                 -0.69633870650938578528
                 -0.39752237243455479376
                  0.09076842841432698761
                 -0.23053484091972531456
                 -0.32493299269105097027
                 -0.42156289152408682464
                  0.98004484173030415040
                  0.79979961523201081874
                 -1.26479437114577875079
                  1.42141458258392816560
                 -1.59085278019247544634
                  1.38037894463173937964
                  1.04297232283855167978
                 -0.96259078199650394136
                  0.55751501464898312044
                  0.51897226252644412803
                  0.39734449117787090655
                 -0.15901072541527513926
                 -0.32335206436967695032
                 -0.25856490661022929478
                 -0.72072899299161052866
                  0.82336653216041066905
                  1.31417195133361253134
                 -1.60125705125963224695
                  1.52400816204614186766
                 -0.10714550506827137666
