                 -1.43980590515431683407
                 -1.78474659950562397626
                 -1.32778298469694711059
                  1.02123904656479425057
                 -1.16451063037855595539
                 -0.50828390427112613015
                  0.31230299548983170288
                  0.28539752336031676272
                 -0.15508217771130899942
                 -1.03769038602449081843
                 -0.16101010629727791068
                 -0.93630923006233812700
                  1.00545596151316174449
                 -0.94523151116769599245
                  1.10934841355252866713
                  1.51491038480583140036
                 -1.40749825813332218871
                 -0.98640257085641214196
                  0.82869263284065219910
                  0.52562709038172505949
                  0.38145438484256105616
                  0.15335724335856765199
                 -0.02741363964699024616
                 -0.36365916321179708737
                 -0.54496777968967469175
                 -0.78914782225682078565
                 -1.34854336615435022040
                 -0.57538658665541242421
                  0.70846395564920705556
                 -1.75681814277827408333
                  0.07804926166666600884
