                  1.50659331861194178970
                 -1.34470514334465152118
                  1.28661881082499940376
                 -0.90348176674066660308
                 -0.20336563043140493123
                  0.14824492051582813246
                 -0.40544296467128859707
                  0.12803085728299465340
                  0.48964464901863447022
                 -0.21964784646437740534
                  0.69413358708017824927
                 -0.90948681294973043876
                  1.27033616763437673391
                  1.32846112658750903357
                 -1.34147658119378032637
                 -1.59654589152963999332
                  1.45894938931129902748
                 -1.25734843436802323779
                  1.02281199210564377466
                  0.78638043580700001112
                 -0.30114755984524144150
                  0.20301767142511870090
                  0.00187899934452926483
                  0.03575503746482065759
                 -0.59799285649563382883
                  0.66319104098112258150
                 -1.02175801474203398200
                 -1.42921438805674272388
                 -1.41607635346533977660
                  1.51703921207096081858
                 -0.96437526583256016899
