                  1.44007813093730163700
                 -1.31063017788595503887
                  1.00759915412982636873
                  0.89800222849827493476
                  0.63977722088916122445
                 -0.41029922425215226145
                  0.14376047269616140656
                 -0.00133667690720231172
                 -0.26209141236721267276
                  0.43133031336974592129
                 -0.65221607951667814884
                 -0.97795901545581209735
                 -1.02856790001394537981
                  1.25835449633003326753
                 -1.47188844057470680227
                 -1.68829361491433171949
                  1.44095953860030823179
                  1.20361234370995240361
                  0.96013499389375844828
                  0.70254179697871665944
                  0.49644884365669056381
                  0.24400619817144025836
                  0.01504570707681172383
                 -0.25265855151835464598
                 -0.46187960254003268545
                  0.73554577926430175783
                 -0.94411908108477360368
                  1.18835934010075039424
                 -1.44250301010865999984
                 -1.70714683422684720959
                  0.04844324447555432150
