7685
31671
27744
11533
14300
25911
18889
31096
27611
20993
9462
6005
14909
22225
6600
16031
9941
23308
17442
26658
32343
20048
3114
10821
3283
27550
13409
8890
27652
13440
11507
17303
24541
21198
2158
6206
13235
20591
12814
30720
20835
26606
26856
28007
32388
8434
10197
29960
4308
25280
23846
196
32294
9236
29766
23332
26996
8403
4352
16096
18468
5156
16786
23836
3684
10470
9273
26496
15814
28431
30635
12380
8522
22241
20857
12195
19733
18092
24144
20999
28627
26450
29812
6720
21972
19136
12822
2582
18043
32245
23799
7032
7976
1369
10849
2232
9221
3043
21355
15437
28413
26695
16300
23827
8993
9479
14854
31974
31984
7440
6348
8256
9072
31889
18108
10061
23447
13564
27187
26509
9671
12441
7460
8184
11511
7871
8026
32225
7769
8716
7453
15794
13011
6366
25442
32219
6700
24023
6717
7099
6791
6543
19308
8053
8818
6330
13456
7791
8648
32068
32058
32152
32142
9125
16574
7307
9659
22522
7838
6482
13374
7058
9589
24940
8102
31973
10674
6862
22755
7047
7374
14515
7372
6964
6728
7619
7288
7902
7645
32141
6805
11410
16638
8205
9592
7544
8525
11001
7188
32057
10119
8541
7518
9128
6709
6733
24556
10273
7054
7509
24501
32399
21437
23398
15153
28033
27364
26586
15824
11952
28076
27042
19704
8065
15333
26230
25037
27890
25520
8011
27880
28364
20066
25933
11772
18361
28296
18480
29477
19703
28969
26553
14301
28182
29162
15126
26143
23514
11404
28861
27984
29414
17528
18794
28812
29467
27993
17186
25513
28106
28443
9274
28654
28612
16024
27446
13685
12990
29068
17235
22032
13495
28403
29431
15759
29395
25200
27287
28421
18285
19793
24259
27820
16842
28916
24420
28452
20994
17876
27638
29400
11200
13563
27255
26923
25584
25365
15713
26766
21072
22811
13043
22947
27726
25310
27682
26687
27975
23073
25796
24566
29082
9438
28313
361
10493
380
7358
9674
7704
9919
29436
11514
9019
8264
8141
379
362
29006
12241
7515
13358
7664
378
7899
363
9271
16815
8239
8897
377
12537
364
29410
7558
376
32465
7881
29476
365
12553
375
8684
366
374
367
7682
373
7345
368
9837
8438
372
369
10305
371
370
10772
11765
9762
8455
15625
7882
9626
9880
10006
8527
8796
8771
28644
8258
28698
29130
7920
8669
8660
10850
8208
8812
11110
8206
12333
8324
8546
8158
9772
8851
7843
8927
18231
12275
9158
28997
9425
8037
8711
11659
7551
12686
8336
