                 -1.62190472001488306120
                 -1.24868029036065686377
                 -1.06805016426875210023
                 -0.93853369212872950200
                  0.50423980649400435006
                 -0.48572188922764858443
                 -0.76843005998547275759
                  0.09541186825838483820
                 -0.54460665387296958162
                  0.81008559735516161293
                 -0.80070809915540230861
                 -0.93139104979515874305
                  0.95286920614656156481
                 -1.13816837337008025521
                  1.63961841965074262006
                 -1.73512545002454188214
                 -1.40147518849958396814
                  1.13451628062662424057
                  0.94220555320377830100
                 -0.71331597253927414570
                  0.46744665613716562813
                  0.33564630525915439829
                  0.15929303339523856464
                 -0.29346307685585953928
                  0.63077100917411899061
                  0.72867775636739262612
                 -0.91641470283946602216
                 -1.23159379567216586970
                  1.36867864809530881409
                  1.70906471422023198414
                  0.75338959687794304632
