     0.00013105     0.00030734    -0.00017629
     0.02248545     0.02262064    -0.00013519
    -0.01472814    -0.01496601     0.00023788
     0.03938440     0.03977462    -0.00039022
    -0.00835920    -0.00844778     0.00008858
     0.01503587     0.01503698    -0.00000111
     0.00008727     0.00010432    -0.00001705
    -0.02133286    -0.02151143     0.00017857
    -0.02912807    -0.02917662     0.00004854
    -0.01862652    -0.01856025    -0.00006627
     0.01521862     0.01525748    -0.00003886
     0.00163704     0.00154998     0.00008705
    -0.00086611    -0.00094127     0.00007516
     0.02370240     0.02364612     0.00005628
    -0.00005693    -0.00004719    -0.00000973
    -0.01545324    -0.01543313    -0.00002010
     0.02800090     0.02774020     0.00026069
     0.01375955     0.01362083     0.00013872
    -0.02915009    -0.02905951    -0.00009058
     0.01361105     0.01367447    -0.00006342
     0.02544344     0.02537353     0.00006991
    -0.00275083    -0.00281375     0.00006292
     0.03055158     0.03058885    -0.00003726
     0.01867354     0.01880980    -0.00013626
     0.04042456     0.04048858    -0.00006402
     0.02956705     0.02940931     0.00015773
     0.04064772     0.04061342     0.00003430
     0.00783462     0.00780560     0.00002902
    -0.00106399    -0.00135282     0.00028883
    -0.00287785    -0.00306880     0.00019095
    -0.00785737    -0.00780493    -0.00005244
     0.03260876     0.03259798     0.00001078
    -0.01014865    -0.01021749     0.00006884
    -0.01674700    -0.01678582     0.00003882
     0.01755034     0.01763174    -0.00008140
     0.03207763     0.03208674    -0.00000912
     0.03335830     0.03342805    -0.00006975
    -0.01619026    -0.01616831    -0.00002195
    -0.01555860    -0.01554774    -0.00001086
     0.02413010     0.02412524     0.00000486
    -0.00133532    -0.00124443    -0.00009089
    -0.01508177    -0.01502322    -0.00005855
    -0.00062769    -0.00069958     0.00007189
     0.04314458     0.04307387     0.00007071
    -0.00200785    -0.00203402     0.00002618
    -0.00702680    -0.00690659    -0.00012021
    -0.00672682    -0.00655021    -0.00017661
    -0.00113961    -0.00147282     0.00033321
    -0.00016931    -0.00050677     0.00033746
    -0.03058620    -0.03042478    -0.00016142
    -0.01978553    -0.01986179     0.00007626
     0.00390677     0.00407206    -0.00016530
    -0.02415895    -0.02397070    -0.00018825
    -0.00141415    -0.00140599    -0.00000816
    -0.00150210    -0.00130728    -0.00019481
    -0.00046861    -0.00031635    -0.00015225
    -0.00948352    -0.00942211    -0.00006141
    -0.00063144    -0.00063925     0.00000781
     0.02863800     0.02878751    -0.00014952
    -0.02603109    -0.02600599    -0.00002510
     0.03337656     0.03319743     0.00017913
     0.00847001     0.00851484    -0.00004484
     0.00721630     0.00703996     0.00017634
     0.01381827     0.01376613     0.00005214
    -0.01201883    -0.01188401    -0.00013483
     0.00003924    -0.00019594     0.00023518
    -0.00226382    -0.00218199    -0.00008184
     0.00662306     0.00650905     0.00011401
     0.00540130     0.00545432    -0.00005302
    -0.01086975    -0.01075658    -0.00011317
    -0.00046297    -0.00029886    -0.00016411
    -0.00915903    -0.00933001     0.00017099
     0.02074457     0.02077539    -0.00003082
    -0.01618160    -0.01627780     0.00009620
     0.00505637     0.00500128     0.00005509
    -0.00045593    -0.00028052    -0.00017541
    -0.01848072    -0.01849793     0.00001720
    -0.00072581    -0.00099303     0.00026722
     0.02089919     0.02082114     0.00007805
     0.01791889     0.01804573    -0.00012684
    -0.00573270    -0.00563917    -0.00009353
     0.01941832     0.01944739    -0.00002907
    -0.03183324    -0.03186282     0.00002958
     0.02524346     0.02525662    -0.00001317
     0.01616871     0.01615704     0.00001166
     0.03466148     0.03477552    -0.00011404
     0.02785445     0.02785910    -0.00000465
    -0.01749445    -0.01752016     0.00002571
     0.00298199     0.00302702    -0.00004503
     0.01512031     0.01508841     0.00003189
     0.02495826     0.02509547    -0.00013721
     0.01682347     0.01682042     0.00000305
    -0.02238700    -0.02244339     0.00005639
     0.02828273     0.02823868     0.00004405
     0.03404215     0.03403414     0.00000801
     0.01266883     0.01259076     0.00007807
    -0.00046798    -0.00031435    -0.00015363
     0.00920899     0.00927276    -0.00006377
     0.03655798     0.03652928     0.00002870
     0.00619568     0.00613521     0.00006046
    -0.00361196    -0.00361746     0.00000551
    -0.00463960    -0.00459984    -0.00003975
    -0.00867091    -0.00861599    -0.00005492
    -0.00867118    -0.00861599    -0.00005519
    -0.00893981    -0.00894343     0.00000362
    -0.00808837    -0.00803512    -0.00005324
    -0.01001722    -0.01001686    -0.00000036
    -0.00585467    -0.00586166     0.00000700
    -0.00891763    -0.00891170    -0.00000593
    -0.00455508    -0.00452595    -0.00002913
    -0.00611478    -0.00607800    -0.00003678
    -0.00781340    -0.00780583    -0.00000756
    -0.00544089    -0.00543856    -0.00000233
    -0.00429330    -0.00429277    -0.00000053
    -0.00567208    -0.00567793     0.00000585
    -0.01211699    -0.01214666     0.00002967
    -0.00433075    -0.00431807    -0.00001268
    -0.01094752    -0.01096592     0.00001840
    -0.03422022    -0.03417619    -0.00004403
    -0.00693346    -0.00696181     0.00002835
    -0.02450617    -0.02454937     0.00004320
    -0.00440288    -0.00439291    -0.00000998
    -0.00480159    -0.00480136    -0.00000022
    -0.00630354    -0.00631467     0.00001113
    -0.00778556    -0.00782097     0.00003541
    -0.01037418    -0.01038277     0.00000859
    -0.00795430    -0.00793732    -0.00001697
    -0.00466085    -0.00464759    -0.00001325
    -0.01057690    -0.01058579     0.00000889
    -0.01878446    -0.01878835     0.00000390
    -0.00562865    -0.00560406    -0.00002458
    -0.00502047    -0.00500978    -0.00001069
    -0.00731921    -0.00734554     0.00002633
    -0.01396905    -0.01397698     0.00000793
    -0.00686690    -0.00685936    -0.00000754
    -0.02438592    -0.02440451     0.00001859
    -0.01048574    -0.01049572     0.00000997
    -0.03169354    -0.03174916     0.00005562
    -0.00549001    -0.00546719    -0.00002281
    -0.00571137    -0.00569607    -0.00001530
    -0.01949715    -0.01949964     0.00000249
    -0.01094850    -0.01096906     0.00002056
    -0.00841934    -0.00842448     0.00000515
    -0.00841950    -0.00842448     0.00000498
    -0.00626265    -0.00623623    -0.00002641
    -0.01084537    -0.01087053     0.00002516
    -0.00906841    -0.00907664     0.00000822
    -0.01028207    -0.01029337     0.00001130
    -0.01699286    -0.01695881    -0.00003405
    -0.01644292    -0.01641654    -0.00002638
    -0.00944453    -0.00944911     0.00000458
    -0.00947258    -0.00949453     0.00002194
    -0.00636357    -0.00633946    -0.00002411
    -0.00661726    -0.00659374    -0.00002353
    -0.00782316    -0.00780567    -0.00001750
    -0.00798447    -0.00796646    -0.00001801
    -0.01109977    -0.01112617     0.00002640
    -0.00743848    -0.00743251    -0.00000597
    -0.00791900    -0.00792066     0.00000166
    -0.01626299    -0.01623190    -0.00003109
    -0.01359048    -0.01359274     0.00000226
    -0.00793721    -0.00792283    -0.00001438
    -0.00837104    -0.00835499    -0.00001605
    -0.00840990    -0.00839772    -0.00001218
    -0.01651494    -0.01648913    -0.00002581
    -0.01022517    -0.01024313     0.00001796
    -0.00702184    -0.00700295    -0.00001889
    -0.01029507    -0.01031505     0.00001997
    -0.03047311    -0.03045766    -0.00001544
    -0.01085269    -0.01086965     0.00001696
    -0.01864614    -0.01859069    -0.00005545
    -0.01145975    -0.01149346     0.00003371
    -0.01119615    -0.01122854     0.00003238
    -0.00846625    -0.00846184    -0.00000441
    -0.00801764    -0.00800813    -0.00000951
    -0.00888648    -0.00888762     0.00000115
    -0.01569887    -0.01566044    -0.00003843
    -0.00865929    -0.00865754    -0.00000175
    -0.02532849    -0.02512920    -0.00019929
    -0.01228872    -0.01228962     0.00000091
    -0.01900661    -0.01897655    -0.00003005
    -0.01073367    -0.01076188     0.00002821
    -0.01273253    -0.01273011    -0.00000242
    -0.01513231    -0.01511036    -0.00002194
    -0.01690129    -0.01685568    -0.00004561
    -0.01799130    -0.01794123    -0.00005007
    -0.01756253    -0.01752202    -0.00004051
    -0.01969966    -0.01965818    -0.00004148
    -0.01501282    -0.01498225    -0.00003057
    -0.01471695    -0.01469316    -0.00002379
    -0.00851882    -0.00851853    -0.00000029
    -0.00903168    -0.00904463     0.00001295
    -0.01107365    -0.01111196     0.00003832
    -0.01860159    -0.01855494    -0.00004665
    -0.01849427    -0.01844497    -0.00004930
    -0.00949332    -0.00951257     0.00001925
    -0.01890127    -0.01888743    -0.00001384
    -0.03255078    -0.03249405    -0.00005673
    -0.01214180    -0.01206870    -0.00007310
    -0.02514811    -0.02525664     0.00010853
    -0.00199813    -0.00202817     0.00003004
    -0.00199813    -0.00202817     0.00003004
    -0.00199813    -0.00202817     0.00003004
    -0.00199813    -0.00202817     0.00003004
    -0.00199813    -0.00202817     0.00003004
    -0.00199813    -0.00202817     0.00003004
    -0.00199813    -0.00202817     0.00003004
    -0.00199813    -0.00202817     0.00003004
     0.01749151     0.01749364    -0.00000213
    -0.00324942    -0.00324296    -0.00000646
    -0.00481584    -0.00478467    -0.00003117
    -0.00433665    -0.00442114     0.00008449
    -0.01162019    -0.01164177     0.00002158
    -0.05506420    -0.05452515    -0.00053905
    -0.00475271    -0.00473224    -0.00002048
    -0.00331184    -0.00335971     0.00004787
    -0.00351593    -0.00345668    -0.00005924
     0.03303740     0.03303725     0.00000015
    -0.00345293    -0.00348943     0.00003650
    -0.00366341    -0.00365757    -0.00000585
    -0.00360031    -0.00360905     0.00000874
     0.02081181     0.02086269    -0.00005088
    -0.00377373    -0.00377945     0.00000572
    -0.00777925    -0.00779098     0.00001174
    -0.00413349    -0.00407783    -0.00005566
    -0.00317981    -0.00315841    -0.00002140
    -0.00313543    -0.00311881    -0.00001662
     0.03297130     0.03295751     0.00001380
    -0.00295189    -0.00296806     0.00001617
    -0.00357786    -0.00355335    -0.00002451
     0.03381793     0.03387460    -0.00005667
    -0.00378622    -0.00378676     0.00000054
     0.01851672     0.01854061    -0.00002389
    -0.00697896    -0.00688873    -0.00009023
    -0.00596259    -0.00593840    -0.00002418
    -0.00570280    -0.00567642    -0.00002638
    -0.00646189    -0.00640929    -0.00005260
    -0.00369776    -0.00368201    -0.00001575
     0.02929654     0.02927851     0.00001804
    -0.00327339    -0.00323972    -0.00003367
    -0.00361367    -0.00360008    -0.00001359
     0.04882457     0.04870625     0.00011833
     0.04766229     0.04759679     0.00006550
    -0.00784039    -0.00782101    -0.00001938
    -0.00386421    -0.00386035    -0.00000386
    -0.00417466    -0.00414135    -0.00003332
     0.02508060     0.02508397    -0.00000337
     0.00494888     0.00501809    -0.00006921
    -0.00687790    -0.00685501    -0.00002289
    -0.00615600    -0.00611124    -0.00004476
    -0.00722070    -0.00719007    -0.00003064
    -0.00246312    -0.00246655     0.00000343
    -0.00246285    -0.00246655     0.00000370
    -0.00246285    -0.00246655     0.00000370
    -0.00246285    -0.00246655     0.00000370
    -0.00246285    -0.00246655     0.00000370
    -0.00246285    -0.00246655     0.00000370
    -0.00246285    -0.00246655     0.00000370
    -0.00246285    -0.00246655     0.00000370
    -0.00246285    -0.00246655     0.00000370
    -0.00246285    -0.00246655     0.00000370
    -0.00246285    -0.00246655     0.00000370
    -0.00246285    -0.00246655     0.00000370
    -0.00605170    -0.00614136     0.00008965
    -0.00347228    -0.00346656    -0.00000572
    -0.00381071    -0.00383366     0.00002295
    -0.00728386    -0.00726994    -0.00001392
    -0.00740713    -0.00736138    -0.00004575
    -0.00676149    -0.00676431     0.00000282
     0.05312329     0.05315197    -0.00002867
    -0.00375493    -0.00372812    -0.00002681
    -0.00395591    -0.00394676    -0.00000915
     0.04010009     0.04007034     0.00002974
    -0.00663351    -0.00663874     0.00000523
    -0.00649710    -0.00649386    -0.00000324
    -0.00492668    -0.00497950     0.00005282
    -0.00326392    -0.00327190     0.00000797
    -0.00404827    -0.00403893    -0.00000933
    -0.00454144    -0.00456800     0.00002655
    -0.00226807    -0.00227422     0.00000615
    -0.00226807    -0.00227422     0.00000615
    -0.00226807    -0.00227422     0.00000615
    -0.00226780    -0.00227422     0.00000643
    -0.00226780    -0.00227422     0.00000643
    -0.00226780    -0.00227422     0.00000643
    -0.00226780    -0.00227422     0.00000643
    -0.00226780    -0.00227422     0.00000643
    -0.00226780    -0.00227422     0.00000643
    -0.00226780    -0.00227422     0.00000643
    -0.00226780    -0.00227422     0.00000643
    -0.00226780    -0.00227422     0.00000643
     0.04130144     0.04131559    -0.00001415
    -0.00414574    -0.00413347    -0.00001226
     0.02289427     0.02293806    -0.00004379
     0.02136097     0.02137779    -0.00001683
     0.03643583     0.03643357     0.00000225
     0.02604674     0.02600219     0.00004455
     0.02873648     0.02878400    -0.00004752
     0.02287517     0.02285332     0.00002185
     0.02466241     0.02474076    -0.00007835
    -0.02206065    -0.02205974    -0.00000092
    -0.02034476    -0.02027240    -0.00007236
    -0.02034476    -0.02027240    -0.00007236
    -0.02204830    -0.02204333    -0.00000497
    -0.02564458    -0.02566974     0.00002516
    -0.02933287    -0.02929447    -0.00003840
    -0.03050184    -0.03038243    -0.00011941
    -0.03260855    -0.03262098     0.00001243
    -0.00760180    -0.00762855     0.00002675
    -0.02375791    -0.02376819     0.00001028
    -0.02375791    -0.02376819     0.00001028
    -0.03235657    -0.03249087     0.00013431
    -0.01497600    -0.01515407     0.00017806
    -0.02617991    -0.02616787    -0.00001204
    -0.02129092    -0.02151433     0.00022340
    -0.03103263    -0.03105678     0.00002415
    -0.04255039    -0.04244857    -0.00010182
    -0.02115092    -0.02109495    -0.00005597
    -0.02115092    -0.02109495    -0.00005597
    -0.03215787    -0.03219494     0.00003707
    -0.02285822    -0.02284149    -0.00001673
    -0.02285822    -0.02284149    -0.00001673
    -0.02691750    -0.02692427     0.00000677
    -0.02198909    -0.02195093    -0.00003815
    -0.02198909    -0.02195093    -0.00003815
    -0.02195934    -0.02191383    -0.00004551
    -0.03537888    -0.03533495    -0.00004394
    -0.02876611    -0.02877556     0.00000945
    -0.02553032    -0.02561753     0.00008720
    -0.02253737    -0.02260166     0.00006429
    -0.02549122    -0.02543077    -0.00006045
    -0.02038149    -0.02034780    -0.00003369
    -0.03568515    -0.03560556    -0.00007959
    -0.03778241    -0.03773494    -0.00004747
    -0.04765892    -0.04767842     0.00001950
    -0.03129152    -0.03127255    -0.00001896
    -0.03190981    -0.03186451    -0.00004530
    -0.03360652    -0.03365001     0.00004349
    -0.02224114    -0.02225283     0.00001169
    -0.03023288    -0.03018741    -0.00004548
    -0.05407624    -0.05404249    -0.00003375
    -0.04761255    -0.04756542    -0.00004713
    -0.03728948    -0.03725835    -0.00003112
    -0.04156169    -0.04151878    -0.00004291
    -0.04102963    -0.04105066     0.00002103
    -0.00732531    -0.00735230     0.00002699
    -0.02773515    -0.02777363     0.00003848
    -0.02838784    -0.02832234    -0.00006550
    -0.00481954    -0.00472941    -0.00009014
    -0.04308466    -0.04306317    -0.00002149
    -0.02764584    -0.02770864     0.00006280
    -0.04507180    -0.04506588    -0.00000592
    -0.02853756    -0.02844722    -0.00009034
    -0.03156026    -0.03172016     0.00015990
    -0.01691879    -0.01683394    -0.00008485
    -0.04319552    -0.04314429    -0.00005123
    -0.02022266    -0.02017222    -0.00005044
    -0.03056299    -0.03055415    -0.00000883
    -0.03990035    -0.03986798    -0.00003237
    -0.04693110    -0.04691461    -0.00001649
    -0.02669140    -0.02675664     0.00006523
    -0.02206865    -0.02201811    -0.00005055
    -0.04068178    -0.04080979     0.00012801
    -0.02892323    -0.02904099     0.00011776
    -0.01377136    -0.01369391    -0.00007745
    -0.03662791    -0.03653186    -0.00009606
    -0.03631844    -0.03638423     0.00006579
    -0.03042976    -0.03048935     0.00005960
    -0.02334712    -0.02338573     0.00003861
    -0.03175544    -0.03175727     0.00000183
    -0.01549430    -0.01545010    -0.00004420
    -0.04489071    -0.04476983    -0.00012088
    -0.04610433    -0.04612888     0.00002455
    -0.02146557    -0.02134053    -0.00012504
    -0.03878335    -0.03877430    -0.00000906
    -0.03654217    -0.03658405     0.00004188
    -0.02543318    -0.02542429    -0.00000889
    -0.03361874    -0.03361774    -0.00000101
    -0.03389058    -0.03389850     0.00000792
    -0.02137468    -0.02143034     0.00005566
    -0.03335874    -0.03335610    -0.00000264
    -0.03495697    -0.03490127    -0.00005570
    -0.02374607    -0.02369108    -0.00005499
    -0.01916234    -0.01906480    -0.00009754
    -0.02757654    -0.02752493    -0.00005161
    -0.02917101    -0.02914389    -0.00002712
    -0.03918372    -0.03933333     0.00014962
    -0.02619115    -0.02609784    -0.00009331
    -0.03403181    -0.03415330     0.00012149
    -0.03205501    -0.03207364     0.00001863
    -0.02860390    -0.02852192    -0.00008198
    -0.03887693    -0.03880962    -0.00006732
    -0.02522713    -0.02529320     0.00006607
    -0.04204690    -0.04202116    -0.00002573
    -0.04133355    -0.04145081     0.00011726
    -0.03807393    -0.03804024    -0.00003369
    -0.03261200    -0.03263157     0.00001957
    -0.03018575    -0.03023973     0.00005397
    -0.03164388    -0.03157337    -0.00007050
    -0.03643199    -0.03634998    -0.00008201
    -0.01886769    -0.01884058    -0.00002711
    -0.02819342    -0.02817790    -0.00001551
    -0.02449125    -0.02449325     0.00000199
    -0.01866200    -0.01868573     0.00002372
    -0.02492998    -0.02482508    -0.00010491
    -0.02542455    -0.02538820    -0.00003635
    -0.01837667    -0.01833249    -0.00004417
    -0.01592370    -0.01588678    -0.00003691
    -0.02754369    -0.02739579    -0.00014790
    -0.01627467    -0.01627709     0.00000242
    -0.02830360    -0.02832329     0.00001970
    -0.01972570    -0.01974800     0.00002231
    -0.01681275    -0.01680854    -0.00000421
    -0.01776035    -0.01775786    -0.00000249
    -0.02693163    -0.02695788     0.00002625
    -0.01317265    -0.01315538    -0.00001727
    -0.01365388    -0.01359215    -0.00006174
    -0.01704633    -0.01698713    -0.00005920
    -0.02707672    -0.02702119    -0.00005552
    -0.01483494    -0.01477264    -0.00006230
    -0.01583099    -0.01578970    -0.00004129
    -0.01913611    -0.01914452     0.00000841
    -0.01591967    -0.01591733    -0.00000233
    -0.02619550    -0.02624062     0.00004512
    -0.02066101    -0.02059272    -0.00006829
    -0.02573446    -0.02563801    -0.00009645
    -0.02521075    -0.02525277     0.00004202
    -0.02297449    -0.02292887    -0.00004562
    -0.02261911    -0.02261341    -0.00000570
    -0.02300154    -0.02304287     0.00004133
    -0.01517146    -0.01514026    -0.00003121
    -0.02347719    -0.02339015    -0.00008705
    -0.01429803    -0.01426921    -0.00002883
    -0.01396175    -0.01392589    -0.00003587
    -0.02347243    -0.02349588     0.00002345
    -0.01782670    -0.01783172     0.00000502
    -0.02690183    -0.02683096    -0.00007087
    -0.01944708    -0.01944660    -0.00000048
    -0.01701297    -0.01696235    -0.00005062
    -0.02588913    -0.02594600     0.00005687
    -0.02718962    -0.02713362    -0.00005599
    -0.02184043    -0.02184088     0.00000045
    -0.01519574    -0.01516743    -0.00002831
    -0.02064430    -0.02067332     0.00002902
    -0.01746008    -0.01746496     0.00000488
    -0.01944196    -0.01942875    -0.00001321
    -0.02183420    -0.02187836     0.00004416
    -0.02337725    -0.02337285    -0.00000439
    -0.02011711    -0.02021054     0.00009343
    -0.01538592    -0.01533256    -0.00005336
    -0.02568695    -0.02569656     0.00000961
    -0.01359587    -0.01353470    -0.00006117
    -0.02447583    -0.02449850     0.00002268
    -0.02241032    -0.02242834     0.00001802
    -0.02295370    -0.02295437     0.00000066
    -0.02171248    -0.02171615     0.00000366
    -0.02519908    -0.02519139    -0.00000769
    -0.01567449    -0.01562797    -0.00004652
    -0.02371685    -0.02372623     0.00000939
    -0.02546373    -0.02540146    -0.00006227
    -0.01954961    -0.01957486     0.00002524
    -0.01586731    -0.01580895    -0.00005836
    -0.02397157    -0.02400058     0.00002901
    -0.01860317    -0.01860030    -0.00000288
    -0.01822891    -0.01830825     0.00007935
    -0.02106507    -0.02105605    -0.00000902
    -0.01388058    -0.01380658    -0.00007400
    -0.02160092    -0.02159584    -0.00000507
    -0.01641848    -0.01646561     0.00004713
    -0.02346337    -0.02344063    -0.00002275
    -0.02219829    -0.02221132     0.00001303
    -0.02380017    -0.02385029     0.00005013
    -0.01913916    -0.01908920    -0.00004996
    -0.02260654    -0.02260338    -0.00000316
    -0.02076139    -0.02066338    -0.00009801
    -0.01384932    -0.01374409    -0.00010523
    -0.01732203    -0.01738501     0.00006298
    -0.02055828    -0.02051933    -0.00003896
    -0.02303493    -0.02308329     0.00004836
    -0.02330963    -0.02331003     0.00000041
    -0.01694336    -0.01687735    -0.00006601
    -0.02478250    -0.02472388    -0.00005862
    -0.01784221    -0.01777257    -0.00006963
    -0.01576331    -0.01565968    -0.00010363
    -0.02122962    -0.02117733    -0.00005228
    -0.02001071    -0.01995289    -0.00005782
    -0.02305980    -0.02299802    -0.00006178
    -0.02167920    -0.02166293    -0.00001627
    -0.01753423    -0.01742079    -0.00011344
    -0.01870138    -0.01865967    -0.00004171
    -0.02135634    -0.02130394    -0.00005240
    -0.01891537    -0.01885195    -0.00006342
    -0.01975332    -0.01967549    -0.00007783
    -0.02310590    -0.02306231    -0.00004359
    -0.02268080    -0.02266421    -0.00001659
    -0.02515856    -0.02512676    -0.00003180
    -0.01903445    -0.01898437    -0.00005008
    -0.02216484    -0.02212893    -0.00003591
    -0.01998135    -0.01992407    -0.00005728
    -0.02155923    -0.02149019    -0.00006903
     0.02202035     0.02197806     0.00004229
    -0.01676371    -0.01676928     0.00000557
    -0.01918054    -0.01910959    -0.00007095
    -0.02130891    -0.02129686    -0.00001205
    -0.04753922    -0.04749365    -0.00004556
     0.01732097     0.01729098     0.00003000
    -0.02677772    -0.02673445    -0.00004327
    -0.02677772    -0.02673445    -0.00004327
    -0.02248137    -0.02250705     0.00002568
    -0.00736414    -0.00727784    -0.00008629
     0.02899809     0.02900705    -0.00000896
    -0.04658132    -0.04655151    -0.00002981
    -0.03218884    -0.03209123    -0.00009761
    -0.00919157    -0.00918147    -0.00001010
    -0.02766843    -0.02758028    -0.00008815
    -0.02766843    -0.02758028    -0.00008815
    -0.02521208    -0.02525136     0.00003927
    -0.02547138    -0.02545010    -0.00002128
     0.00309274     0.00310261    -0.00000987
    -0.02459381    -0.02461306     0.00001924
    -0.02645137    -0.02650580     0.00005442
    -0.03857840    -0.03855887    -0.00001953
    -0.03857840    -0.03855887    -0.00001953
    -0.06867857    -0.06868170     0.00000312
    -0.04013609    -0.03921402    -0.00092207
    -0.02662776    -0.02663451     0.00000675
    -0.02059584    -0.02058223    -0.00001361
    -0.02493570    -0.02478343    -0.00015227
     0.01470452     0.01477053    -0.00006601
     0.03626197     0.03628409    -0.00002211
     0.05906218     0.05909479    -0.00003261
    -0.00177252    -0.00096806    -0.00080447
     0.05616743     0.05617829    -0.00001086
    -0.03196639    -0.03194706    -0.00001933
    -0.01015153    -0.01017590     0.00002437
    -0.06777222    -0.06774870    -0.00002352
    -0.03396566    -0.03396196    -0.00000370
    -0.03286452    -0.03285822    -0.00000631
    -0.00114987    -0.00112653    -0.00002335
    -0.02751662    -0.02752655     0.00000993
    -0.03990270    -0.03991164     0.00000895
     0.04791702     0.04809097    -0.00017395
     0.02609801     0.02606337     0.00003464
    -0.03240177    -0.03242236     0.00002059
    -0.03427456    -0.03429487     0.00002031
    -0.03129701    -0.03131419     0.00001717
    -0.01466188    -0.01463463    -0.00002725
     0.00169796     0.00166146     0.00003650
     0.01906734     0.01909316    -0.00002581
     0.02653698     0.02655996    -0.00002298
    -0.00951166    -0.00948165    -0.00003001
    -0.00715774    -0.00713256    -0.00002517
    -0.03521649    -0.03521671     0.00000023
    -0.03521649    -0.03521671     0.00000023
    -0.03570547    -0.03576132     0.00005584
     0.04562843     0.04546375     0.00016468
    -0.02686776    -0.02677260    -0.00009516
    -0.02942218    -0.02946720     0.00004502
    -0.00321511    -0.00323150     0.00001640
    -0.00963316    -0.00959685    -0.00003631
     0.01946833     0.01945738     0.00001095
     0.01932487     0.01920612     0.00011875
     0.01937385     0.01940683    -0.00003298
     0.04663828     0.04665633    -0.00001806
    -0.03237472    -0.03249605     0.00012133
     0.01878179     0.01868198     0.00009981
    -0.03809042    -0.03804614    -0.00004427
    -0.02924726    -0.02924625    -0.00000101
     0.02730608     0.02734658    -0.00004049
    -0.02625651    -0.02615553    -0.00010098
    -0.04559877    -0.04556000    -0.00003877
    -0.03876126    -0.03871925    -0.00004201
     0.02757645     0.02759093    -0.00001447
    -0.03116180    -0.03114584    -0.00001596
     0.01801429     0.01803925    -0.00002496
    -0.03181487    -0.03190466     0.00008979
     0.05745499     0.05734146     0.00011353
    -0.00887733    -0.00888702     0.00000969
     0.00849297     0.00850034    -0.00000737
    -0.01142788    -0.01142304    -0.00000484
     0.01531857     0.01557176    -0.00025320
    -0.02805791    -0.02796368    -0.00009422
     0.02818177     0.02816746     0.00001432
     0.01330242     0.01406370    -0.00076127
     0.02965636     0.02959582     0.00006053
    -0.00019380    -0.00018195    -0.00001185
    -0.05618381    -0.05617729    -0.00000652
    -0.00162923    -0.00156254    -0.00006669
     0.00419627     0.00410707     0.00008920
     0.01623837     0.01609534     0.00014303
     0.02262610     0.02258787     0.00003823
     0.02223663     0.02225979    -0.00002317
     0.00997844     0.01004904    -0.00007059
    -0.00069756    -0.00070533     0.00000777
    -0.05031954    -0.05032054     0.00000100
     0.01104012     0.01099634     0.00004378
     0.01969873     0.01965846     0.00004027
     0.02895757     0.02901351    -0.00005594
     0.02572850     0.02582607    -0.00009757
    -0.00981833    -0.00982905     0.00001072
    -0.00579676    -0.00542740    -0.00036936
    -0.00423845    -0.00415844    -0.00008000
    -0.01081870    -0.01072728    -0.00009142
    -0.01482022    -0.01472462    -0.00009560
     0.00349345     0.00337697     0.00011648
    -0.00429896    -0.00422924    -0.00006973
    -0.00946407    -0.00939905    -0.00006501
    -0.00518410    -0.00517745    -0.00000665
    -0.02202819    -0.02205789     0.00002970
    -0.00436473    -0.00428787    -0.00007686
     0.02337513     0.02334853     0.00002659
    -0.00430247    -0.00427058    -0.00003189
    -0.00442000    -0.00434719    -0.00007281
    -0.00456759    -0.00450806    -0.00005953
    -0.01053111    -0.01053554     0.00000444
    -0.00503781    -0.00502611    -0.00001169
    -0.00750754    -0.00738894    -0.00011860
    -0.00468172    -0.00464875    -0.00003297
     0.01091340     0.01082775     0.00008565
    -0.00509593    -0.00507774    -0.00001820
    -0.00467587    -0.00464304    -0.00003283
     0.02911722     0.02912969    -0.00001247
     0.00759573     0.00759394     0.00000179
    -0.00437505    -0.00433520    -0.00003985
    -0.01726048    -0.01736099     0.00010051
    -0.00511239    -0.00509226    -0.00002013
    -0.00489669    -0.00487256    -0.00002413
    -0.01709071    -0.01712545     0.00003474
    -0.00507011    -0.00504716    -0.00002295
     0.00167614     0.00169177    -0.00001563
    -0.00446166    -0.00441590    -0.00004576
     0.01349320     0.01364689    -0.00015369
    -0.00500532    -0.00497714    -0.00002818
    -0.00456961    -0.00452432    -0.00004529
     0.01223960     0.01188566     0.00035394
     0.02868464     0.02878689    -0.00010225
     0.00940235     0.00936544     0.00003691
    -0.00433926    -0.00428687    -0.00005239
    -0.00473075    -0.00468417    -0.00004659
     0.00520897     0.00519194     0.00001702
     0.01130064     0.01128721     0.00001343
     0.01234891     0.01235002    -0.00000111
     0.01252056     0.01233980     0.00018076
     0.00662567     0.00659021     0.00003547
    -0.00054611    -0.00038145    -0.00016466
     0.00530301     0.00540852    -0.00010551
     0.02153613     0.02150160     0.00003453
     0.01352360     0.01351583     0.00000777
     0.00017407     0.00022962    -0.00005554
     0.00456120     0.00448580     0.00007540
     0.01151681     0.01167644    -0.00015963
     0.01290941     0.01278732     0.00012209
     0.01619336     0.01626332    -0.00006996
     0.01998791     0.01999174    -0.00000383
     0.01945603     0.01935245     0.00010358
    -0.00396731    -0.00404420     0.00007689
    -0.00522189    -0.00515639    -0.00006550
    -0.00063468    -0.00071656     0.00008188
    -0.01160234    -0.01172266     0.00012033
    -0.00706647    -0.00711177     0.00004530
     0.02030190     0.02025629     0.00004561
     0.02199358     0.02185870     0.00013488
     0.02251331     0.02240923     0.00010408
     0.01581324     0.01570893     0.00010431
     0.01131795     0.01136614    -0.00004819
    -0.01865145    -0.01858972    -0.00006173
     0.01688755     0.01688227     0.00000528
     0.01692747     0.01709402    -0.00016655
     0.02844393     0.02858122    -0.00013729
     0.01338019     0.01346037    -0.00008018
     0.02043004     0.02071969    -0.00028965
     0.00698119     0.00690549     0.00007570
     0.02159692     0.02165589    -0.00005898
     0.00243776     0.00244469    -0.00000693
    -0.02203782    -0.02198961    -0.00004821
     0.01872274     0.01867789     0.00004485
     0.01181475     0.01180406     0.00001069
    -0.00459576    -0.00456827    -0.00002749
    -0.00849270    -0.00842056    -0.00007214
     0.01132671     0.01137943    -0.00005272
     0.00565953     0.00551549     0.00014404
    -0.00566283    -0.00563044    -0.00003239
     0.00124054     0.00132446    -0.00008392
     0.02366060     0.02364223     0.00001837
     0.00937889     0.00936487     0.00001403
    -0.00381474    -0.00383196     0.00001723
     0.02218237     0.02209758     0.00008479
     0.02051902     0.02043894     0.00008008
     0.00752841     0.00761562    -0.00008721
     0.00590977     0.00590098     0.00000879
     0.02999236     0.03004985    -0.00005749
     0.00241939     0.00238032     0.00003907
     0.00582389     0.00583571    -0.00001182
     0.01429022     0.01439833    -0.00010810
     0.02472579     0.02494398    -0.00021819
     0.01612130     0.01604690     0.00007440
     0.00805579     0.00818153    -0.00012574
     0.02756013     0.02775278    -0.00019265
     0.02703329     0.02721505    -0.00018177
     0.01311676     0.01315062    -0.00003386
     0.00009460     0.00006608     0.00024741     0.00019790     0.00092207
