                  1.48106014639329042204
                 -1.32981842262883764860
                 -1.08193119265986581468
                 -0.82485148750949655039
                 -0.57836888585826651266
                 -0.41193448720752690040
                  0.11268076509152137599
                  0.06082313885647708945
                  0.13192745791303028824
                 -0.32914192372263906261
                 -0.64431638070662977658
                  0.75470184736216361365
                  1.07744121600850251141
                 -1.26090289272114852714
                 -1.47170929402732708624
                 -1.66144720867047568369
                 -1.43233730854597784976
                  1.22323894199785532244
                 -1.02191774161407256116
                  0.71668867631307031640
                  0.53654609763004890155
                  0.19419507474518329926
                 -0.00634418441571124765
                  0.20785330288433653823
                  0.52484060435576840309
                  0.65778212727703755380
                 -0.99288589081899647493
                 -1.20580667914463424140
                 -1.44313023272219753679
                 -1.67324965708574668888
                  0.55425892401285703492
