     0.00013105     0.00013309    -0.00000204
     0.02248545     0.02249566    -0.00001021
    -0.01472814    -0.01463130    -0.00009684
     0.03938440     0.03936882     0.00001558
    -0.00835920    -0.00831917    -0.00004003
     0.01503587     0.01504552    -0.00000965
     0.00008727     0.00040483    -0.00031756
    -0.02133286    -0.02131899    -0.00001386
    -0.02912807    -0.02910078    -0.00002730
    -0.01862652    -0.01862832     0.00000180
     0.01521862     0.01516783     0.00005079
     0.00163704     0.00156358     0.00007346
    -0.00086611    -0.00073154    -0.00013458
     0.02370240     0.02366674     0.00003566
    -0.00005693     0.00001447    -0.00007139
    -0.01545324    -0.01544053    -0.00001270
     0.02800090     0.02785228     0.00014862
     0.01375955     0.01390702    -0.00014748
    -0.02915009    -0.02925136     0.00010128
     0.01361105     0.01363771    -0.00002666
     0.02544344     0.02545773    -0.00001430
    -0.00275083    -0.00271378    -0.00003704
     0.03055158     0.03058412    -0.00003253
     0.01867354     0.01873021    -0.00005667
     0.04042456     0.04046116    -0.00003660
     0.02956705     0.02953028     0.00003676
     0.04064772     0.04059505     0.00005266
     0.00783462     0.00782600     0.00000863
    -0.00106399    -0.00097441    -0.00008958
    -0.00287785    -0.00285394    -0.00002390
    -0.00785737    -0.00784826    -0.00000911
     0.03260876     0.03265001    -0.00004124
    -0.01014865    -0.00999171    -0.00015694
    -0.01674700    -0.01678660     0.00003960
     0.01755034     0.01751637     0.00003397
     0.03207763     0.03202124     0.00005639
     0.03335830     0.03360558    -0.00024727
    -0.01619026    -0.01622764     0.00003738
    -0.01555860    -0.01553046    -0.00002814
     0.02413010     0.02412796     0.00000215
    -0.00133532    -0.00139457     0.00005925
    -0.01508177    -0.01509249     0.00001071
    -0.00062769    -0.00075041     0.00012273
     0.04314458     0.04315469    -0.00001011
    -0.00200785    -0.00206367     0.00005582
    -0.00702680    -0.00698809    -0.00003871
    -0.00672682    -0.00670729    -0.00001953
    -0.00113961    -0.00106540    -0.00007421
    -0.00016931    -0.00016444    -0.00000487
    -0.03058620    -0.03054320    -0.00004300
    -0.01978553    -0.01977580    -0.00000974
     0.00390677     0.00388244     0.00002432
    -0.02415895    -0.02413797    -0.00002098
    -0.00141415    -0.00142688     0.00001273
    -0.00150210    -0.00158870     0.00008660
    -0.00046861    -0.00047542     0.00000681
    -0.00948352    -0.00948628     0.00000275
    -0.00063144    -0.00076904     0.00013760
     0.02863800     0.02870634    -0.00006834
    -0.02603109    -0.02600505    -0.00002604
     0.03337656     0.03336582     0.00001075
     0.00847001     0.00840826     0.00006175
     0.00721630     0.00723358    -0.00001728
     0.01381827     0.01386776    -0.00004949
    -0.01201883    -0.01200275    -0.00001609
     0.00003924     0.00008427    -0.00004503
    -0.00226382    -0.00227650     0.00001268
     0.00662306     0.00670007    -0.00007701
     0.00540130     0.00554619    -0.00014490
    -0.01086975    -0.01088047     0.00001072
    -0.00046297    -0.00046782     0.00000485
    -0.00915903    -0.00921796     0.00005894
     0.02074457     0.02046116     0.00028342
    -0.01618160    -0.01604456    -0.00013704
     0.00505637     0.00514596    -0.00008959
    -0.00045593    -0.00046257     0.00000665
    -0.01848072    -0.01849707     0.00001635
    -0.00072581    -0.00064839    -0.00007742
     0.02089919     0.02094857    -0.00004938
     0.01791889     0.01810323    -0.00018434
    -0.00573270    -0.00573962     0.00000691
     0.01941832     0.01933699     0.00008133
    -0.03183324    -0.03184848     0.00001524
     0.02524346     0.02522023     0.00002323
     0.01616871     0.01619721    -0.00002851
     0.03466148     0.03461812     0.00004337
     0.02785445     0.02785983    -0.00000539
    -0.01749445    -0.01744945    -0.00004499
     0.00298199     0.00314586    -0.00016387
     0.01512031     0.01507158     0.00004872
     0.02495826     0.02499294    -0.00003468
     0.01682347     0.01692569    -0.00010223
    -0.02238700    -0.02234827    -0.00003872
     0.02828273     0.02810376     0.00017896
     0.03404215     0.03407361    -0.00003146
     0.01266883     0.01262396     0.00004488
    -0.00046798    -0.00047746     0.00000948
     0.00920899     0.00930023    -0.00009125
     0.03655798     0.03676909    -0.00021111
     0.00619568     0.00628268    -0.00008700
    -0.00361196    -0.00361377     0.00000182
    -0.00463960    -0.00465560     0.00001601
    -0.00867091    -0.00861185    -0.00005906
    -0.00867118    -0.00861185    -0.00005933
    -0.00893981    -0.00893515    -0.00000466
    -0.00808837    -0.00802519    -0.00006318
    -0.01001722    -0.01001098    -0.00000624
    -0.00585467    -0.00582345    -0.00003121
    -0.00891763    -0.00891306    -0.00000457
    -0.00455508    -0.00457286     0.00001778
    -0.00611478    -0.00603789    -0.00007689
    -0.00781340    -0.00781506     0.00000166
    -0.00544089    -0.00540208    -0.00003881
    -0.00429330    -0.00430351     0.00001021
    -0.00567208    -0.00564338    -0.00002869
    -0.01211699    -0.01214974     0.00003275
    -0.00433075    -0.00434508     0.00001433
    -0.01094752    -0.01098530     0.00003778
    -0.03422022    -0.03425267     0.00003245
    -0.00693346    -0.00695357     0.00002011
    -0.02450617    -0.02449174    -0.00001443
    -0.00440288    -0.00441706     0.00001417
    -0.00480159    -0.00481435     0.00001277
    -0.00630354    -0.00628928    -0.00001427
    -0.00778556    -0.00782114     0.00003559
    -0.01037418    -0.01037009    -0.00000409
    -0.00795430    -0.00795867     0.00000437
    -0.00466085    -0.00467799     0.00001714
    -0.01057690    -0.01062435     0.00004745
    -0.01878446    -0.01873761    -0.00004684
    -0.00562865    -0.00564683     0.00001818
    -0.00502047    -0.00503790     0.00001743
    -0.00731921    -0.00734157     0.00002236
    -0.01396905    -0.01397736     0.00000831
    -0.00686690    -0.00687688     0.00000998
    -0.02438592    -0.02437730    -0.00000862
    -0.01048574    -0.01047934    -0.00000640
    -0.03169354    -0.03174337     0.00004983
    -0.00549001    -0.00550811     0.00001810
    -0.00571137    -0.00572783     0.00001646
    -0.01949715    -0.01945320    -0.00004395
    -0.01094850    -0.01099663     0.00004813
    -0.00841934    -0.00841641    -0.00000293
    -0.00841950    -0.00841641    -0.00000309
    -0.00626265    -0.00627701     0.00001436
    -0.01084537    -0.01089089     0.00004552
    -0.00906841    -0.00910331     0.00003490
    -0.01028207    -0.01032307     0.00004100
    -0.01699286    -0.01703309     0.00004024
    -0.01644292    -0.01641006    -0.00003286
    -0.00944453    -0.00947515     0.00003062
    -0.00947258    -0.00950950     0.00003692
    -0.00636357    -0.00637693     0.00001336
    -0.00661726    -0.00662778     0.00001051
    -0.00782316    -0.00781273    -0.00001044
    -0.00798447    -0.00796882    -0.00001565
    -0.01109977    -0.01109862    -0.00000115
    -0.00743848    -0.00743980     0.00000132
    -0.00791900    -0.00791802    -0.00000099
    -0.01626299    -0.01630379     0.00004080
    -0.01359048    -0.01361214     0.00002166
    -0.00793721    -0.00792628    -0.00001092
    -0.00837104    -0.00834566    -0.00002538
    -0.00840990    -0.00838709    -0.00002281
    -0.01651494    -0.01650594    -0.00000900
    -0.01022517    -0.01022149    -0.00000368
    -0.00702184    -0.00702710     0.00000525
    -0.01029507    -0.01029080    -0.00000428
    -0.03047311    -0.03037592    -0.00009719
    -0.01085269    -0.01090057     0.00004788
    -0.01864614    -0.01866542     0.00001928
    -0.01145975    -0.01145844    -0.00000131
    -0.01119615    -0.01119476    -0.00000139
    -0.00846625    -0.00845428    -0.00001197
    -0.00801764    -0.00800899    -0.00000866
    -0.00888648    -0.00887152    -0.00001496
    -0.01569887    -0.01571439     0.00001552
    -0.00865929    -0.00863967    -0.00001962
    -0.02532849    -0.02533567     0.00000718
    -0.01228872    -0.01233545     0.00004673
    -0.01900661    -0.01898810    -0.00001851
    -0.01073367    -0.01072798    -0.00000569
    -0.01273253    -0.01277310     0.00004057
    -0.01513231    -0.01514204     0.00000973
    -0.01690129    -0.01692516     0.00002387
    -0.01799130    -0.01799751     0.00000621
    -0.01756253    -0.01755703    -0.00000550
    -0.01969966    -0.01968540    -0.00001426
    -0.01501282    -0.01503969     0.00002687
    -0.01471695    -0.01474005     0.00002309
    -0.00851882    -0.00850596    -0.00001287
    -0.00903168    -0.00903349     0.00000181
    -0.01107365    -0.01107043    -0.00000322
    -0.01860159    -0.01859407    -0.00000753
    -0.01849427    -0.01849042    -0.00000386
    -0.00949332    -0.00948774    -0.00000557
    -0.01890127    -0.01891172     0.00001045
    -0.03255078    -0.03258542     0.00003465
    -0.01214180    -0.01209815    -0.00004365
    -0.02514811    -0.02506527    -0.00008284
    -0.00199813    -0.00203170     0.00003357
    -0.00199813    -0.00203170     0.00003357
    -0.00199813    -0.00203170     0.00003357
    -0.00199813    -0.00203170     0.00003357
    -0.00199813    -0.00203170     0.00003357
    -0.00199813    -0.00203170     0.00003357
    -0.00199813    -0.00203170     0.00003357
    -0.00199813    -0.00203170     0.00003357
     0.01749151     0.01747521     0.00001629
    -0.00324942    -0.00328374     0.00003432
    -0.00481584    -0.00478842    -0.00002743
    -0.00433665    -0.00432460    -0.00001205
    -0.01162019    -0.01167490     0.00005471
    -0.05506420    -0.05597139     0.00090719
    -0.00475271    -0.00473984    -0.00001288
    -0.00331184    -0.00333921     0.00002737
    -0.00351593    -0.00353083     0.00001490
     0.03303740     0.03303517     0.00000223
    -0.00345293    -0.00347118     0.00001825
    -0.00366341    -0.00367020     0.00000679
    -0.00360031    -0.00361059     0.00001028
     0.02081181     0.02073230     0.00007951
    -0.00377373    -0.00375080    -0.00002293
    -0.00777925    -0.00774302    -0.00003623
    -0.00413349    -0.00414059     0.00000710
    -0.00317981    -0.00321341     0.00003360
    -0.00313543    -0.00317095     0.00003551
     0.03297130     0.03297969    -0.00000839
    -0.00295189    -0.00299734     0.00004545
    -0.00357786    -0.00360700     0.00002914
     0.03381793     0.03381307     0.00000486
    -0.00378622    -0.00376436    -0.00002186
     0.01851672     0.01851987    -0.00000315
    -0.00697896    -0.00696231    -0.00001665
    -0.00596259    -0.00593322    -0.00002936
    -0.00570280    -0.00567212    -0.00003068
    -0.00646189    -0.00643327    -0.00002862
    -0.00369776    -0.00370416     0.00000641
     0.02929654     0.02929655    -0.00000001
    -0.00327339    -0.00329565     0.00002225
    -0.00361367    -0.00362343     0.00000976
     0.04882457     0.04882695    -0.00000238
     0.04766229     0.04765898     0.00000331
    -0.00784039    -0.00783963    -0.00000076
    -0.00386421    -0.00384320    -0.00002101
    -0.00417466    -0.00416676    -0.00000790
     0.02508060     0.02508217    -0.00000157
     0.00494888     0.00496008    -0.00001120
    -0.00687790    -0.00689154     0.00001364
    -0.00615600    -0.00613413    -0.00002187
    -0.00722070    -0.00721482    -0.00000588
    -0.00246312    -0.00246412     0.00000100
    -0.00246285    -0.00246412     0.00000127
    -0.00246285    -0.00246412     0.00000127
    -0.00246285    -0.00246412     0.00000127
    -0.00246285    -0.00246412     0.00000127
    -0.00246285    -0.00246412     0.00000127
    -0.00246285    -0.00246412     0.00000127
    -0.00246285    -0.00246412     0.00000127
    -0.00246285    -0.00246412     0.00000127
    -0.00246285    -0.00246412     0.00000127
    -0.00246285    -0.00246412     0.00000127
    -0.00246285    -0.00246412     0.00000127
    -0.00605170    -0.00607657     0.00002486
    -0.00347228    -0.00347891     0.00000663
    -0.00381071    -0.00385309     0.00004238
    -0.00728386    -0.00730574     0.00002188
    -0.00740713    -0.00742237     0.00001524
    -0.00676149    -0.00678465     0.00002317
     0.05312329     0.05310785     0.00001544
    -0.00375493    -0.00376144     0.00000652
    -0.00395591    -0.00393742    -0.00001849
     0.04010009     0.03944966     0.00065043
    -0.00663351    -0.00665399     0.00002048
    -0.00649710    -0.00650851     0.00001141
    -0.00492668    -0.00495620     0.00002953
    -0.00326392    -0.00328256     0.00001863
    -0.00404827    -0.00403320    -0.00001506
    -0.00454144    -0.00456957     0.00002812
    -0.00226807    -0.00226281    -0.00000526
    -0.00226807    -0.00226281    -0.00000526
    -0.00226807    -0.00226281    -0.00000526
    -0.00226780    -0.00226281    -0.00000499
    -0.00226780    -0.00226281    -0.00000499
    -0.00226780    -0.00226281    -0.00000499
    -0.00226780    -0.00226281    -0.00000499
    -0.00226780    -0.00226281    -0.00000499
    -0.00226780    -0.00226281    -0.00000499
    -0.00226780    -0.00226281    -0.00000499
    -0.00226780    -0.00226281    -0.00000499
    -0.00226780    -0.00226281    -0.00000499
     0.04130144     0.04131749    -0.00001605
    -0.00414574    -0.00415328     0.00000754
     0.02289427     0.02289975    -0.00000548
     0.02136097     0.02133630     0.00002466
     0.03643583     0.03640587     0.00002996
     0.02604674     0.02589179     0.00015495
     0.02873648     0.02872760     0.00000888
     0.02287517     0.02281219     0.00006298
     0.02466241     0.02470964    -0.00004723
    -0.02206065    -0.02210649     0.00004583
    -0.02034476    -0.02032685    -0.00001791
    -0.02034476    -0.02032685    -0.00001791
    -0.02204830    -0.02208983     0.00004153
    -0.02564458    -0.02557631    -0.00006827
    -0.02933287    -0.02934378     0.00001091
    -0.03050184    -0.03039491    -0.00010694
    -0.03260855    -0.03263532     0.00002677
    -0.00760180    -0.00761924     0.00001744
    -0.02375791    -0.02376433     0.00000642
    -0.02375791    -0.02376433     0.00000642
    -0.03235657    -0.03240038     0.00004381
    -0.01497600    -0.01502734     0.00005134
    -0.02617991    -0.02644986     0.00026995
    -0.02129092    -0.02130413     0.00001320
    -0.03103263    -0.03103103    -0.00000160
    -0.04255039    -0.04255952     0.00000913
    -0.02115092    -0.02114557    -0.00000535
    -0.02115092    -0.02114557    -0.00000535
    -0.03215787    -0.03218178     0.00002391
    -0.02285822    -0.02286505     0.00000683
    -0.02285822    -0.02286505     0.00000683
    -0.02691750    -0.02692851     0.00001100
    -0.02198909    -0.02199188     0.00000280
    -0.02198909    -0.02199188     0.00000280
    -0.02195934    -0.02195964     0.00000030
    -0.03537888    -0.03537953     0.00000064
    -0.02876611    -0.02872592    -0.00004019
    -0.02553032    -0.02565504     0.00012472
    -0.02253737    -0.02259170     0.00005434
    -0.02549122    -0.02546804    -0.00002318
    -0.02038149    -0.02046953     0.00008804
    -0.03568515    -0.03569982     0.00001468
    -0.03778241    -0.03770725    -0.00007516
    -0.04765892    -0.04765582    -0.00000310
    -0.03129152    -0.03132837     0.00003686
    -0.03190981    -0.03189223    -0.00001759
    -0.03360652    -0.03360930     0.00000277
    -0.02224114    -0.02225432     0.00001318
    -0.03023288    -0.03023344     0.00000056
    -0.05407624    -0.05443173     0.00035550
    -0.04761255    -0.04769284     0.00008028
    -0.03728948    -0.03721341    -0.00007607
    -0.04156169    -0.04156152    -0.00000017
    -0.04102963    -0.04107506     0.00004543
    -0.00732531    -0.00732077    -0.00000454
    -0.02773515    -0.02776904     0.00003389
    -0.02838784    -0.02838188    -0.00000596
    -0.00481954    -0.00481071    -0.00000884
    -0.04308466    -0.04305504    -0.00002961
    -0.02764584    -0.02771271     0.00006687
    -0.04507180    -0.04507154    -0.00000026
    -0.02853756    -0.02851922    -0.00001834
    -0.03156026    -0.03165226     0.00009201
    -0.01691879    -0.01687605    -0.00004273
    -0.04319552    -0.04317412    -0.00002140
    -0.02022266    -0.02023414     0.00001148
    -0.03056299    -0.03054952    -0.00001347
    -0.03990035    -0.03994346     0.00004311
    -0.04693110    -0.04694265     0.00001155
    -0.02669140    -0.02664921    -0.00004220
    -0.02206865    -0.02212253     0.00005387
    -0.04068178    -0.04076340     0.00008162
    -0.02892323    -0.02892994     0.00000672
    -0.01377136    -0.01373959    -0.00003177
    -0.03662791    -0.03657943    -0.00004848
    -0.03631844    -0.03636386     0.00004542
    -0.03042976    -0.03040081    -0.00002895
    -0.02334712    -0.02340676     0.00005964
    -0.03175544    -0.03175628     0.00000084
    -0.01549430    -0.01549521     0.00000091
    -0.04489071    -0.04486294    -0.00002777
    -0.04610433    -0.04609801    -0.00000632
    -0.02146557    -0.02145483    -0.00001074
    -0.03878335    -0.03883450     0.00005114
    -0.03654217    -0.03664123     0.00009906
    -0.02543318    -0.02540023    -0.00003294
    -0.03361874    -0.03361680    -0.00000195
    -0.03389058    -0.03387278    -0.00001781
    -0.02137468    -0.02137577     0.00000109
    -0.03335874    -0.03334404    -0.00001470
    -0.03495697    -0.03489504    -0.00006193
    -0.02374607    -0.02371256    -0.00003351
    -0.01916234    -0.01913731    -0.00002503
    -0.02757654    -0.02761803     0.00004149
    -0.02917101    -0.02918897     0.00001796
    -0.03918372    -0.03913285    -0.00005086
    -0.02619115    -0.02621794     0.00002680
    -0.03403181    -0.03404319     0.00001138
    -0.03205501    -0.03207699     0.00002198
    -0.02860390    -0.02860280    -0.00000110
    -0.03887693    -0.03885009    -0.00002684
    -0.02522713    -0.02521822    -0.00000891
    -0.04204690    -0.04203801    -0.00000889
    -0.04133355    -0.04139213     0.00005858
    -0.03807393    -0.03812244     0.00004851
    -0.03261200    -0.03265593     0.00004392
    -0.03018575    -0.03021795     0.00003220
    -0.03164388    -0.03152929    -0.00011458
    -0.03643199    -0.03639734    -0.00003465
    -0.01886769    -0.01885369    -0.00001400
    -0.02819342    -0.02823323     0.00003982
    -0.02449125    -0.02446436    -0.00002690
    -0.01866200    -0.01866322     0.00000122
    -0.02492998    -0.02492396    -0.00000602
    -0.02542455    -0.02542933     0.00000478
    -0.01837667    -0.01839083     0.00001416
    -0.01592370    -0.01590610    -0.00001759
    -0.02754369    -0.02753897    -0.00000472
    -0.01627467    -0.01628222     0.00000756
    -0.02830360    -0.02836431     0.00006072
    -0.01972570    -0.01967974    -0.00004596
    -0.01681275    -0.01682977     0.00001702
    -0.01776035    -0.01774684    -0.00001352
    -0.02693163    -0.02688959    -0.00004204
    -0.01317265    -0.01316364    -0.00000901
    -0.01365388    -0.01364481    -0.00000908
    -0.01704633    -0.01704215    -0.00000417
    -0.02707672    -0.02710249     0.00002577
    -0.01483494    -0.01484491     0.00000997
    -0.01583099    -0.01582495    -0.00000604
    -0.01913611    -0.01914504     0.00000894
    -0.01591967    -0.01591019    -0.00000948
    -0.02619550    -0.02616705    -0.00002845
    -0.02066101    -0.02069508     0.00003407
    -0.02573446    -0.02571356    -0.00002090
    -0.02521075    -0.02518314    -0.00002761
    -0.02297449    -0.02298150     0.00000701
    -0.02261911    -0.02261567    -0.00000344
    -0.02300154    -0.02299705    -0.00000449
    -0.01517146    -0.01518067     0.00000921
    -0.02347719    -0.02350779     0.00003059
    -0.01429803    -0.01430930     0.00001127
    -0.01396175    -0.01396071    -0.00000104
    -0.02347243    -0.02349486     0.00002242
    -0.01782670    -0.01782821     0.00000151
    -0.02690183    -0.02688638    -0.00001545
    -0.01944708    -0.01944708    -0.00000000
    -0.01701297    -0.01701185    -0.00000112
    -0.02588913    -0.02588611    -0.00000302
    -0.02718962    -0.02717069    -0.00001893
    -0.02184043    -0.02181813    -0.00002230
    -0.01519574    -0.01515922    -0.00003652
    -0.02064430    -0.02066726     0.00002296
    -0.01746008    -0.01744931    -0.00001077
    -0.01944196    -0.01943483    -0.00000713
    -0.02183420    -0.02181243    -0.00002176
    -0.02337725    -0.02335272    -0.00002453
    -0.02011711    -0.02010196    -0.00001515
    -0.01538592    -0.01538505    -0.00000087
    -0.02568695    -0.02575626     0.00006931
    -0.01359587    -0.01359663     0.00000076
    -0.02447583    -0.02447340    -0.00000243
    -0.02241032    -0.02238124    -0.00002908
    -0.02295370    -0.02297493     0.00002123
    -0.02171248    -0.02173144     0.00001896
    -0.02519908    -0.02520576     0.00000668
    -0.01567449    -0.01569808     0.00002358
    -0.02371685    -0.02369622    -0.00002063
    -0.02546373    -0.02546788     0.00000415
    -0.01954961    -0.01954358    -0.00000603
    -0.01586731    -0.01585547    -0.00001185
    -0.02397157    -0.02398092     0.00000935
    -0.01860317    -0.01859676    -0.00000641
    -0.01822891    -0.01819134    -0.00003756
    -0.02106507    -0.02108104     0.00001598
    -0.01388058    -0.01388462     0.00000404
    -0.02160092    -0.02160428     0.00000336
    -0.01641848    -0.01640513    -0.00001335
    -0.02346337    -0.02345847    -0.00000491
    -0.02219829    -0.02219918     0.00000089
    -0.02380017    -0.02382061     0.00002044
    -0.01913916    -0.01913734    -0.00000182
    -0.02260654    -0.02260378    -0.00000275
    -0.02076139    -0.02074099    -0.00002040
    -0.01384932    -0.01384469    -0.00000463
    -0.01732203    -0.01730772    -0.00001431
    -0.02055828    -0.02055079    -0.00000750
    -0.02303493    -0.02303232    -0.00000261
    -0.02330963    -0.02330207    -0.00000756
    -0.01694336    -0.01693690    -0.00000646
    -0.02478250    -0.02478397     0.00000147
    -0.01784221    -0.01782387    -0.00001834
    -0.01576331    -0.01575186    -0.00001145
    -0.02122962    -0.02125611     0.00002650
    -0.02001071    -0.02001267     0.00000196
    -0.02305980    -0.02307510     0.00001530
    -0.02167920    -0.02169349     0.00001429
    -0.01753423    -0.01751304    -0.00002119
    -0.01870138    -0.01871457     0.00001319
    -0.02135634    -0.02136676     0.00001042
    -0.01891537    -0.01891812     0.00000275
    -0.01975332    -0.01972409    -0.00002923
    -0.02310590    -0.02310559    -0.00000030
    -0.02268080    -0.02265084    -0.00002996
    -0.02515856    -0.02513287    -0.00002569
    -0.01903445    -0.01903191    -0.00000254
    -0.02216484    -0.02216178    -0.00000306
    -0.01998135    -0.01997951    -0.00000184
    -0.02155923    -0.02154609    -0.00001314
     0.02202035     0.02202823    -0.00000788
    -0.01676371    -0.01678716     0.00002345
    -0.01918054    -0.01917213    -0.00000841
    -0.02130891    -0.02130256    -0.00000635
    -0.04753922    -0.04755041     0.00001120
     0.01732097     0.01723370     0.00008727
    -0.02677772    -0.02677584    -0.00000188
    -0.02677772    -0.02677584    -0.00000188
    -0.02248137    -0.02249859     0.00001722
    -0.00736414    -0.00741536     0.00005122
     0.02899809     0.02897832     0.00001977
    -0.04658132    -0.04657213    -0.00000919
    -0.03218884    -0.03219631     0.00000747
    -0.00919157    -0.00919425     0.00000268
    -0.02766843    -0.02767504     0.00000661
    -0.02766843    -0.02767504     0.00000661
    -0.02521208    -0.02520465    -0.00000743
    -0.02547138    -0.02550347     0.00003209
     0.00309274     0.00308906     0.00000368
    -0.02459381    -0.02458809    -0.00000573
    -0.02645137    -0.02644781    -0.00000356
    -0.03857840    -0.03858185     0.00000345
    -0.03857840    -0.03858185     0.00000345
    -0.06867857    -0.06867269    -0.00000588
    -0.04013609    -0.04012869    -0.00000740
    -0.02662776    -0.02662414    -0.00000362
    -0.02059584    -0.02061624     0.00002041
    -0.02493570    -0.02496608     0.00003038
     0.01470452     0.01465181     0.00005271
     0.03626197     0.03624812     0.00001385
     0.05906218     0.05902164     0.00004054
    -0.00177252    -0.00178285     0.00001032
     0.05616743     0.05670654    -0.00053911
    -0.03196639    -0.03194273    -0.00002366
    -0.01015153    -0.01020046     0.00004892
    -0.06777222    -0.06778206     0.00000985
    -0.03396566    -0.03397207     0.00000641
    -0.03286452    -0.03286648     0.00000195
    -0.00114987    -0.00118069     0.00003082
    -0.02751662    -0.02751988     0.00000327
    -0.03990270    -0.03992907     0.00002637
     0.04791702     0.04786937     0.00004765
     0.02609801     0.02606901     0.00002900
    -0.03240177    -0.03242592     0.00002416
    -0.03427456    -0.03428940     0.00001484
    -0.03129701    -0.03128878    -0.00000823
    -0.01466188    -0.01466654     0.00000466
     0.00169796     0.00176555    -0.00006759
     0.01906734     0.01908863    -0.00002129
     0.02653698     0.02654031    -0.00000333
    -0.00951166    -0.00949451    -0.00001715
    -0.00715774    -0.00716115     0.00000341
    -0.03521649    -0.03524486     0.00002838
    -0.03521649    -0.03524486     0.00002838
    -0.03570547    -0.03570049    -0.00000498
     0.04562843     0.04567020    -0.00004177
    -0.02686776    -0.02688580     0.00001804
    -0.02942218    -0.02941405    -0.00000812
    -0.00321511    -0.00318007    -0.00003504
    -0.00963316    -0.00961231    -0.00002085
     0.01946833     0.01939944     0.00006889
     0.01932487     0.01931282     0.00001206
     0.01937385     0.01936621     0.00000764
     0.04663828     0.04665822    -0.00001994
    -0.03237472    -0.03235228    -0.00002244
     0.01878179     0.01869203     0.00008976
    -0.03809042    -0.03808494    -0.00000548
    -0.02924726    -0.02924512    -0.00000214
     0.02730608     0.02727994     0.00002615
    -0.02625651    -0.02628113     0.00002462
    -0.04559877    -0.04558345    -0.00001532
    -0.03876126    -0.03873011    -0.00003115
     0.02757645     0.02757017     0.00000628
    -0.03116180    -0.03119683     0.00003503
     0.01801429     0.01802122    -0.00000693
    -0.03181487    -0.03178783    -0.00002704
     0.05745499     0.05744745     0.00000755
    -0.00887733    -0.00890062     0.00002329
     0.00849297     0.00850169    -0.00000872
    -0.01142788    -0.01175105     0.00032317
     0.01531857     0.01537704    -0.00005847
    -0.02805791    -0.02809701     0.00003911
     0.02818177     0.02816321     0.00001856
     0.01330242     0.01337023    -0.00006780
     0.02965636     0.02968895    -0.00003259
    -0.00019380    -0.00017373    -0.00002007
    -0.05618381    -0.05619481     0.00001099
    -0.00162923    -0.00160501    -0.00002421
     0.00419627     0.00410675     0.00008952
     0.01623837     0.01619801     0.00004036
     0.02262610     0.02259414     0.00003197
     0.02223663     0.02222649     0.00001014
     0.00997844     0.01000485    -0.00002641
    -0.00069756    -0.00065345    -0.00004411
    -0.05031954    -0.05067879     0.00035925
     0.01104012     0.01099340     0.00004672
     0.01969873     0.01973695    -0.00003822
     0.02895757     0.02898901    -0.00003144
     0.02572850     0.02589381    -0.00016531
    -0.00981833    -0.00983757     0.00001924
    -0.00579676    -0.00582451     0.00002775
    -0.00423845    -0.00427238     0.00003394
    -0.01081870    -0.01078612    -0.00003258
    -0.01482022    -0.01482320     0.00000298
     0.00349345     0.00343736     0.00005610
    -0.00429896    -0.00433103     0.00003207
    -0.00946407    -0.00939998    -0.00006408
    -0.00518410    -0.00516144    -0.00002265
    -0.02202819    -0.02198105    -0.00004714
    -0.00436473    -0.00439870     0.00003397
     0.02337513     0.02340309    -0.00002797
    -0.00430247    -0.00431216     0.00000968
    -0.00442000    -0.00445169     0.00003169
    -0.00456759    -0.00459400     0.00002640
    -0.01053111    -0.01051335    -0.00001775
    -0.00503781    -0.00500176    -0.00003605
    -0.00750754    -0.00756153     0.00005399
    -0.00468172    -0.00469330     0.00001158
     0.01091340     0.01096547    -0.00005207
    -0.00509593    -0.00507782    -0.00001811
    -0.00467587    -0.00468792     0.00001206
     0.02911722     0.02910724     0.00000998
     0.00759573     0.00756113     0.00003460
    -0.00437505    -0.00438013     0.00000508
    -0.01726048    -0.01716601    -0.00009448
    -0.00511239    -0.00509228    -0.00002011
    -0.00489669    -0.00487335    -0.00002333
    -0.01709071    -0.01698783    -0.00010288
    -0.00507011    -0.00505371    -0.00001640
     0.00167614     0.00164643     0.00002971
    -0.00446166    -0.00446528     0.00000362
     0.01349320     0.01339444     0.00009876
    -0.00500532    -0.00499298    -0.00001234
    -0.00456961    -0.00457276     0.00000315
     0.01223960     0.01217932     0.00006028
     0.02868464     0.02871404    -0.00002941
     0.00940235     0.00943875    -0.00003640
    -0.00433926    -0.00433688    -0.00000238
    -0.00473075    -0.00472680    -0.00000396
     0.00520897     0.00516698     0.00004199
     0.01130064     0.01128493     0.00001571
     0.01234891     0.01238539    -0.00003649
     0.01252056     0.01250070     0.00001986
     0.00662567     0.00671258    -0.00008691
    -0.00054611    -0.00054535    -0.00000075
     0.00530301     0.00526951     0.00003350
     0.02153613     0.02157421    -0.00003809
     0.01352360     0.01359928    -0.00007568
     0.00017407     0.00025930    -0.00008522
     0.00456120     0.00453381     0.00002739
     0.01151681     0.01150789     0.00000892
     0.01290941     0.01290101     0.00000839
     0.01619336     0.01615389     0.00003947
     0.01998791     0.02001750    -0.00002959
     0.01945603     0.01944095     0.00001508
    -0.00396731    -0.00398195     0.00001464
    -0.00522189    -0.00518196    -0.00003994
    -0.00063468    -0.00059119    -0.00004348
    -0.01160234    -0.01159808    -0.00000426
    -0.00706647    -0.00707745     0.00001098
     0.02030190     0.02034785    -0.00004595
     0.02199358     0.02199065     0.00000292
     0.02251331     0.02247060     0.00004271
     0.01581324     0.01585167    -0.00003843
     0.01131795     0.01135435    -0.00003640
    -0.01865145    -0.01859094    -0.00006050
     0.01688755     0.01691001    -0.00002246
     0.01692747     0.01694926    -0.00002179
     0.02844393     0.02837292     0.00007101
     0.01338019     0.01344010    -0.00005991
     0.02043004     0.02048962    -0.00005959
     0.00698119     0.00701551    -0.00003432
     0.02159692     0.02160196    -0.00000505
     0.00243776     0.00237951     0.00005825
    -0.02203782    -0.02212079     0.00008297
     0.01872274     0.01864850     0.00007424
     0.01181475     0.01188767    -0.00007292
    -0.00459576    -0.00457896    -0.00001680
    -0.00849270    -0.00849904     0.00000634
     0.01132671     0.01132214     0.00000457
     0.00565953     0.00564319     0.00001635
    -0.00566283    -0.00568559     0.00002276
     0.00124054     0.00124742    -0.00000688
     0.02366060     0.02365107     0.00000953
     0.00937889     0.00940645    -0.00002756
    -0.00381474    -0.00381502     0.00000028
     0.02218237     0.02214918     0.00003319
     0.02051902     0.02045678     0.00006223
     0.00752841     0.00754395    -0.00001554
     0.00590977     0.00590610     0.00000367
     0.02999236     0.03000394    -0.00001158
     0.00241939     0.00241919     0.00000020
     0.00582389     0.00581128     0.00001261
     0.01429022     0.01427443     0.00001579
     0.02472579     0.02466139     0.00006439
     0.01612130     0.01603153     0.00008978
     0.00805579     0.00804307     0.00001272
     0.02756013     0.02759066    -0.00003053
     0.02703329     0.02706945    -0.00003616
     0.01311676     0.01312146    -0.00000470
     0.00188278     0.00179692     0.00008586
    -0.01062518    -0.01060205    -0.00002313
    -0.01084246    -0.01082316    -0.00001930
     0.01427896     0.01424450     0.00003446
    -0.02166456    -0.02166570     0.00000113
    -0.01105707    -0.01104124    -0.00001584
    -0.01126889    -0.01125642    -0.00001247
    -0.01147768    -0.01146885    -0.00000883
    -0.01168443    -0.01167868    -0.00000575
    -0.01188844    -0.01188604    -0.00000239
    -0.01208986    -0.01209108     0.00000122
    -0.00619802    -0.00621483     0.00001681
    -0.01228926    -0.01229392     0.00000466
    -0.02419748    -0.02420207     0.00000459
    -0.01248638    -0.01249470     0.00000832
    -0.02020007    -0.02020841     0.00000834
    -0.01268151    -0.01269354     0.00001203
     0.01158070     0.01160405    -0.00002335
    -0.01287428    -0.01289058     0.00001630
     0.02892734     0.02893128    -0.00000394
    -0.01306476    -0.01308594     0.00002118
     0.00425058     0.00422383     0.00002675
     0.02694904     0.02709507    -0.00014603
     0.01281874     0.01276240     0.00005634
    -0.01325344    -0.01327972     0.00002628
    -0.04353865    -0.04354244     0.00000379
    -0.03007884    -0.03004673    -0.00003211
    -0.03005900    -0.03002617    -0.00003283
    -0.02296943    -0.02297801     0.00000858
    -0.02772108    -0.02773159     0.00001051
    -0.04165663    -0.04160715    -0.00004948
     0.03236816     0.03237777    -0.00000961
     0.01928485     0.01925744     0.00002741
    -0.03169476    -0.03173403     0.00003927
    -0.00206077    -0.00205579    -0.00000498
    -0.04330581    -0.04332841     0.00002261
    -0.03809172    -0.03810432     0.00001259
    -0.04098878    -0.04097470    -0.00001408
     0.02487306     0.02481716     0.00005590
    -0.02671636    -0.02672495     0.00000859
    -0.02464103    -0.02463774    -0.00000329
     0.01642659     0.01495132     0.00147527
    -0.00472735    -0.00474524     0.00001788
     0.01010669     0.01011905    -0.00001236
     0.00489797     0.00489684     0.00000112
     0.01211614     0.01208242     0.00003372
    -0.03443312    -0.03445221     0.00001909
     0.00725015     0.00723440     0.00001575
     0.01072248     0.01069938     0.00002310
    -0.01043187    -0.01041119    -0.00002068
     0.00016169     0.00015448     0.00000721
     0.02124404     0.02124268     0.00000136
    -0.00558084    -0.00549873    -0.00008211
     0.02019022     0.02019339    -0.00000316
     0.00321971     0.00327855    -0.00005884
     0.02653472     0.02654675    -0.00001203
     0.01972975     0.01913002     0.00059974
     0.01623200     0.01627144    -0.00003944
     0.02065624     0.02065966    -0.00000342
     0.02039167     0.02040555    -0.00001388
    -0.00027421    -0.00022724    -0.00004697
     0.01158076     0.01157165     0.00000911
    -0.03117644    -0.03115406    -0.00002238
    -0.02999770    -0.03003632     0.00003862
    -0.03125824    -0.03124354    -0.00001469
    -0.03417867    -0.03419303     0.00001436
     0.02395508     0.02397597    -0.00002089
    -0.03123679    -0.03122185    -0.00001494
     0.03064579     0.03053572     0.00011007
    -0.00199489    -0.00203659     0.00004169
     0.01049875     0.01052549    -0.00002674
     0.00622109     0.00621965     0.00000144
     0.00883554     0.00881821     0.00001733
    -0.03902586    -0.03900792    -0.00001794
     0.02606364     0.02605094     0.00001270
     0.01079119     0.01073234     0.00005885
    -0.04233945    -0.04233903    -0.00000042
    -0.03746532    -0.03748259     0.00001727
     0.05068028     0.05014275     0.00053754
     0.00902841     0.00905531    -0.00002690
    -0.04378470    -0.04376270    -0.00002200
    -0.02374395    -0.02372263    -0.00002132
    -0.03242824    -0.03243539     0.00000714
    -0.03240533    -0.03241256     0.00000723
     0.02365214     0.02362819     0.00002395
     0.01063127     0.01058786     0.00004341
     0.00832649     0.00831557     0.00001092
    -0.03256680    -0.03254978    -0.00001703
    -0.02605866    -0.02643261     0.00037396
    -0.04467176    -0.04468315     0.00001139
    -0.03239371    -0.03235769    -0.00003603
    -0.03358046    -0.03360612     0.00002566
    -0.03355613    -0.03358214     0.00002601
    -0.05094361    -0.05095446     0.00001085
    -0.04568533    -0.04568228    -0.00000305
    -0.04660742    -0.04652081    -0.00008661
    -0.03468137    -0.03470756     0.00002619
    -0.05612806    -0.05629665     0.00016859
    -0.03577168    -0.03575723    -0.00001445
    -0.03579922    -0.03578350    -0.00001571
    -0.00726892    -0.00728154     0.00001262
     0.03268741     0.03269000    -0.00000260
    -0.00514186    -0.00515425     0.00001239
    -0.00110470    -0.00115442     0.00004971
     0.01622196     0.01606166     0.00016030
     0.03270068     0.03269289     0.00000779
     0.01386771     0.01381958     0.00004813
     0.01397792     0.01393821     0.00003971
    -0.00454827    -0.00445234    -0.00009594
     0.00055190     0.00057675    -0.00002485
    -0.00152397    -0.00152226    -0.00000172
     0.02685816     0.02693477    -0.00007662
    -0.00481954    -0.00484009     0.00002054
    -0.00087199    -0.00092613     0.00005414
    -0.01002076    -0.01004099     0.00002023
    -0.00419197    -0.00420757     0.00001560
     0.00891246     0.00888248     0.00002999
     0.02864216     0.02851457     0.00012759
    -0.00283094    -0.00282600    -0.00000494
     0.03573998     0.03566502     0.00007496
    -0.00187353    -0.00187402     0.00000049
     0.02794862     0.02796291    -0.00001429
    -0.00746408    -0.00747400     0.00000992
     0.03074416     0.03088764    -0.00014348
    -0.00439894    -0.00441972     0.00002078
     0.02695054     0.02687136     0.00007917
     0.01619069     0.01623658    -0.00004589
    -0.00223795    -0.00225132     0.00001338
    -0.01085119    -0.01082514    -0.00002605
     0.02213799     0.02218542    -0.00004743
    -0.00163791    -0.00162555    -0.00001235
     0.02299928     0.02304974    -0.00005046
     0.01420407     0.01411290     0.00009118
     0.02406801     0.02416064    -0.00009263
    -0.00571167    -0.00571567     0.00000400
    -0.00616550    -0.00620641     0.00004091
    -0.00075898    -0.00076801     0.00000903
     0.01057658     0.01058075    -0.00000417
     0.00295287     0.00292956     0.00002331
     0.02378496     0.02379140    -0.00000645
     0.01503478     0.01498534     0.00004944
    -0.00293333    -0.00292250    -0.00001083
    -0.00582076    -0.00583835     0.00001759
     0.00030839     0.00035407    -0.00004568
     0.00048142     0.00047974     0.00000168
     0.01865490     0.01878981    -0.00013491
     0.00768455     0.00759814     0.00008641
     0.03126175     0.03124280     0.00001895
     0.02341055     0.02341860    -0.00000805
     0.02285166     0.02277745     0.00007421
    -0.00142487    -0.00143696     0.00001209
     0.01697014     0.01688955     0.00008059
     0.02638264     0.02640594    -0.00002331
     0.01624008     0.01618980     0.00005028
     0.03527096     0.03518079     0.00009017
     0.01001278     0.01001006     0.00000272
     0.00283668     0.00290742    -0.00007075
    -0.00128718    -0.00131468     0.00002750
    -0.00103360    -0.00109962     0.00006602
     0.02962267     0.02972581    -0.00010314
     0.02414469     0.02413411     0.00001058
    -0.00100377    -0.00106372     0.00005995
     0.03526100     0.03523425     0.00002675
    -0.00125730    -0.00128915     0.00003185
     0.03517401     0.03522790    -0.00005389
     0.01748155     0.01743070     0.00005085
     0.02982188     0.02979429     0.00002759
     0.03002556     0.03001422     0.00001134
     0.01650964     0.01656082    -0.00005119
     0.01016987     0.01010846     0.00006141
     0.01875686     0.01870566     0.00005121
     0.01046700     0.01041535     0.00005164
    -0.00310436    -0.00305623    -0.00004812
     0.02838561     0.02835133     0.00003428
     0.02006293     0.02001213     0.00005080
    -0.00445216    -0.00442777    -0.00002439
     0.03523480     0.03521089     0.00002391
     0.02695745     0.02691772     0.00003973
     0.01922648     0.01907790     0.00014858
     0.02139727     0.02134744     0.00004983
     0.03255097     0.03250501     0.00004596
     0.02554066     0.02549712     0.00004354
     0.02275726     0.02270874     0.00004853
     0.02413963     0.02409302     0.00004661
     0.02121702     0.02129290    -0.00007588
     0.02730208     0.02733203    -0.00002995
     0.02588195     0.02589851    -0.00001657
    -0.00217457    -0.00217442    -0.00000015
     0.01917007     0.01915916     0.00001090
     0.02029172     0.02024747     0.00004425
     0.01252056     0.01251748     0.00000308
     0.01679454     0.01681899    -0.00002445
    -0.00987028    -0.00989894     0.00002867
     0.02706586     0.02705322     0.00001264
     0.01264304     0.01264119     0.00000184
     0.01013243     0.01008796     0.00004448
     0.01790389     0.01790980    -0.00000591
    -0.01522594    -0.01529861     0.00007267
     0.01254445     0.01255694    -0.00001249
     0.01665995     0.01663641     0.00002354
    -0.00061002    -0.00054228    -0.00006775
    -0.00070633    -0.00062516    -0.00008116
    -0.00070633    -0.00062516    -0.00008116
    -0.00184991    -0.00191552     0.00006561
    -0.00179149    -0.00177164    -0.00001985
    -0.00056597    -0.00047079    -0.00009518
    -0.00056597    -0.00047079    -0.00009518
    -0.00137758    -0.00127321    -0.00010436
    -0.00141945    -0.00133992    -0.00007953
    -0.00179056    -0.00185539     0.00006483
    -0.00047103    -0.00062065     0.00014962
    -0.00082246    -0.00084445     0.00002199
    -0.00136754    -0.00135126    -0.00001628
    -0.00040763    -0.00041167     0.00000404
    -0.00174896    -0.00180488     0.00005592
    -0.00063419    -0.00052786    -0.00010632
    -0.01707705    -0.01713478     0.00005773
    -0.00063446    -0.00052786    -0.00010660
    -0.00091294    -0.00106131     0.00014837
    -0.00184825    -0.00189177     0.00004352
    -0.00099651    -0.00091802    -0.00007849
    -0.00130302    -0.00123189    -0.00007113
    -0.00128936    -0.00119737    -0.00009199
    -0.00060175    -0.00052405    -0.00007770
    -0.00060175    -0.00052405    -0.00007770
    -0.00181984    -0.00183848     0.00001864
    -0.00131953    -0.00125608    -0.00006345
     0.00776757     0.00776875    -0.00000117
    -0.00102601    -0.00097858    -0.00004742
    -0.00177571    -0.00183462     0.00005891
    -0.00180090    -0.00185335     0.00005245
     0.01075375     0.01072217     0.00003158
    -0.00171696    -0.00177296     0.00005601
    -0.00154683    -0.00143854    -0.00010829
    -0.00156599    -0.00151242    -0.00005356
    -0.00112533    -0.00122437     0.00009904
    -0.00086728    -0.00091600     0.00004872
    -0.00091974    -0.00104846     0.00012871
    -0.00138971    -0.00131107    -0.00007864
    -0.00173981    -0.00181864     0.00007883
    -0.00153663    -0.00147744    -0.00005919
    -0.00145913    -0.00134510    -0.00011403
    -0.04089224    -0.04085378    -0.00003845
    -0.00048491    -0.00059395     0.00010904
    -0.00142188    -0.00134451    -0.00007737
    -0.00046458    -0.00052251     0.00005793
    -0.00117156    -0.00130323     0.00013167
    -0.00088940    -0.00095689     0.00006749
    -0.00091096    -0.00100644     0.00009548
    -0.00090521    -0.00099157     0.00008636
    -0.00091106    -0.00100643     0.00009537
    -0.00071395    -0.00062909    -0.00008485
    -0.00071395    -0.00062909    -0.00008485
    -0.00068760    -0.00059523    -0.00009238
    -0.00068760    -0.00059523    -0.00009238
    -0.00175456    -0.00180163     0.00004707
    -0.00119561    -0.00109358    -0.00010203
    -0.00072156    -0.00082311     0.00010155
    -0.00072156    -0.00082311     0.00010155
    -0.00116408    -0.00127475     0.00011067
    -0.00067982    -0.00060238    -0.00007744
    -0.00067982    -0.00060238    -0.00007744
    -0.00117757    -0.00132565     0.00014807
    -0.00121842    -0.00111580    -0.00010262
     0.04360842     0.04357096     0.00003746
    -0.04141734    -0.04143408     0.00001674
    -0.00112658    -0.00115437     0.00002779
    -0.00107907    -0.00102360    -0.00005547
    -0.00131352    -0.00141609     0.00010257
    -0.00112059    -0.00112580     0.00000521
    -0.00789737    -0.00783461    -0.00006276
     0.03708727     0.03714143    -0.00005416
    -0.00074671    -0.00078996     0.00004325
    -0.00074671    -0.00078996     0.00004325
    -0.00125722    -0.00120820    -0.00004902
    -0.00126076    -0.00123539    -0.00002536
    -0.00073596    -0.00071346    -0.00002250
    -0.00073596    -0.00071346    -0.00002250
    -0.00117942    -0.00122210     0.00004267
     0.02446976     0.02445461     0.00001514
    -0.00451157    -0.00450957    -0.00000200
    -0.00134707    -0.00138024     0.00003317
    -0.00140367    -0.00138077    -0.00002290
     0.03066737     0.03069142    -0.00002405
    -0.05329598    -0.05328460    -0.00001138
     0.01981735     0.01976774     0.00004961
    -0.01078945    -0.01073413    -0.00005532
     0.00826949     0.00829801    -0.00002852
     0.02671913     0.02675913    -0.00004000
    -0.04264054    -0.04270935     0.00006881
    -0.00460509    -0.00451676    -0.00008834
    -0.01993610    -0.01989911    -0.00003698
     0.03151990     0.03156550    -0.00004559
    -0.00806116    -0.00803781    -0.00002335
     0.03037305     0.03036566     0.00000739
    -0.01266774    -0.01261166    -0.00005608
    -0.04546761    -0.04548281     0.00001519
     0.03223962     0.03219281     0.00004680
     0.03424629     0.03424237     0.00000392
    -0.02179814    -0.02182105     0.00002291
    -0.00083136    -0.00089758     0.00006622
    -0.00083136    -0.00089758     0.00006622
    -0.00083136    -0.00089758     0.00006622
    -0.00083136    -0.00089758     0.00006622
    -0.00151086    -0.00161294     0.00010208
    -0.00147769    -0.00152762     0.00004993
    -0.00134966    -0.00137679     0.00002713
    -0.00158286    -0.00166141     0.00007855
    -0.00040003    -0.00041375     0.00001372
    -0.00040003    -0.00041375     0.00001372
    -0.00040003    -0.00041375     0.00001372
    -0.00040003    -0.00041375     0.00001372
    -0.00040003    -0.00041375     0.00001372
    -0.00040003    -0.00041375     0.00001372
    -0.00040003    -0.00041375     0.00001372
    -0.00040003    -0.00041375     0.00001372
    -0.00040003    -0.00041375     0.00001372
    -0.00040003    -0.00041375     0.00001372
    -0.00040003    -0.00041375     0.00001372
    -0.00164901    -0.00175995     0.00011094
    -0.00150874    -0.00156778     0.00005904
    -0.00039976    -0.00041375     0.00001399
    -0.00084913    -0.00084080    -0.00000833
    -0.00162283    -0.00171630     0.00009347
    -0.00127845    -0.00132519     0.00004675
    -0.00108304    -0.00109130     0.00000826
    -0.00016604    -0.00014844    -0.00001761
    -0.00091504    -0.00087673    -0.00003831
    -0.00088037    -0.00087733    -0.00000304
    -0.00160800    -0.00172249     0.00011449
    -0.00145004    -0.00150041     0.00005037
    -0.00095749    -0.00096125     0.00000376
    -0.00120704    -0.00123779     0.00003075
    -0.00784700    -0.00780394    -0.00004306
    -0.00142073    -0.00150397     0.00008324
    -0.00066401    -0.00070851     0.00004450
    -0.00066401    -0.00070851     0.00004450
    -0.00066401    -0.00070851     0.00004450
    -0.00066401    -0.00070851     0.00004450
    -0.00066401    -0.00070851     0.00004450
    -0.00066401    -0.00070851     0.00004450
    -0.00066401    -0.00070851     0.00004450
    -0.00066374    -0.00070851     0.00004477
    -0.00066374    -0.00070851     0.00004477
    -0.00066374    -0.00070851     0.00004477
    -0.00066374    -0.00070851     0.00004477
    -0.00066374    -0.00070851     0.00004477
    -0.00142816    -0.00148196     0.00005380
    -0.00143932    -0.00152493     0.00008561
    -0.00131684    -0.00135122     0.00003438
    -0.00145290    -0.00154098     0.00008808
    -0.00113471    -0.00115137     0.00001666
    -0.00051879    -0.00054767     0.00002888
    -0.00051879    -0.00054767     0.00002888
    -0.00051879    -0.00054767     0.00002888
    -0.00051879    -0.00054767     0.00002888
    -0.00051879    -0.00054767     0.00002888
    -0.00051879    -0.00054767     0.00002888
    -0.00051879    -0.00054767     0.00002888
    -0.00051879    -0.00054767     0.00002888
    -0.00051879    -0.00054767     0.00002888
    -0.00051879    -0.00054767     0.00002888
    -0.00051879    -0.00054767     0.00002888
    -0.00051879    -0.00054767     0.00002888
    -0.00025527    -0.00024618    -0.00000909
    -0.00061898    -0.00068210     0.00006312
    -0.00093066    -0.00092201    -0.00000865
     0.01854396     0.01854452    -0.00000056
     0.02042710     0.02044467    -0.00001757
    -0.00108421    -0.00109122     0.00000701
    -0.00136468    -0.00141541     0.00005073
    -0.00095049    -0.00095254     0.00000205
    -0.00144209    -0.00151345     0.00007135
    -0.00113828    -0.00116063     0.00002235
     0.02171120     0.02169805     0.00001316
    -0.00098432    -0.00098967     0.00000535
    -0.00117882    -0.00120668     0.00002785
    -0.00125439    -0.00130583     0.00005143
    -0.00130949    -0.00137359     0.00006409
    -0.00035742    -0.00036724     0.00000982
    -0.04656203    -0.04655241    -0.00000962
    -0.00126288    -0.00130320     0.00004032
    -0.00102946    -0.00103541     0.00000594
    -0.00131396    -0.00136582     0.00005186
    -0.00128255    -0.00134129     0.00005873
    -0.00047582    -0.00051277     0.00003696
    -0.00104519    -0.00105608     0.00001089
     0.02376681     0.02377531    -0.00000850
    -0.00108029    -0.00110068     0.00002039
    -0.00112642    -0.00115225     0.00002583
    -0.00131279    -0.00137555     0.00006276
    -0.00122666    -0.00127440     0.00004774
    -0.00114748    -0.00117963     0.00003215
     0.02001585     0.01999239     0.00002346
    -0.00124405    -0.00129536     0.00005131
    -0.00119613    -0.00123781     0.00004168
     0.01343225     0.01339989     0.00003236
     0.00403137     0.00402217     0.00000919
    -0.01584750    -0.01583335    -0.00001415
    -0.02415280    -0.02415304     0.00000024
    -0.00205304    -0.00197850    -0.00007454
    -0.01077672    -0.01056646    -0.00021025
    -0.00231436    -0.00218355    -0.00013080
    -0.03761705    -0.03754971    -0.00006734
    -0.00314504    -0.00311256    -0.00003248
    -0.00216453    -0.00212659    -0.00003794
     0.03439734     0.03439558     0.00000176
    -0.00161230    -0.00154404    -0.00006827
    -0.00161230    -0.00154404    -0.00006827
    -0.00228023    -0.00214235    -0.00013789
    -0.00180025    -0.00179151    -0.00000874
    -0.00180025    -0.00179151    -0.00000874
    -0.00235183    -0.00228831    -0.00006352
    -0.00235183    -0.00228831    -0.00006352
    -0.00292441    -0.00294084     0.00001644
    -0.00325677    -0.00322776    -0.00002901
    -0.03831706    -0.03832106     0.00000400
    -0.00955710    -0.00957430     0.00001720
    -0.00257926    -0.00258508     0.00000583
    -0.02764429    -0.02762770    -0.00001659
     0.00597323     0.00596811     0.00000511
    -0.00251754    -0.00244144    -0.00007611
    -0.04795147    -0.04793817    -0.00001330
    -0.00263978    -0.00251850    -0.00012127
    -0.00269733    -0.00270819     0.00001086
    -0.00276800    -0.00279472     0.00002672
    -0.01765970    -0.01771369     0.00005399
    -0.00224687    -0.00212875    -0.00011812
    -0.00292351    -0.00283613    -0.00008738
     0.01044678     0.01052836    -0.00008158
     0.03538248     0.03537715     0.00000532
     0.00996024     0.00984061     0.00011963
    -0.00274274    -0.00271532    -0.00002742
    -0.06052406    -0.06051457    -0.00000948
    -0.03038407    -0.03038655     0.00000248
    -0.00285075    -0.00285167     0.00000092
    -0.00276389    -0.00274173    -0.00002216
     0.02937616     0.02930285     0.00007331
    -0.00468240    -0.00466993    -0.00001247
    -0.00230883    -0.00220314    -0.00010570
     0.01850513     0.01760059     0.00090454
    -0.00250407    -0.00247211    -0.00003196
    -0.00284468    -0.00278925    -0.00005542
    -0.01807519    -0.01798983    -0.00008536
    -0.02699193    -0.02692771    -0.00006422
    -0.00237055    -0.00228867    -0.00008188
    -0.00635029    -0.00635928     0.00000898
    -0.01383900    -0.01380288    -0.00003612
     0.03637912     0.03636965     0.00000947
     0.01584587     0.01580505     0.00004082
     0.01367435     0.01371515    -0.00004080
    -0.00252369    -0.00248323    -0.00004046
    -0.00271847    -0.00269835    -0.00002012
    -0.00247822    -0.00241963    -0.00005859
    -0.00693703    -0.00687321    -0.00006382
    -0.00307617    -0.00300814    -0.00006803
    -0.04074018    -0.04072306    -0.00001712
    -0.01818221    -0.01814246    -0.00003976
    -0.00957267    -0.00956933    -0.00000334
    -0.03792062    -0.03789839    -0.00002223
     0.02508405     0.02502328     0.00006077
     0.01935296     0.01936867    -0.00001571
     0.02469488     0.02474589    -0.00005101
    -0.03021460    -0.03023045     0.00001585
    -0.02126047    -0.02128156     0.00002109
     0.01860976     0.01862169    -0.00001193
    -0.00246647    -0.00248153     0.00001507
    -0.00209245    -0.00206788    -0.00002457
     0.02941227     0.02944489    -0.00003262
    -0.00442699    -0.00442886     0.00000186
    -0.00914556    -0.00916755     0.00002200
    -0.01251906    -0.01245437    -0.00006469
    -0.02743022    -0.02740315    -0.00002707
    -0.01993863    -0.01994036     0.00000173
    -0.02628794    -0.02625658    -0.00003136
    -0.04161429    -0.04164696     0.00003267
    -0.02050119    -0.02040079    -0.00010041
    -0.01299031    -0.01299007    -0.00000024
    -0.01897156    -0.01901206     0.00004050
    -0.04834312    -0.04853605     0.00019293
    -0.02102896    -0.02105603     0.00002707
    -0.01564905    -0.01565793     0.00000888
    -0.01480182    -0.01482743     0.00002561
    -0.00730762    -0.00730202    -0.00000560
     0.00421855     0.00422806    -0.00000951
    -0.02167518    -0.02163925    -0.00003592
    -0.00695305    -0.00696822     0.00001517
     0.01038182     0.01037924     0.00000258
     0.00208129     0.00205558     0.00002571
    -0.01798352    -0.01799177     0.00000826
     0.00171655     0.00102276     0.00069379
    -0.02100278    -0.02099140    -0.00001139
    -0.01701071    -0.01701385     0.00000314
     0.00540938     0.00539430     0.00001508
     0.00816872     0.00816559     0.00000313
     0.00861395     0.00857447     0.00003949
    -0.02447749    -0.02447183    -0.00000566
     0.00495917     0.00492684     0.00003232
     0.02000948     0.01981564     0.00019385
     0.01771992     0.01770226     0.00001766
    -0.01299096    -0.01297047    -0.00002049
     0.02228025     0.02219689     0.00008336
     0.01858883     0.01862432    -0.00003549
     0.00676015     0.00684519    -0.00008504
    -0.04939397    -0.04942459     0.00003062
     0.01084273     0.01085671    -0.00001398
     0.03724022     0.03711977     0.00012046
     0.01208009     0.01207117     0.00000891
    -0.01262140    -0.01265880     0.00003740
    -0.01262140    -0.01265880     0.00003740
     0.01419795     0.01425378    -0.00005583
    -0.01992652    -0.01993899     0.00001248
     0.00248777     0.00250103    -0.00001325
    -0.02165645    -0.02164416    -0.00001229
     0.01447140     0.01449722    -0.00002582
     0.01794107     0.01801864    -0.00007757
     0.01719847     0.01725731    -0.00005884
     0.00122612     0.00123596    -0.00000984
     0.02547252     0.02554561    -0.00007308
     0.00945688     0.00951107    -0.00005419
     0.01317292     0.01324451    -0.00007158
     0.00852799     0.00867531    -0.00014731
    -0.01423090    -0.01419538    -0.00003552
    -0.01423090    -0.01419538    -0.00003552
    -0.00003586    -0.00002229    -0.00001357
    -0.01338806    -0.01342152     0.00003346
     0.01650131     0.01653529    -0.00003398
     0.00176401     0.00177713    -0.00001312
    -0.02533489    -0.02551059     0.00017570
     0.05814926     0.05818293    -0.00003367
     0.01562034     0.01567489    -0.00005455
    -0.02451174    -0.02452565     0.00001391
     0.02344634     0.02348041    -0.00003408
     0.02079048     0.02088480    -0.00009432
    -0.01556230    -0.01557256     0.00001026
     0.01630721     0.01631353    -0.00000632
     0.00765484     0.00771222    -0.00005739
     0.01252924     0.01253506    -0.00000582
     0.00926303     0.00921884     0.00004419
    -0.02133291    -0.02130387    -0.00002904
     0.05906621     0.05902829     0.00003792
    -0.01529087    -0.01527387    -0.00001700
    -0.01529087    -0.01527387    -0.00001700
    -0.01649824    -0.01651393     0.00001570
    -0.00066578    -0.00064573    -0.00002005
     0.01023186     0.01032519    -0.00009333
    -0.00650883    -0.00649329    -0.00001554
    -0.00110633    -0.00112562     0.00001929
     0.01435218     0.01435482    -0.00000264
     0.05688921     0.05684109     0.00004812
     0.00019464     0.00014310     0.00005154
    -0.01560252    -0.01559106    -0.00001146
    -0.01722821    -0.01723137     0.00000316
     0.00362994     0.00359955     0.00003040
    -0.01663960    -0.01663354    -0.00000606
     0.00341756     0.00332582     0.00009174
     0.05386908     0.05388892    -0.00001985
    -0.00123281    -0.00121675    -0.00001606
    -0.01706810    -0.01707339     0.00000529
    -0.01604941    -0.01607813     0.00002872
    -0.01604941    -0.01607813     0.00002872
     0.01452095     0.01450021     0.00002074
     0.01055377     0.01054523     0.00000854
     0.05108943     0.05107715     0.00001228
     0.05976654     0.05977069    -0.00000414
    -0.01173404    -0.01174341     0.00000937
     0.00389376     0.00384751     0.00004625
     0.05968823     0.05969463    -0.00000640
    -0.01610688    -0.01609845    -0.00000843
    -0.02800253    -0.02804185     0.00003932
    -0.02366144    -0.02378264     0.00012120
     0.00469225     0.00467182     0.00002043
     0.05797171     0.05803131    -0.00005960
    -0.01956673    -0.01959846     0.00003173
    -0.00427314    -0.00419496    -0.00007818
    -0.02039692    -0.02041108     0.00001416
    -0.01105008    -0.01106473     0.00001465
    -0.02364912    -0.02367444     0.00002533
     0.05636096     0.05633400     0.00002696
    -0.02247856    -0.02250325     0.00002468
    -0.01445572    -0.01446692     0.00001120
    -0.02411974    -0.02414557     0.00002584
    -0.02700880    -0.02701150     0.00000270
    -0.02334906    -0.02339263     0.00004357
    -0.02647208    -0.02647799     0.00000591
    -0.01675538    -0.01675842     0.00000304
     0.06032068     0.06034830    -0.00002763
    -0.01737265    -0.01736033    -0.00001231
    -0.01737265    -0.01736033    -0.00001231
    -0.02888276    -0.02888262    -0.00000015
    -0.01876799    -0.01876876     0.00000077
    -0.01876799    -0.01876876     0.00000077
    -0.02089815    -0.02089135    -0.00000680
    -0.02089843    -0.02089135    -0.00000708
    -0.02761850    -0.02761584    -0.00000266
    -0.01513236    -0.01514278     0.00001042
    -0.01513236    -0.01514278     0.00001042
    -0.02895049    -0.02893472    -0.00001578
    -0.04490042    -0.04488211    -0.00001831
    -0.02251345    -0.02250304    -0.00001041
     0.00008454     0.00004533     0.00022629     0.00023401     0.00147527
