                 -1.44978273735363494268
                  1.13951448473821659313
                  0.54516589864307096747
                  1.42005600186928582218
                  0.39234116316295036819
                 -0.03204183058905614445
                  0.10179658481516289104
                 -0.44318371234944226034
                  0.32698938827054652156
                 -0.11058208300762932541
                  0.78827461559520839440
                  1.11888135547948053272
                 -0.84973047945522972579
                 -1.54920540911961568398
                  1.61606675905119856473
                  1.63262753050233544450
                  1.43557545595147884043
                  0.96590032063417907704
                 -0.99191129410432121727
                 -0.70752000204062814870
                  0.64699331872125820375
                  0.34175170833879153776
                 -0.14230480411911292093
                  0.33975425289771143955
                  0.25233017002646612736
                 -0.63778045214162659704
                  0.92093239103766522113
                  1.03549267260662358758
                 -1.46601317190473356966
                  1.54907133768172422528
                  0.59693543404804039199
