                  1.50954992328966097759
                 -1.25959883897221214255
                 -1.07180672796659370860
                  0.94764643337877818574
                 -0.47342783048407743873
                  0.62928142219415705849
                 -0.45578986925199260760
                  0.10895363352653285316
                 -0.35768787253402589688
                 -0.40164337706873604050
                  0.73777361017759401918
                  0.92339940035108247773
                 -0.81569105148506537706
                 -1.06638531758034327268
                  1.35777859260662903118
                  1.68497735099141388027
                  1.39892889879420700971
                  1.14222919149139445771
                 -1.05200755014746705207
                 -0.65900776338775957086
                  0.50907617548179284750
                 -0.05725118319915264292
                  0.10439556806472465034
                  0.16694743896865160693
                 -0.34055659467771232096
                  0.67085009798759143163
                  0.96401557226168521630
                 -1.19954544121245709754
                 -1.44791854135724906705
                 -1.65404424201381972104
                  0.99968677146586237825
