                  1.87530626394429122961
                  0.46314201817315381327
                 -0.74538056895500492960
                  1.33694183345753114800
                  0.11224716398360215508
                  0.13691774366301290300
                  0.54913051440303450867
                 -0.54039582534629149180
                  0.05657451172510587212
                 -0.84204572100516683619
                  1.09033113687947103010
                 -0.72362284949098065745
                  1.26459856595464148477
                 -1.25043234975390626929
                  1.75037334562487068013
                  1.35553784097455998214
                  1.47832777472075926894
                 -1.15298987989404477794
                  0.96860173481116695893
                  0.70530657507000771300
                  0.43592661912579733219
                 -0.17214459592596476067
                  0.05148439817537163454
                 -0.26825450976554110483
                  0.40004391058119875835
                  0.45854707789117299388
                  1.10170698581267334504
                 -0.92267299301682648149
                 -1.54536779686781455823
                  1.61481600446023731976
                 -0.02581508581274351982
