    -0.00103343    -0.00108425     0.00005081
    -0.00747023    -0.00758047     0.00011024
    -0.00563668    -0.00555164    -0.00008503
    -0.00095749    -0.00099143     0.00003394
    -0.00051163    -0.00046017    -0.00005146
     0.02273479     0.02273173     0.00000306
     0.02194552     0.02180867     0.00013685
    -0.02411051    -0.02408327    -0.00002725
    -0.01091158    -0.01095300     0.00004142
    -0.00047024    -0.00048334     0.00001310
     0.01570511     0.01583298    -0.00012788
    -0.02315901    -0.02320001     0.00004099
    -0.03150341    -0.03143914    -0.00006427
    -0.00047141    -0.00052525     0.00005384
    -0.01143482    -0.01132223    -0.00011259
    -0.00247240    -0.00257792     0.00010552
    -0.01208986    -0.01215159     0.00006173
    -0.01363641    -0.01360036    -0.00003606
     0.02277601     0.02280725    -0.00003124
     0.00002977     0.00018913    -0.00015936
     0.01393147     0.01387800     0.00005347
    -0.00030360    -0.00012707    -0.00017653
     0.00007391     0.00018872    -0.00011481
     0.00893285     0.00893318    -0.00000033
     0.02382433     0.02403362    -0.00020929
     0.01333850     0.01318368     0.00015482
     0.01761858     0.01773572    -0.00011714
    -0.04233945    -0.04225264    -0.00008681
     0.01439341     0.01448570    -0.00009229
     0.02824735     0.02841116    -0.00016381
    -0.00027677    -0.00025336    -0.00002341
     0.00283834     0.00284479    -0.00000646
    -0.00417689    -0.00423718     0.00006028
     0.02639518     0.02649399    -0.00009881
    -0.00053179    -0.00046807    -0.00006373
    -0.01616269    -0.01610271    -0.00005998
    -0.00479927    -0.00496493     0.00016565
    -0.00048191    -0.00052704     0.00004512
    -0.02854991    -0.02846001    -0.00008991
     0.01998067     0.01990144     0.00007923
     0.01113640     0.01108130     0.00005510
    -0.00666434    -0.00670593     0.00004159
    -0.00051879    -0.00058842     0.00006963
    -0.01757262    -0.01755452    -0.00001810
     0.02201864     0.02191790     0.00010074
    -0.00047721    -0.00043637    -0.00004084
    -0.02422047    -0.02433436     0.00011388
     0.01964436     0.01969880    -0.00005444
     0.00225008     0.00224579     0.00000430
     0.03225586     0.03238876    -0.00013290
     0.02913561     0.02912357     0.00001204
    -0.01619056    -0.01605383    -0.00013673
    -0.00200548    -0.00196053    -0.00004495
    -0.00045595    -0.00046091     0.00000495
     0.01208009     0.01213463    -0.00005455
    -0.00896974    -0.00903917     0.00006942
     0.02620465     0.02611436     0.00009029
    -0.00098935    -0.00084931    -0.00014004
    -0.00859779    -0.00862991     0.00003212
     0.03272107     0.03269175     0.00002932
    -0.03343134    -0.03328555    -0.00014579
     0.02419492     0.02424079    -0.00004587
     0.00007391     0.00018872    -0.00011481
    -0.00065571    -0.00051350    -0.00014221
     0.01074531     0.01118310    -0.00043778
    -0.00058205    -0.00046410    -0.00011796
    -0.00084671    -0.00067628    -0.00017043
    -0.03750039    -0.03745494    -0.00004546
     0.01409792     0.01415816    -0.00006024
    -0.02057867    -0.02050542    -0.00007325
     0.02537503     0.02569160    -0.00031658
    -0.00045296    -0.00054086     0.00008790
    -0.01578070    -0.01571157    -0.00006913
     0.01248524     0.01247052     0.00001471
    -0.00284914    -0.00289294     0.00004380
    -0.00600493    -0.00600793     0.00000300
    -0.00050039    -0.00037717    -0.00012322
    -0.00059745    -0.00042451    -0.00017294
    -0.00019290    -0.00021907     0.00002617
     0.03147427     0.03156788    -0.00009361
     0.00795645     0.00783302     0.00012343
    -0.00189810    -0.00199807     0.00009997
     0.03498712     0.03485931     0.00012782
     0.02151101     0.02155366    -0.00004265
     0.01645249     0.01633891     0.00011358
     0.02972218     0.02980167    -0.00007949
    -0.00037407    -0.00026685    -0.00010723
    -0.00654121    -0.00648617    -0.00005504
    -0.00045661    -0.00056741     0.00011081
     0.02942996     0.02943400    -0.00000404
    -0.00057990    -0.00045534    -0.00012456
    -0.00422854    -0.00433839     0.00010985
     0.00193402     0.00198489    -0.00005086
     0.00932221     0.00936743    -0.00004522
    -0.01980126    -0.01980391     0.00000264
     0.02062277     0.02082462    -0.00020185
    -0.00179149    -0.00177649    -0.00001500
    -0.00602283    -0.00599141    -0.00003142
    -0.00168770    -0.00181434     0.00012663
     0.01996570     0.01986902     0.00009668
    -0.00504905    -0.00502892    -0.00002012
    -0.00656624    -0.00668364     0.00011739
    -0.00377373    -0.00376305    -0.00001068
    -0.01289695    -0.01294607     0.00004913
    -0.00199840    -0.00204141     0.00004301
    -0.00199840    -0.00204141     0.00004301
    -0.00199840    -0.00204141     0.00004301
    -0.00199840    -0.00204141     0.00004301
    -0.00199813    -0.00204141     0.00004328
    -0.00199813    -0.00204141     0.00004328
    -0.00199813    -0.00204141     0.00004328
    -0.00199813    -0.00204141     0.00004328
    -0.00199813    -0.00204141     0.00004328
    -0.00199813    -0.00204141     0.00004328
    -0.00199813    -0.00204141     0.00004328
    -0.00199813    -0.00204141     0.00004328
     0.02287517     0.02280899     0.00006618
    -0.00401749    -0.00400210    -0.00001539
    -0.00371278    -0.00371229    -0.00000048
    -0.00423755    -0.00422570    -0.00001184
    -0.00366341    -0.00367768     0.00001427
    -0.00360031    -0.00361575     0.00001544
     0.02466241     0.02457680     0.00008561
    -0.00535474    -0.00535819     0.00000346
    -0.00600618    -0.00600669     0.00000051
    -0.00345293    -0.00347037     0.00001744
    -0.00978497    -0.00980639     0.00002142
    -0.00331184    -0.00333174     0.00001990
    -0.00814437    -0.00821373     0.00006936
    -0.00640229    -0.00643737     0.00003507
    -0.00378622    -0.00377903    -0.00000719
    -0.01449997    -0.01457185     0.00007188
    -0.00324942    -0.00327149     0.00002207
    -0.00326196    -0.00328397     0.00002201
    -0.00570280    -0.00567831    -0.00002449
    -0.00596259    -0.00593807    -0.00002451
    -0.01144544    -0.01148239     0.00003696
    -0.00646189    -0.00645157    -0.00001032
    -0.00976045    -0.00981298     0.00005253
    -0.01326027    -0.01333639     0.00007612
    -0.00369776    -0.00371656     0.00001880
    -0.00295189    -0.00299804     0.00004615
    -0.00518410    -0.00519012     0.00000603
    -0.00361367    -0.00363610     0.00002243
    -0.00386421    -0.00385984    -0.00000436
    -0.00317981    -0.00321217     0.00003235
    -0.00313543    -0.00317060     0.00003516
    -0.00417466    -0.00418190     0.00000724
    -0.01162019    -0.01167944     0.00005925
    -0.00351593    -0.00353658     0.00002066
    -0.00784039    -0.00783895    -0.00000144
    -0.00615600    -0.00614140    -0.00001460
    -0.01331663    -0.01334821     0.00003158
    -0.00777925    -0.00786643     0.00008718
    -0.00395591    -0.00395785     0.00000194
    -0.00475271    -0.00476751     0.00001480
    -0.00722070    -0.00721730    -0.00000340
    -0.00327339    -0.00330887     0.00003547
    -0.00413349    -0.00412882    -0.00000467
    -0.00375493    -0.00378302     0.00002809
    -0.00357786    -0.00358020     0.00000234
    -0.00697896    -0.00704335     0.00006439
    -0.00404827    -0.00405633     0.00000806
    -0.00246312    -0.00250319     0.00004007
    -0.00246285    -0.00250319     0.00004035
    -0.00246285    -0.00250319     0.00004035
    -0.00246285    -0.00250319     0.00004035
    -0.00246285    -0.00250319     0.00004035
    -0.00246285    -0.00250319     0.00004035
    -0.00246285    -0.00250319     0.00004035
    -0.00246285    -0.00250319     0.00004035
    -0.00246285    -0.00250319     0.00004035
    -0.00246285    -0.00250319     0.00004035
    -0.00246285    -0.00250319     0.00004035
    -0.00246285    -0.00250319     0.00004035
    -0.00605170    -0.00612589     0.00007419
    -0.00687790    -0.00693469     0.00005680
    -0.00381071    -0.00387469     0.00006398
    -0.00740713    -0.00745763     0.00005050
    -0.00347228    -0.00350214     0.00002986
    -0.00728386    -0.00733000     0.00004614
    -0.00676149    -0.00680770     0.00004622
    -0.00649710    -0.00651800     0.00002090
    -0.00663351    -0.00666742     0.00003391
    -0.00492668    -0.00498748     0.00006080
    -0.00226807    -0.00231629     0.00004823
    -0.00226807    -0.00231629     0.00004823
    -0.00226807    -0.00231629     0.00004823
    -0.00226780    -0.00231629     0.00004850
    -0.00226780    -0.00231629     0.00004850
    -0.00226780    -0.00231629     0.00004850
    -0.00226780    -0.00231629     0.00004850
    -0.00226780    -0.00231629     0.00004850
    -0.00226780    -0.00231629     0.00004850
    -0.00226780    -0.00231629     0.00004850
    -0.00226780    -0.00231629     0.00004850
    -0.00226780    -0.00231629     0.00004850
    -0.00326392    -0.00331251     0.00004858
    -0.00454144    -0.00459898     0.00005754
    -0.00414574    -0.00418435     0.00003862
    -0.02933287    -0.02931698    -0.00001589
    -0.05325783    -0.05324559    -0.00001224
     0.06033891     0.06015799     0.00018092
     0.05203029     0.05201162     0.00001867
     0.02469017     0.02470023    -0.00001006
    -0.03290368    -0.03276465    -0.00013904
    -0.03169354    -0.03180478     0.00011124
    -0.03195262    -0.03190407    -0.00004855
    -0.04179487    -0.04170554    -0.00008933
    -0.03662791    -0.03655033    -0.00007758
    -0.05422111    -0.05444879     0.00022768
    -0.02810754    -0.02809761    -0.00000992
    -0.04178006    -0.04177103    -0.00000903
    -0.02668964    -0.02674410     0.00005446
    -0.04171372    -0.04161619    -0.00009753
     0.04715559     0.04715142     0.00000417
    -0.03008572    -0.03004932    -0.00003641
    -0.02983965    -0.02984703     0.00000738
    -0.02888276    -0.02888591     0.00000315
     0.04762423     0.04775235    -0.00012813
    -0.05690100    -0.05687331    -0.00002769
    -0.02532849    -0.02525954    -0.00006895
    -0.04292885    -0.04284992    -0.00007892
    -0.03570547    -0.03562385    -0.00008162
     0.02515927     0.02507971     0.00007956
    -0.02895049    -0.02896500     0.00001451
    -0.05104764    -0.05109495     0.00004731
    -0.05818524    -0.05809239    -0.00009285
    -0.03156026    -0.03157514     0.00001488
    -0.03942231    -0.03946865     0.00004634
    -0.05054069    -0.05054235     0.00000166
    -0.02949703    -0.02939508    -0.00010196
    -0.04102963    -0.04103483     0.00000520
    -0.03389058    -0.03393941     0.00004883
    -0.04916967    -0.04908595    -0.00008372
    -0.03107216    -0.03112500     0.00005283
    -0.04177419    -0.04188953     0.00011535
    -0.03017476    -0.03027274     0.00009798
    -0.03164388    -0.03157965    -0.00006423
    -0.05028784    -0.05027691    -0.00001093
    -0.03255078    -0.03253576    -0.00001502
    -0.04352793    -0.04348758    -0.00004035
    -0.04456316    -0.04461162     0.00004846
    -0.04455347    -0.04457879     0.00002532
    -0.03846041    -0.03849452     0.00003411
    -0.04068178    -0.04075791     0.00007613
    -0.03427456    -0.03433262     0.00005805
    -0.06052406    -0.06055110     0.00002704
    -0.04939397    -0.04947520     0.00008123
     0.01642659     0.01639905     0.00002754
    -0.05031954    -0.05027401    -0.00004553
    -0.03495697    -0.03489971    -0.00005726
    -0.04536685    -0.04527927    -0.00008758
    -0.04780807    -0.04771377    -0.00009430
    -0.05232309    -0.05225565    -0.00006744
    -0.04021418    -0.04018911    -0.00002508
    -0.04318812    -0.04316843    -0.00001969
    -0.03361874    -0.03354607    -0.00007267
    -0.03018575    -0.03022723     0.00004148
    -0.03876126    -0.03876477     0.00000351
    -0.04694789    -0.04688472    -0.00006317
    -0.03809042    -0.03803332    -0.00005710
    -0.03654217    -0.03660159     0.00005942
    -0.03205501    -0.03210291     0.00004789
    -0.03261200    -0.03263939     0.00002738
    -0.05618381    -0.05613659    -0.00004722
     0.05745499     0.05735036     0.00010463
     0.04562843     0.04559429     0.00003414
     0.04791702     0.04789707     0.00001995
    -0.04559877    -0.04561123     0.00001246
    -0.03918372    -0.03926956     0.00008585
    -0.05799005    -0.05796983    -0.00002022
    -0.04264054    -0.04269809     0.00005755
    -0.03403181    -0.03405998     0.00002816
    -0.03887693    -0.03886131    -0.00001562
    -0.04489071    -0.04489682     0.00000612
    -0.04467176    -0.04470103     0.00002927
    -0.04204690    -0.04196372    -0.00008318
    -0.04610433    -0.04606921    -0.00003513
    -0.03643199    -0.03634577    -0.00008622
    -0.05329598    -0.05324334    -0.00005264
    -0.05926243    -0.05925594    -0.00000649
    -0.04013609    -0.04014143     0.00000535
    -0.03807393    -0.03805176    -0.00002217
    -0.04255039    -0.04253303    -0.00001736
    -0.04546761    -0.04539372    -0.00007390
    -0.04598460    -0.04603864     0.00005404
    -0.04308466    -0.04296427    -0.00012039
    -0.05111599    -0.05106069    -0.00005530
    -0.03878335    -0.03875980    -0.00002356
    -0.04133355    -0.04135457     0.00002102
    -0.04490042    -0.04492521     0.00002479
    -0.05407624    -0.05415255     0.00007632
    -0.06420916    -0.06441720     0.00020804
    -0.05506420    -0.05502780    -0.00003640
    -0.06777222    -0.06778620     0.00001398
    -0.06704431    -0.06697268    -0.00007163
    -0.06867857    -0.06867080    -0.00000778
    -0.06441868    -0.06446141     0.00004272
    -0.06949418    -0.06944943    -0.00004475
    -0.03355613    -0.03352203    -0.00003410
     0.04867733     0.04877563    -0.00009830
     0.03045659     0.03046959    -0.00001300
     0.05049405     0.05050001    -0.00000597
     0.02730608     0.02737881    -0.00007273
     0.00673204     0.00672468     0.00000736
    -0.00162923    -0.00156630    -0.00006293
     0.04036219     0.04062531    -0.00026312
     0.03132730     0.03128266     0.00004464
     0.02635880     0.02625714     0.00010166
     0.04489479     0.04493307    -0.00003828
     0.04146887     0.04140542     0.00006346
     0.04037329     0.04030026     0.00007303
     0.03651635     0.03644335     0.00007300
     0.03297130     0.03293805     0.00003325
     0.03064579     0.03053527     0.00011052
     0.01037712     0.01034897     0.00002814
     0.00122612     0.00123074    -0.00000462
     0.00494888     0.00486439     0.00008449
     0.02572850     0.02580895    -0.00008045
     0.04244427     0.04242037     0.00002390
     0.02155068     0.02140785     0.00014283
     0.04116038     0.04111356     0.00004681
     0.04152409     0.04138209     0.00014200
    -0.00217457    -0.00237867     0.00020410
     0.02609801     0.02610892    -0.00001091
     0.00373316     0.00371362     0.00001954
     0.01981735     0.01994147    -0.00012413
     0.00941201     0.00945954    -0.00004753
     0.04567706     0.04562001     0.00005705
     0.03151990     0.03150689     0.00001301
     0.04490611     0.04497908    -0.00007298
     0.04584670     0.04586126    -0.00001456
     0.05068028     0.05061443     0.00006585
     0.02576148     0.02569422     0.00006727
     0.04287608     0.04289150    -0.00001542
     0.04473628     0.04480745    -0.00007117
     0.03453598     0.03453090     0.00000508
     0.02604674     0.02594277     0.00010397
     0.03749073     0.03739036     0.00010037
     0.05028370     0.05043812    -0.00015441
     0.05919864     0.05914490     0.00005375
     0.00980619     0.00975924     0.00004695
     0.01925829     0.01915201     0.00010628
     0.04380396     0.04377097     0.00003299
     0.04677580     0.04676351     0.00001229
     0.02223663     0.02214432     0.00009231
    -0.00188338    -0.00186519    -0.00001819
     0.00153646     0.00158839    -0.00005193
     0.05163086     0.05163552    -0.00000466
     0.02591289     0.02603977    -0.00012688
     0.02262610     0.02254569     0.00008042
     0.03210440     0.03253755    -0.00043315
    -0.03468137    -0.03464514    -0.00003623
     0.01001278     0.00993305     0.00007974
     0.04768287     0.04763954     0.00004333
    -0.00069756    -0.00048501    -0.00021256
     0.02325744     0.02328684    -0.00002941
     0.01946833     0.01951179    -0.00004346
     0.04512802     0.04508235     0.00004567
    -0.00019380    -0.00017387    -0.00001993
     0.02209075     0.02202122     0.00006952
     0.03497964     0.03493054     0.00004910
     0.03626197     0.03621239     0.00004958
     0.02777325     0.02779917    -0.00002592
     0.01011172     0.01012019    -0.00000846
     0.02895757     0.02889097     0.00006660
     0.01607913     0.01585675     0.00022237
     0.01554867     0.01557779    -0.00002912
     0.04641337     0.04634926     0.00006412
     0.03424629     0.03435153    -0.00010523
     0.02764568     0.02757536     0.00007032
     0.02873648     0.02870633     0.00003015
     0.04610210     0.04604301     0.00005909
     0.03055485     0.03051246     0.00004239
     0.02965636     0.02959513     0.00006123
     0.01531492     0.01537779    -0.00006287
     0.02899809     0.02901098    -0.00001290
     0.02757645     0.02748663     0.00008982
     0.01088390     0.01074928     0.00013462
     0.04018376     0.04024696    -0.00006320
    -0.03579922    -0.03577583    -0.00002339
    -0.03577168    -0.03574455    -0.00002713
     0.01771992     0.01768734     0.00003258
     0.01825979     0.01824365     0.00001614
     0.01602585     0.01602843    -0.00000258
    -0.00110633    -0.00109306    -0.00001327
     0.01104012     0.01105306    -0.00001294
     0.03440205     0.03447057    -0.00006852
     0.02508060     0.02498926     0.00009134
     0.04305285     0.04300202     0.00005083
     0.01801429     0.01799829     0.00001601
     0.00941917     0.00927825     0.00014092
     0.03303740     0.03293350     0.00010390
     0.03381793     0.03379418     0.00002375
     0.02081181     0.02076050     0.00005131
     0.04130144     0.04118680     0.00011464
     0.03236816     0.03232938     0.00003878
     0.03643583     0.03631706     0.00011877
     0.02929654     0.02920992     0.00008662
    -0.00964976    -0.00967438     0.00002463
    -0.00459698    -0.00468193     0.00008495
     0.00102818     0.00101533     0.00001285
     0.00622109     0.00616994     0.00005116
     0.01350136     0.01343087     0.00007050
    -0.01726048    -0.01729984     0.00003936
     0.02487306     0.02478750     0.00008556
    -0.02687927    -0.02689390     0.00001463
    -0.00430702    -0.00432106     0.00001405
    -0.03038407    -0.03033837    -0.00004570
    -0.03815679    -0.03812967    -0.00002711
    -0.02253203    -0.02250411    -0.00002793
    -0.00372714    -0.00367888    -0.00004827
    -0.02220093    -0.02219788    -0.00000305
     0.00643500     0.00647783    -0.00004282
    -0.00592463    -0.00595707     0.00003245
     0.00396228     0.00394985     0.00001243
    -0.01629516    -0.01624054    -0.00005462
    -0.02417669    -0.02413555    -0.00004114
     0.02365214     0.02354761     0.00010453
     0.01911799     0.01924582    -0.00012783
     0.01045353     0.01035476     0.00009876
    -0.00087988    -0.00094199     0.00006211
    -0.01676371    -0.01681827     0.00005456
     0.00130111     0.00137075    -0.00006963
     0.00024330     0.00028405    -0.00004075
    -0.00748147    -0.00756885     0.00008738
    -0.01153893    -0.01153579    -0.00000314
     0.02065624     0.02062519     0.00003106
    -0.00355119    -0.00360864     0.00005744
     0.00902841     0.00903120    -0.00000279
     0.01158070     0.01169281    -0.00011210
    -0.01187698    -0.01187542    -0.00000156
    -0.01220221    -0.01221420     0.00001199
     0.01492833     0.01488948     0.00003885
     0.00706832     0.00704470     0.00002362
    -0.00651296    -0.00659468     0.00008171
    -0.00645808    -0.00644411    -0.00001396
     0.01971783     0.01963461     0.00008322
    -0.01547917    -0.01550265     0.00002348
     0.02039167     0.02038050     0.00001117
    -0.03156796    -0.03154708    -0.00002087
    -0.01657546    -0.01674825     0.00017279
     0.00665808     0.00659053     0.00006755
    -0.02625651    -0.02625104    -0.00000547
     0.00221903     0.00225029    -0.00003126
     0.01079119     0.01073757     0.00005363
    -0.01704464    -0.01698925    -0.00005539
     0.00956420     0.00951971     0.00004450
    -0.00197013    -0.00197442     0.00000429
     0.00832649     0.00826698     0.00005952
     0.00171655     0.00169519     0.00002135
    -0.01055323    -0.01050605    -0.00004718
    -0.02671636    -0.02682811     0.00011175
     0.01623200     0.01626665    -0.00003465
     0.01000418     0.01002770    -0.00002351
     0.01063127     0.01058764     0.00004364
    -0.00044899    -0.00061840     0.00016941
    -0.02027335    -0.02027746     0.00000411
    -0.00027421    -0.00022470    -0.00004951
     0.01466832     0.01467045    -0.00000212
    -0.01398649    -0.01398099    -0.00000550
    -0.00362069    -0.00359184    -0.00002885
    -0.03537774    -0.03537007    -0.00000767
     0.01407795     0.01413684    -0.00005889
     0.00122647     0.00122660    -0.00000012
     0.00712623     0.00720505    -0.00007883
    -0.00394056    -0.00395023     0.00000967
    -0.01097650    -0.01095324    -0.00002326
     0.00805925     0.00804500     0.00001425
    -0.01865145    -0.01856311    -0.00008834
    -0.00558084    -0.00553817    -0.00004267
    -0.00422718    -0.00426828     0.00004110
    -0.02147280    -0.02132288    -0.00014993
    -0.01381756    -0.01377048    -0.00004708
    -0.02999770    -0.03007133     0.00007363
     0.00525123     0.00517585     0.00007538
    -0.00223525    -0.00206831    -0.00016694
    -0.02521208    -0.02523474     0.00002265
    -0.00946407    -0.00940127    -0.00006280
    -0.02203782    -0.02201525    -0.00002257
    -0.00941182    -0.00944394     0.00003212
     0.01564187     0.01559852     0.00004335
    -0.01377089    -0.01374336    -0.00002753
    -0.00138699    -0.00142906     0.00004207
    -0.02177686    -0.02177053    -0.00000633
    -0.01737580    -0.01735169    -0.00002412
    -0.01160234    -0.01158727    -0.00001507
    -0.02103761    -0.02106499     0.00002738
    -0.00579676    -0.00577896    -0.00001780
    -0.01584750    -0.01578705    -0.00006045
    -0.01752661    -0.01756647     0.00003986
    -0.03256680    -0.03255752    -0.00000929
    -0.02233549    -0.02233719     0.00000171
    -0.02202819    -0.02196511    -0.00006308
    -0.01482022    -0.01485731     0.00003709
    -0.01577618    -0.01578079     0.00000461
    -0.00439352    -0.00438473    -0.00000879
    -0.01136451    -0.01137419     0.00000968
    -0.01543770    -0.01539533    -0.00004237
    -0.03226533    -0.03227953     0.00001420
    -0.03541747    -0.03543782     0.00002035
    -0.02817154    -0.02817721     0.00000567
    -0.03384079    -0.03385749     0.00001670
    -0.02923284    -0.02917372    -0.00005912
    -0.01120159    -0.01126232     0.00006073
    -0.01141882    -0.01140968    -0.00000915
     0.01612130     0.01604171     0.00007960
     0.00565953     0.00564541     0.00001412
    -0.01701484    -0.01701766     0.00000282
    -0.00072418    -0.00079860     0.00007443
    -0.01299118    -0.01308022     0.00008904
    -0.02854042    -0.02860135     0.00006093
    -0.03032636    -0.03025908    -0.00006728
    -0.03360652    -0.03356892    -0.00003760
    -0.01372161    -0.01382871     0.00010709
    -0.01369236    -0.01376740     0.00007504
    -0.03568515    -0.03574822     0.00006307
    -0.03794922    -0.03798202     0.00003280
    -0.01193317    -0.01196461     0.00003144
    -0.01707705    -0.01720367     0.00012662
    -0.00732531    -0.00738018     0.00005487
    -0.02146557    -0.02145078    -0.00001479
    -0.03099401    -0.03094784    -0.00004618
    -0.02482250    -0.02488503     0.00006253
    -0.01018503    -0.01015304    -0.00003199
    -0.03471422    -0.03478484     0.00007062
    -0.03526106    -0.03532536     0.00006430
    -0.01916234    -0.01918403     0.00002169
    -0.02291052    -0.02272106    -0.00018946
    -0.01806735    -0.01810011     0.00003276
    -0.02763022    -0.02755371    -0.00007652
    -0.02882431    -0.02888907     0.00006476
    -0.01348828    -0.01348320    -0.00000507
    -0.02123857    -0.02127868     0.00004011
    -0.01210327    -0.01223658     0.00013331
    -0.02387249    -0.02385524    -0.00001725
    -0.00912621    -0.00909619    -0.00003002
    -0.01133047    -0.01125380    -0.00007667
    -0.02871887    -0.02877817     0.00005930
    -0.01885499    -0.01878316    -0.00007182
    -0.01944836    -0.01945955     0.00001119
    -0.02629227    -0.02625717    -0.00003509
    -0.03230854    -0.03227031    -0.00003823
    -0.04100367    -0.04089254    -0.00011113
    -0.01170449    -0.01180557     0.00010108
    -0.02222762    -0.02222593    -0.00000169
    -0.02308347    -0.02306745    -0.00001602
    -0.00905715    -0.00921863     0.00016149
    -0.01691879    -0.01689224    -0.00002655
    -0.01356863    -0.01353381    -0.00003482
    -0.01913940    -0.01925296     0.00011356
    -0.03132578    -0.03135136     0.00002559
     0.00441137     0.00447047    -0.00005910
    -0.03537888    -0.03536623    -0.00001265
    -0.02691750    -0.02693624     0.00001874
    -0.03236590    -0.03230836    -0.00005754
    -0.03793958    -0.03797146     0.00003187
    -0.00987028    -0.00991828     0.00004801
    -0.02147642    -0.02150038     0.00002395
    -0.02044318    -0.02037130    -0.00007188
    -0.01704363    -0.01714128     0.00009764
    -0.00869967    -0.00867404    -0.00002563
    -0.01902424    -0.01901894    -0.00000530
    -0.01756095    -0.01768842     0.00012747
    -0.01155308    -0.01156487     0.00001179
    -0.02911863    -0.02904372    -0.00007491
    -0.02132730    -0.02135688     0.00002958
    -0.02227135    -0.02222771    -0.00004364
    -0.03048761    -0.03050747     0.00001986
    -0.02529004    -0.02529824     0.00000819
    -0.02254278    -0.02252721    -0.00001557
    -0.02681693    -0.02682029     0.00000336
    -0.01522594    -0.01526047     0.00003452
    -0.01848067    -0.01848243     0.00000176
    -0.02565163    -0.02571832     0.00006669
    -0.01544627    -0.01544174    -0.00000453
    -0.02792076    -0.02779693    -0.00012383
    -0.01989000    -0.01995590     0.00006590
    -0.02038149    -0.02037888    -0.00000262
    -0.02778699    -0.02784174     0.00005476
    -0.01371073    -0.01376790     0.00005717
    -0.02383761    -0.02391622     0.00007861
    -0.01665949    -0.01668159     0.00002210
    -0.03215787    -0.03223563     0.00007776
    -0.03285652    -0.03298603     0.00012951
    -0.01478781    -0.01485067     0.00006286
    -0.02721759    -0.02725229     0.00003470
    -0.02557601    -0.02560182     0.00002581
    -0.01659016    -0.01656305    -0.00002711
    -0.03283925    -0.03281588    -0.00002336
    -0.02374607    -0.02369790    -0.00004817
    -0.02879699    -0.02883874     0.00004174
    -0.02206865    -0.02217089     0.00010224
    -0.02594543    -0.02591069    -0.00003475
    -0.01957182    -0.01952325    -0.00004857
    -0.01829163    -0.01820399    -0.00008764
    -0.02075037    -0.02068592    -0.00006445
    -0.02116942    -0.02117364     0.00000422
    -0.00316191    -0.00315214    -0.00000977
    -0.00171837    -0.00175792     0.00003955
    -0.02942359    -0.02934802    -0.00007557
    -0.00164340    -0.00168648     0.00004307
    -0.01831811    -0.01828380    -0.00003431
     0.03689978     0.03677358     0.00012620
     0.02867261     0.02861041     0.00006220
     0.04027941     0.04025216     0.00002725
    -0.02622138    -0.02635918     0.00013780
     0.03808187     0.03806400     0.00001787
    -0.00132457    -0.00139821     0.00007365
     0.03749231     0.03749109     0.00000122
     0.05108943     0.05121264    -0.00012321
     0.03787403     0.03791797    -0.00004394
    -0.02683851    -0.02682293    -0.00001558
    -0.02334906    -0.02339080     0.00004174
     0.04251801     0.04276288    -0.00024487
     0.04518875     0.04516834     0.00002041
     0.04610022     0.04594998     0.00015024
    -0.02399144    -0.02394325    -0.00004818
    -0.02395519    -0.02391432    -0.00004087
    -0.02395519    -0.02391432    -0.00004087
     0.03975605     0.03974559     0.00001046
     0.04622238     0.04631985    -0.00009747
    -0.03730929    -0.03728099    -0.00002830
     0.01515484     0.01526491    -0.00011007
    -0.01958771    -0.01956623    -0.00002148
    -0.02793815    -0.02790165    -0.00003649
     0.03809553     0.03807275     0.00002278
    -0.02208784    -0.02215533     0.00006750
     0.01667990     0.01667140     0.00000850
    -0.02518607    -0.02515578    -0.00003029
     0.05688921     0.05682155     0.00006766
     0.05214053     0.05223250    -0.00009197
     0.01356436     0.01362889    -0.00006453
     0.04167043     0.04159151     0.00007892
    -0.03021460    -0.03021640     0.00000180
    -0.02147367    -0.02155000     0.00007632
    -0.01991182    -0.01986173    -0.00005009
    -0.01421770    -0.01415881    -0.00005889
    -0.02089633    -0.02088665    -0.00000968
     0.05296786     0.05301489    -0.00004703
    -0.02647360    -0.02646155    -0.00001206
    -0.02020007    -0.02020958     0.00000951
    -0.02346743    -0.02343606    -0.00003137
    -0.03990270    -0.03991344     0.00001075
     0.01417857     0.01420679    -0.00002822
     0.04170629     0.04181200    -0.00010570
     0.04882457     0.04878585     0.00003872
     0.04438248     0.04430966     0.00007282
    -0.02082558    -0.02080868    -0.00001690
     0.05037628     0.05040117    -0.00002490
    -0.03728978    -0.03726067    -0.00002911
    -0.03571492    -0.03570832    -0.00000659
    -0.02641349    -0.02640132    -0.00001217
     0.05312329     0.05304253     0.00008076
    -0.02224215    -0.02224122    -0.00000093
    -0.02503382    -0.02503409     0.00000027
     0.00816872     0.00812031     0.00004842
     0.04048801     0.04044826     0.00003976
    -0.02905362    -0.02913304     0.00007941
    -0.02362239    -0.02362541     0.00000302
    -0.03433133    -0.03434911     0.00001778
    -0.02163088    -0.02167003     0.00003916
     0.04766229     0.04762950     0.00003279
     0.00977044     0.00979977    -0.00002933
    -0.02767191    -0.02767656     0.00000465
     0.05906621     0.05882873     0.00023747
    -0.03296083    -0.03299120     0.00003038
    -0.02961217    -0.02987760     0.00026543
    -0.03160651    -0.03163987     0.00003335
    -0.02895898    -0.02897767     0.00001869
    -0.03027158    -0.03030034     0.00002876
    -0.02166456    -0.02162752    -0.00003704
     0.05976654     0.05982618    -0.00005964
     0.02680221     0.02680273    -0.00000052
     0.04557548     0.04549293     0.00008255
    -0.03417867    -0.03412376    -0.00005491
     0.05636096     0.05635330     0.00000766
     0.04042741     0.04045948    -0.00003206
     0.06032068     0.06030249     0.00001819
    -0.02059584    -0.02060189     0.00000605
     0.05968823     0.05968711     0.00000112
    -0.02240768    -0.02241391     0.00000623
     0.04137304     0.04131143     0.00006160
    -0.02489445    -0.02497377     0.00007932
     0.04609919     0.04599450     0.00010469
    -0.03129701    -0.03133335     0.00003634
     0.03046541     0.03044375     0.00002165
    -0.03443312    -0.03438663    -0.00004649
    -0.00981833    -0.00982620     0.00000787
    -0.05612806    -0.05609651    -0.00003155
     0.06027646     0.06015346     0.00012300
     0.00274019     0.00274057    -0.00000038
     0.05797171     0.05794254     0.00002917
    -0.02464103    -0.02464075    -0.00000028
    -0.04425257    -0.04418975    -0.00006282
    -0.04753922    -0.04757618     0.00003696
    -0.00979136    -0.00977880    -0.00001256
     0.01749151     0.01736883     0.00012267
    -0.04098878    -0.04088570    -0.00010308
    -0.00111523    -0.00110433    -0.00001091
    -0.00111523    -0.00110433    -0.00001091
    -0.00111523    -0.00110433    -0.00001091
    -0.00111523    -0.00110433    -0.00001091
    -0.00111523    -0.00110433    -0.00001091
    -0.03900845    -0.03898127    -0.00002718
    -0.01374619    -0.01374767     0.00000149
     0.03284667     0.03276673     0.00007995
    -0.00189266    -0.00187549    -0.00001718
     0.03284403     0.03276398     0.00008005
    -0.00184311    -0.00182727    -0.00001584
     0.01597208     0.01598066    -0.00000858
     0.01199181     0.01193119     0.00006062
    -0.03096509    -0.03097668     0.00001159
     0.00272949     0.00270521     0.00002428
    -0.00145361    -0.00146921     0.00001560
    -0.03257940    -0.03252466    -0.00005474
    -0.03444613    -0.03433810    -0.00010804
    -0.00168526    -0.00168697     0.00000171
     0.01388521     0.01385923     0.00002598
    -0.00139720    -0.00141387     0.00001667
    -0.00131426    -0.00133516     0.00002091
    -0.00147078    -0.00149355     0.00002277
    -0.00155083    -0.00156524     0.00001441
    -0.00177982    -0.00178061     0.00000080
    -0.00137605    -0.00139338     0.00001732
    -0.02442214    -0.02441071    -0.00001143
    -0.00160446    -0.00161172     0.00000726
    -0.00175592    -0.00173991    -0.00001602
    -0.00082600    -0.00083726     0.00001125
    -0.00082600    -0.00083726     0.00001125
    -0.00082600    -0.00083726     0.00001125
    -0.00082600    -0.00083726     0.00001125
    -0.00082600    -0.00083726     0.00001125
    -0.00082600    -0.00083726     0.00001125
    -0.00082600    -0.00083726     0.00001125
    -0.00082600    -0.00083726     0.00001125
    -0.00082600    -0.00083726     0.00001125
    -0.00082600    -0.00083726     0.00001125
    -0.00082600    -0.00083726     0.00001125
    -0.00082600    -0.00083726     0.00001125
     0.00290427     0.00289375     0.00001053
    -0.00137091    -0.00139437     0.00002346
    -0.03938783    -0.03943295     0.00004512
    -0.00186991    -0.00184994    -0.00001997
    -0.01505141    -0.01492681    -0.00012460
     0.04663828     0.04661496     0.00002331
    -0.02179814    -0.02174455    -0.00005359
    -0.00141635    -0.00143385     0.00001750
    -0.03592861    -0.03595705     0.00002844
    -0.00157491    -0.00158135     0.00000644
    -0.00155429    -0.00156292     0.00000863
     0.01531242     0.01528788     0.00002454
    -0.02966025    -0.02976681     0.00010656
    -0.03510291    -0.03502520    -0.00007771
     0.01312726     0.01311933     0.00000794
    -0.03641681    -0.03642697     0.00001016
    -0.02210452    -0.02214899     0.00004447
    -0.03206339    -0.03203856    -0.00002483
    -0.03836079    -0.03847230     0.00011151
    -0.00045536    -0.00051091     0.00005556
    -0.00339261    -0.00335729    -0.00003532
    -0.00243839    -0.00235931    -0.00007907
     0.00146022     0.00132003     0.00014019
    -0.03850623    -0.03858949     0.00008326
     0.00982532     0.00986597    -0.00004065
    -0.01095533    -0.01109790     0.00014257
    -0.01935622    -0.01939195     0.00003573
    -0.03566161    -0.03563307    -0.00002854
    -0.03394400    -0.03396925     0.00002525
     0.00176988     0.00173238     0.00003750
     0.01010669     0.01008460     0.00002209
    -0.03434744    -0.03431072    -0.00003672
    -0.02746456    -0.02746803     0.00000347
     0.00348464     0.00349002    -0.00000538
    -0.02617991    -0.02612261    -0.00005730
    -0.00862936    -0.00867442     0.00004506
    -0.03484851    -0.03480618    -0.00004232
    -0.02632748    -0.02626076    -0.00006672
    -0.04742732    -0.04740558    -0.00002174
    -0.01375873    -0.01378725     0.00002852
    -0.03719318    -0.03713192    -0.00006125
    -0.01931641    -0.01924174    -0.00007467
    -0.03915011    -0.03925182     0.00010171
    -0.03719258    -0.03714898    -0.00004359
    -0.03806451    -0.03801542    -0.00004909
    -0.02513951    -0.02491968    -0.00021984
    -0.01351323    -0.01349646    -0.00001677
    -0.01048746    -0.01052199     0.00003454
    -0.03902586    -0.03908110     0.00005524
    -0.02791417    -0.02787814    -0.00003603
    -0.03515907    -0.03503243    -0.00012664
    -0.03320965    -0.03312934    -0.00008030
    -0.03469950    -0.03461884    -0.00008065
    -0.03207063    -0.03204616    -0.00002447
    -0.03149013    -0.03144820    -0.00004193
    -0.02740361    -0.02745081     0.00004721
    -0.03239371    -0.03229584    -0.00009787
    -0.03311087    -0.03298741    -0.00012346
    -0.03746532    -0.03738024    -0.00008508
    -0.00180025    -0.00176656    -0.00003369
    -0.00180025    -0.00176656    -0.00003369
    -0.00276389    -0.00271757    -0.00004632
    -0.00209811    -0.00194002    -0.00015808
     0.03009152     0.03010153    -0.00001001
     0.03742134     0.03734198     0.00007936
    -0.00251754    -0.00243197    -0.00008558
     0.00060042     0.00075619    -0.00015577
     0.02943091     0.02938433     0.00004658
    -0.01807519    -0.01804116    -0.00003403
     0.00362287     0.00373072    -0.00010785
     0.01397792     0.01399330    -0.00001538
    -0.00231436    -0.00218779    -0.00012657
    -0.00543387    -0.00535382    -0.00008005
    -0.00142267    -0.00130836    -0.00011431
    -0.00142294    -0.00130836    -0.00011458
    -0.00216453    -0.00210692    -0.00005761
    -0.00271847    -0.00267222    -0.00004625
     0.01718399     0.01722698    -0.00004299
    -0.00703284    -0.00690213    -0.00013071
    -0.00228023    -0.00214791    -0.00013232
    -0.00221049    -0.00206649    -0.00014400
    -0.01262135    -0.01264062     0.00001927
    -0.00208066    -0.00193315    -0.00014751
    -0.01610688    -0.01606880    -0.00003809
     0.00665838     0.00698508    -0.00032669
    -0.00161230    -0.00153479    -0.00007751
    -0.00161230    -0.00153479    -0.00007751
    -0.00190257    -0.00178817    -0.00011440
    -0.00210162    -0.00195784    -0.00014377
    -0.00250407    -0.00245028    -0.00005380
     0.03054171     0.03036710     0.00017461
    -0.00205304    -0.00196887    -0.00008418
     0.03527096     0.03517919     0.00009177
    -0.00252369    -0.00246255    -0.00006114
    -0.01251906    -0.01250500    -0.00001406
    -0.00910637    -0.00906721    -0.00003916
     0.02964044     0.02957834     0.00006210
     0.03543154     0.03532590     0.00010564
    -0.00247822    -0.00240340    -0.00007482
    -0.00198850    -0.00199654     0.00000804
    -0.00747848    -0.00748441     0.00000594
    -0.00237055    -0.00227943    -0.00009112
    -0.00224687    -0.00212994    -0.00011693
    -0.01175053    -0.01167477    -0.00007576
    -0.00230883    -0.00220008    -0.00010875
     0.00014985     0.00047858    -0.00032873
     0.02401688     0.02387153     0.00014534
     0.00945688     0.00965876    -0.00020188
     0.01622196     0.01607203     0.00014993
    -0.00385694    -0.00365151    -0.00020543
     0.02818177     0.02808580     0.00009598
     0.00474890     0.00463372     0.00011519
    -0.02610625    -0.02606734    -0.00003891
     0.02285166     0.02274051     0.00011115
     0.00751750     0.00753918    -0.00002168
     0.03044105     0.03031493     0.00012613
     0.03056900     0.03051599     0.00005301
     0.01208496     0.01206007     0.00002488
     0.02030190     0.02026499     0.00003691
    -0.02296943    -0.02296312    -0.00000631
    -0.01140339    -0.01140327    -0.00000012
     0.03698800     0.03681376     0.00017424
     0.03256468     0.03248375     0.00008093
     0.02695054     0.02687413     0.00007641
     0.05616743     0.05616686     0.00000057
     0.02790675     0.02791193    -0.00000518
     0.03150883     0.03146629     0.00004253
     0.03063091     0.03047662     0.00015428
     0.02409862     0.02400381     0.00009481
     0.02807203     0.02784546     0.00022657
     0.00561727     0.00574431    -0.00012704
     0.01179682     0.01183311    -0.00003629
     0.00018749     0.00026123    -0.00007375
    -0.00067710    -0.00074109     0.00006399
    -0.00894204    -0.00871905    -0.00022299
    -0.04658132    -0.04680433     0.00022301
     0.03232884     0.03208933     0.00023951
     0.03246016     0.03242916     0.00003100
     0.03094052     0.03073405     0.00020646
    -0.02974702    -0.02972938    -0.00001765
     0.02793066     0.02776917     0.00016149
     0.00882860     0.00885096    -0.00002236
    -0.00177252    -0.00173218    -0.00004035
     0.03342301     0.03340451     0.00001850
    -0.00249284    -0.00251010     0.00001726
     0.03439734     0.03439222     0.00000512
     0.00173445     0.00164287     0.00009158
    -0.01821892    -0.01823209     0.00001317
     0.03538248     0.03539217    -0.00000970
     0.03637912     0.03640421    -0.00002509
    -0.02433732    -0.02435876     0.00002144
    -0.04656203    -0.04655808    -0.00000394
     0.02332380     0.02333674    -0.00001294
    -0.04705929    -0.04710432     0.00004503
     0.02840741     0.02842543    -0.00001802
    -0.02415280    -0.02418094     0.00002814
    -0.02419748    -0.02422585     0.00002837
    -0.02223508    -0.02212028    -0.00011480
    -0.02567721    -0.02569328     0.00001607
    -0.00066401    -0.00075992     0.00009591
    -0.00084913    -0.00088331     0.00003418
    -0.00066374    -0.00075992     0.00009618
    -0.00066374    -0.00075992     0.00009618
    -0.00066374    -0.00075992     0.00009618
    -0.00066374    -0.00075992     0.00009618
    -0.00066374    -0.00075992     0.00009618
    -0.00088037    -0.00091483     0.00003446
     0.02944920     0.02953920    -0.00009001
    -0.00147769    -0.00158303     0.00010534
     0.02290880     0.02281726     0.00009155
    -0.00142073    -0.00156451     0.00014378
    -0.00108530    -0.00137622     0.00029092
     0.03548438     0.03547579     0.00000859
    -0.00150874    -0.00162540     0.00011667
    -0.00143932    -0.00158585     0.00014653
     0.03303590     0.03311504    -0.00007914
    -0.00160800    -0.00177594     0.00016794
     0.02464519     0.02478322    -0.00013803
     0.05745750     0.05757389    -0.00011640
     0.02682273     0.02690238    -0.00007965
    -0.00164901    -0.00181515     0.00016614
    -0.00111126    -0.00141459     0.00030333
    -0.00025527    -0.00032394     0.00006867
    -0.00113471    -0.00118777     0.00005306
    -0.00158286    -0.00171995     0.00013709
    -0.00145004    -0.00155733     0.00010729
     0.03183297     0.03192126    -0.00008829
    -0.00145290    -0.00160227     0.00014937
    -0.00162283    -0.00177434     0.00015151
     0.02674313     0.02669120     0.00005193
     0.03720613     0.03718597     0.00002016
     0.03148200     0.03159551    -0.00011352
    -0.00131684    -0.00140045     0.00008361
    -0.00108421    -0.00118003     0.00009582
     0.03498252     0.03486615     0.00011638
    -0.00108255    -0.00138076     0.00029821
     0.02425767     0.02437390    -0.00011622
     0.03192775     0.03185867     0.00006908
     0.03372242     0.03371354     0.00000888
    -0.00142816    -0.00154203     0.00011386
    -0.00035742    -0.00045035     0.00009293
    -0.00047582    -0.00059265     0.00011683
     0.02886927     0.02861008     0.00025919
     0.02753735     0.02744362     0.00009373
    -0.00093066    -0.00099203     0.00006137
    -0.04074018    -0.04075858     0.00001840
    -0.00113828    -0.00120593     0.00006766
    -0.00125439    -0.00138158     0.00012719
    -0.00095049    -0.00100860     0.00005810
    -0.00105939    -0.00136027     0.00030088
    -0.00130949    -0.00144562     0.00013613
     0.03165947     0.03154847     0.00011100
     0.02534278     0.02534624    -0.00000346
    -0.00136468    -0.00147642     0.00011175
     0.02311161     0.02295798     0.00015363
    -0.00117882    -0.00125892     0.00008009
    -0.00098432    -0.00105081     0.00006650
    -0.01359342    -0.01362010     0.00002668
    -0.00144209    -0.00157797     0.00013588
    -0.00128255    -0.00141617     0.00013361
    -0.00102946    -0.00111421     0.00008475
    -0.00126288    -0.00136397     0.00010109
     0.03468524     0.03461529     0.00006995
    -0.02530814    -0.02504129    -0.00026685
    -0.00104519    -0.00113119     0.00008600
     0.03325925     0.03334290    -0.00008365
    -0.00131396    -0.00143188     0.00011792
    -0.00122666    -0.00135277     0.00012611
    -0.00108029    -0.00116367     0.00008338
    -0.00112642    -0.00123334     0.00010693
     0.02388357     0.02372153     0.00016204
    -0.00131279    -0.00144837     0.00013559
    -0.00114748    -0.00126111     0.00011363
     0.01057658     0.01056679     0.00000978
     0.03626195     0.03636267    -0.00010072
     0.03617871     0.03614042     0.00003829
    -0.01649824    -0.01665561     0.00015737
     0.02860311     0.02865825    -0.00005513
    -0.00124405    -0.00137094     0.00012689
    -0.00119613    -0.00131124     0.00011511
     0.02626838     0.02638951    -0.00012113
     0.03173947     0.03168621     0.00005326
    -0.00507933    -0.00501414    -0.00006520
     0.03187653     0.03187953    -0.00000300
     0.01105969     0.01110979    -0.00005010
     0.04086693     0.04075810     0.00010883
     0.03629765     0.03623372     0.00006393
     0.02698287     0.02712829    -0.00014543
     0.03022940     0.03029599    -0.00006659
     0.03648669     0.03650006    -0.00001337
     0.01972975     0.01978121    -0.00005146
     0.04369928     0.04367927     0.00002002
     0.04855978     0.04851707     0.00004271
     0.03706155     0.03699250     0.00006905
     0.04360189     0.04353523     0.00006666
     0.03587903     0.03583890     0.00004013
    -0.01108154    -0.01098394    -0.00009760
     0.03804508     0.03803895     0.00000614
     0.03135916     0.03131142     0.00004775
     0.00008205     0.00007331     0.00014323     0.00013180     0.00043778
