49	2	1
15	15	
1	1006
  0.0541881623882446	  0.1350382824641063	  0.1028140005708283	  0.0927346680398666	  0.0117280532552035	  0.0090713076749631	  0.0408470470171072	  0.0526260938033361	  0.0385319098194729	  0.0526277675808892	  0.0128726918757860	  0.0349225647065768	  0.0828150393329164	  0.0058852994691477	  0.0215461304773807	  0.0770850245846771	  0.0439354400157636	  0.0007897724335645	  0.0045851585634036	  0.0079565401676183	  0.0045853042868650	  0.0070930858814314	  0.0205754373056020	  0.0029067970645120	  0.0022483227138577	  0.0102142303224282	  0.0139601798201338	  0.0186773398381833	  0.0139724675544693	  0.0010210765254475	  0.0017686151791450	  0.0024439626812095	  0.0044361902037443	  0.0082370923970868	  0.0082371203982217	  0.0159264523651613	  0.0205748337084173	  0.0436011329309125	  0.0205761424775803	  0.0013025091181282	  0.0047254956612206	  0.0373787366494818	  0.0034168931598526	  0.0097447243369872	  0.0364003753869738	  0.0006385113086149	  0.0042037414877297	  0.0436197306075463	  0.0164091526951952	  0.0649165442743262
  0.0543042909167231	  0.1352417751153107	  0.7496490914067200	  0.2368878917907797	  0.0117280784653980	  0.0090713150881153	  0.0409318231451866	  0.0527041079294688	  0.1431295510618842	  0.0527057817058099	  0.0128922371537048	  0.0349672640846003	  0.1809736878476134	  0.0058853129549829	  0.0215461570603354	  0.2862853768365308	  0.0647155919335444	  0.0007897724344829	  0.0045851682283781	  0.0079720003256998	  0.0045853139518394	  0.0070930915654753	  0.0206053460209570	  0.0029068026022059	  0.0022483243422374	  0.0102284987628012	  0.0139773164729541	  0.0351689983123529	  0.0139896042070235	  0.0010210765285707	  0.0017686151824383	  0.0024439626827181	  0.0044362000486713	  0.0082371025883442	  0.0082371305894789	  0.0159574203032138	  0.0206047424242369	  0.1112585577051676	  0.0206060511924706	  0.0013025113878926	  0.0047255015004563	  0.0703823295716962	  0.0034201827726112	  0.0097545430423993	  0.0505503401207404	  0.0006385113101810	  0.0042037414916306	  0.1112804346850194	  0.0194046785841770	 -0.0045776354522802
                 -0.16953531272396610285
                  0.06275670045437407862
                  0.44864983402441716009
                  0.14827108356355087060
                 -0.13695498899761071598
                 -0.09172448000814402425
                  0.05411435005818533706
                 -0.27520742583418239535
                  0.19810961226701931381
                  0.11359875977101015210
                 -0.06574355114573997294
                 -0.05473970185079232026
                  0.46517454281911180258
                 -0.14108065162420663219
                  0.14227156089364592639
                 -0.32298384655185613523
                 -0.08577418036280141933
                 -0.18386643435880817288
                  0.15497369535527874551
                  0.18732030378400224557
                 -0.05410568547660902367
                  0.41247035007371518622
                 -0.02168967470433829162
                  0.26271208325594436195
                  0.32907040410942811626
                  0.38366216206544201395
                 -0.26386598692667700972
                  0.10827221706211723196
                 -0.20723333206658958727
                 -0.26808230450033648795
                 -0.15949196579594163148
                  0.08676908210212999628
                  0.06108433412083394409
                  0.37535049605124176653
                 -0.05681838155346357472
                  0.13048451260132351570
                 -0.06008536152870429248
                  0.11523088637518216770
                  0.22349556685584154314
                 -0.35669013621939116288
                  0.12279426455980597954
                 -0.37897574009620960123
                  0.44549505602298938856
                 -0.32108473058094816333
                  0.14430267822260831045
                  0.30742834510927280478
                  0.01140498761753633294
                 -0.29583956917001236198
                 -0.03938842476327748116
                 -0.24723587062495111510
                 -0.49700064086906331484
                 -0.07944539525923342838
                 -0.04852879617279337587
                 -0.18788670286340727889
                 -0.17125719051962023931
                 -0.12800097284610323367
                 -0.04038198713897626912
                  0.33605080676732024259
                 -0.12856139712229550098
                 -0.00058960178734134699
                 -0.31151691635716166617
                 -0.19150991635954858761
                  0.32622140754004658181
                  0.25398210732368153852
                  0.17898727184207346985
                  0.26789264036741039510
                 -0.21793483199787427873
                  0.37866365149667574608
                  0.10659305377409708515
                 -0.32566892408304171092
                 -0.04071814217163331751
                  0.17552254789775714738
                  0.02736175807532362572
                  0.14935110427213843520
                 -0.12430796198149141052
                 -0.07101752388039589414
                 -0.06294524256904301951
                  0.05274275966272725519
                 -0.28664657398139048450
                  0.41859870925116821061
                 -0.65651033816007287047
                  0.44318298770140490683
                  0.46058169672594651001
                 -0.07313166494192749334
                 -0.01741800811367060289
                 -0.44465757688845874984
                 -0.11461290979577833105
                  0.07117291661641798883
                 -0.20634928692152462726
                 -0.03291644486673705322
                  0.03464676916410796420
                  0.03554610145119960207
                 -0.08483939571066960450
                  0.00557153760450520771
                 -0.00123719123787932855
                  0.48998782190851170038
                  0.00843886880943502463
                  0.20728867615357726706
                 -0.01900110256105337278
                 -0.06751067141709997388
                 -0.30142194299784397238
                  0.11162860412156799805
                  0.26079261996078995089
                  0.02215009744776492290
                  0.23185089525311255998
                  0.31637325222216589049
                 -0.45351945226966250413
                  0.17805112165688363746
                 -0.16582546329392647277
                 -0.32618572915077032048
                  0.32912777872975734761
                 -0.14264598334475819819
                 -0.65094499249864312684
                 -0.04680933511218977189
                  0.33332630978713245762
                  0.03591314565315252560
                  0.20758930677812692522
                  0.56392737333044562487
                  0.02504317829711057847
                  0.14520746632820447086
                  0.21641445977999274053
                 -0.19789653105545801370
                  0.20451127292844398231
                  0.08306513640926289910
                 -0.01253167713266136775
                  0.38279418852178814792
                 -0.19811385420738925056
                  0.23017816479821009978
                  0.06405543687420842125
                  0.22461897417901791063
                  0.02083713364318937750
                 -0.10082745372693444064
                 -0.37345670586670781654
                 -0.30909965069903133639
                 -0.31796804883094514915
                 -0.53521435553377227912
                 -0.04575713228467103572
                 -0.16865353540212127403
                 -0.42771199273853344192
                  0.43907860960262257155
                 -0.32517438657955138881
                  0.13411074466480940592
                 -0.02826459609441139137
                 -0.45100699159374696423
                  0.37799656520103624979
                  0.05338256671465026887
                  0.07517998974847259208
                 -0.54112547136236155421
                  0.50014659085440549280
                 -0.04831231367487781592
                  0.12333764941700775530
                  0.37566397449778310413
                  0.61887499214161267869
                 -0.62947647631293712767
                  0.14621756502851349091
                  0.21178297516499125508
                 -0.09165249088554751344
                 -0.33552820376943054415
                  0.24731462654164498849
                 -0.08178997932118979575
                 -0.00307298224797715631
                 -0.13686620415087633051
                 -0.05310712332970246585
                  0.14257316691332605485
                  0.22309043146414919701
                 -0.19100167192174724584
                 -0.13094690699701172498
                  0.26295277024658658682
                  0.60131202402914252225
                  0.03952540309100778526
                  0.13408961566285981792
                  0.29137770452268846322
                  0.14104567901853526379
                 -0.43010732630488529571
                 -0.02075605046748158627
                 -0.11506321173585008777
                  0.23451027574456334568
                 -0.37128010597762073353
                 -0.59765800759693921140
                  0.07368021936857618859
                 -0.29892992334165907620
                 -0.51479467519104515905
                 -0.16586135171664226351
                 -0.09647291137004612716
                  0.10056350268088401489
                  0.15275649630132009937
                  0.24621413239900824532
                  0.00359110168882566510
                 -0.04795168575296519103
                 -0.27092764320379525422
                 -0.06805297237142993172
                  0.29910304653357416838
                 -0.09202290067673997431
                  0.01221446825028245711
                 -0.00208909393125369675
                 -0.04572276719712158738
                  0.13959570647697028267
                  0.18092134693262307277
                 -0.16438890290810245776
                 -0.51681842539270173020
                  0.26172494575957411245
                  0.24595691680034309501
                  0.03958728212161236742
                  0.10499926480829628594
                  0.45700239722098451312
                  0.03511509549611385728
                  0.28197135730464117920
                 -0.20871440589042997149
                 -0.11223700609431878916
                  0.53166476388224370719
                 -0.24109235227845535188
                  0.01085967014681394303
                  0.22335466103813811367
                  0.12652033624040809334
                 -0.41180176949406532838
                 -0.29754454347360104194
                  0.03427162059348288353
                  0.43287454718203127735
                  0.21895641594124320983
                 -0.28322591621266340889
                  0.03870554672956644932
                 -0.14288019966096815461
                  0.25508581212836040075
                 -0.11285042624462628125
                 -0.12586716875825634809
                 -0.05827075357089244595
                 -0.42656738362842194778
                 -0.10185417175712078997
                 -0.04502045544556503021
                 -0.10881478015934623049
                 -0.44438906139735889766
                  0.23577043580610090867
                 -0.07427830552635619754
                  0.06602157629695414032
                 -0.04851289792841443488
                  0.16021503486606689104
                 -0.31042775819933698944
                 -0.11481427048131077895
                  0.29864111985873459387
                  0.22841851366465484863
                 -0.25606425222917367224
                  0.25882034723282337785
                  0.50854063204327304426
                 -0.24206570861122728155
                  0.03454263281100032612
                 -0.24355348977826876689
                 -0.03944551584943813138
                  0.03775682524944419527
                 -0.13975876808009063401
                  0.07550424914343475957
                 -0.12846482364683134425
                  0.28065870235603340710
                  0.23679434287847145324
                  0.47643852822029886251
                 -0.42499309837356924469
                  0.14292144840963172392
                 -0.01489763009123485325
                 -0.24292867279815572035
                  0.06608806919110842004
                 -0.13416197161823667505
                 -0.05048004052085338506
                  0.36274915525739209743
                 -0.05594236673149957650
                  0.14988183293316867384
                  0.06427685405482951031
                 -0.04709479344835248993
                 -0.06883093297379960784
                 -0.32683124217506087650
                  0.19644712725589486002
                 -0.07376355652344920855
                 -0.23474661808916730266
                 -0.39223411192176799167
                  0.24642018818630256893
                 -0.37535635059587391105
                  0.00805482207199635473
                 -0.03068231034605884561
                  0.48089843283668587404
                  0.17916825054524293526
                  0.38584453498553450412
                  0.05338767424916143756
                 -0.07980376597836642827
                  0.13596182607834098044
                  0.11953922550308629380
                  0.28269722039640954314
                 -0.12489142004950770648
                 -0.08810173740446855528
                 -0.21739361023896386360
                 -0.31301123785053652782
                  0.33118598966631468405
                 -0.07049274272344907555
                  0.06130598918147910081
                 -0.32941837410444035905
                 -0.15020133825222931057
                  0.10704258701829844069
                 -0.48963604081529332746
                  0.18968177809513717125
                  0.20764020815586958779
                 -0.23255993220219048356
                 -0.25527215493422700243
                 -0.31603729101093952503
                 -0.00347100912436061788
                  0.33140351326680034250
                 -0.00813547491603870167
                 -0.25688899117219565760
                 -0.27812469947866957920
                 -0.08942302238601811115
                 -0.12902370776132948693
                  0.50546006851497238266
                 -0.27539012711165344882
                 -0.04661623560012044531
                  0.18017144312696112274
                  0.25836031485199351110
                  0.06039042419530114836
                  0.00220485654511859940
                 -0.37203305862071855969
                 -0.29962912291798265985
                  0.49827136681746397873
                 -0.42678279384679951303
                  0.11097848948715224870
                  0.16887645549965119018
                 -0.15903490884962637186
                 -0.05637751247584491671
                 -0.02916713069191485125
                 -0.21328688666495157489
                  0.23955395762394338099
                  0.27597420440166053890
                  0.27362042693441246399
                 -0.08780214174888104073
                  0.46081928253668219542
                 -0.21737370688382914863
                  0.59506603501954091762
                  0.28219841543533924488
                 -0.29239598985889919680
                  0.30917410696660085900
                  0.29287200067103047463
                 -0.18998777502659378036
                  0.10292335445238508240
                 -0.26399121775988376726
                 -0.03217062302646835070
                  0.17923167987631397069
                 -0.27701631404812171455
                 -0.23489727731565632207
                 -0.12470141462648004493
                 -0.03217572481151820263
                  0.03352094987369960699
                 -0.08548514957960576255
                 -0.05640219528466994259
                  0.03001151512266418339
                  0.00037330315278416440
                 -0.29043413898183834121
                 -0.22129478060552457142
                  0.38773666356141661682
                 -0.06814666208225625410
                 -0.27969593634950284944
                  0.29906672353491492444
                 -0.40976629123917934772
                  0.28218458198606533038
                 -0.11491990556891532038
                 -0.30167721151795756640
                  0.26362733935854348877
                  0.40917213509218786083
                  0.17031287004716053057
                  0.43792074556203042235
                 -0.07394730918148430254
                 -0.18024908617113624687
                 -0.02197862714230593498
                  0.30290135041952293005
                  0.29953721520919102117
                  0.04079187520901609437
                  0.28489638252738253010
                 -0.26378817620184935588
                  0.15005283872541122503
                 -0.18673509387923870051
                 -0.16085363901084842597
                 -0.27678677919982730415
                 -0.15329610083853836833
                  0.30041994893175338888
                  0.02758495455123392143
                 -0.23938951375975484059
                 -0.01773897475859528144
                  0.35989589930056947731
                 -0.61359532824724127842
                  0.25036394695652069986
                 -0.14976761773551031109
                 -0.66871184230698399453
                 -0.15299956791954930080
                  0.25735976942256916233
                 -0.29374697878749644886
                 -0.05091144294152648297
                 -0.01803493582160706904
                  0.06835919106498063169
                  0.35104065677679119339
                  0.49760257010697339641
                 -0.04072164059987549295
                 -0.28549890077474282535
                 -0.24554871507710168688
                 -0.15097892773138710254
                  0.00906565089912799230
                  0.11875456340564569113
                 -0.28604184237689989079
                 -0.05819773101304941132
                  0.02382027519744683158
                  0.13054645919042925928
                 -0.13440685230409285533
                 -0.09226304749210077760
                 -0.22919708220763673756
                  0.21200703329831727117
                  0.06577312218540949662
                  0.15484279750153079336
                 -0.28699472087565686129
                 -0.16753841586634798944
                 -0.16298236773486496354
                  0.53531074424476121631
                  0.25365853990462905454
                 -0.24045720927132413491
                  0.31418577869611230557
                  0.23385315264421080439
                 -0.11530570659830950697
                 -0.17485046084463851113
                  0.08971113195515936778
                 -0.23749817830563021981
                 -0.17418120804309830674
                  0.01489918954320528996
                  0.24408481754246710849
                  0.09551637345999763884
                 -0.51674431121895769703
                 -0.07936448618990506187
                 -0.39082450022268694356
                  0.32228559000494688691
                 -0.05576919214339952358
                  0.12174408007980259960
                  0.05355129425944331334
                 -0.18049742183285008568
                 -0.28589705342531035459
                  0.09693269711719824933
                 -0.06210385992329018473
                  0.33760098928257004092
                 -0.06698658149498327996
                  0.09633979462138332617
                  0.11648735092296662319
                 -0.09682654407283527997
                 -0.05887422321744347625
                 -0.09106656434266736933
                 -0.35342912123292891113
                  0.49597642094414667868
                  0.25960889423693433997
                  0.00206620931484948617
                  0.10682578035494282032
                  0.22472296500992683388
                  0.02474135142178965699
                 -0.07944174099103429310
                 -0.11013613689147884467
                  0.06111486668889146850
                 -0.04034946903840585380
                 -0.08626296889727379236
                 -0.07310549447487837971
                 -0.08034776036561303014
                 -0.04553894586366365876
                 -0.27997456442650298092
                  0.23141707940284927947
                  0.12468085842494525117
                  0.02998760620175698610
                 -0.36583061389371296368
                 -0.10742627965208483010
                  0.19134676006888495792
                  0.32318590069338526405
                 -0.09784250230881577637
                  0.46169523639032072904
                 -0.39956843210160153390
                 -0.30485075720507065489
                  0.11870602490522572103
                 -0.23226132040595462436
                 -0.13181885272503418571
                 -0.43705206325611745122
                 -0.03631149502512090455
                 -0.01651925230320603830
                  0.11336374614604698141
                  0.38075578875614290997
                 -0.13415301076855948303
                 -0.12458366188127539820
                 -0.26928551257534105723
                 -0.15465937801584325739
                  0.02308797399153888347
                  0.22202461987587221448
                  0.11222627531989846916
                 -0.28797207501756350023
                  0.16942730565815017352
                  0.27886146979478293462
                  0.42430613643142911506
                 -0.13569370423127213865
                  0.15122499131370745196
                  0.34104778360121223990
                  0.04214099526481444868
                  1.10821154249794506796
                 -0.17486893396434968762
                  0.37189801962506380262
                  0.10107813279383610905
                  0.27270381661970605203
                 -0.19369350844931393363
                 -0.23019067493318209894
                  0.49121069843244502540
                  0.15482284865761480885
                  0.50777733015567472208
                 -0.24534740943347815856
                 -0.11192184870068498659
                  0.05909890777849081955
                  0.11934022373985687937
                  0.07207785322454508814
                  0.05552758120210203596
                 -0.06580496799924973050
                  0.12012938433512460046
                  0.08525609535336693690
                 -0.38912584256632398727
                 -0.31176700234899390463
                 -0.15853051216040037197
                 -0.30533964065969149138
                 -0.41923645538075077210
                  0.54923588450550564488
                  0.21736748111405101991
                 -0.01984892351264739424
                  0.19591567023963574190
                  0.05528407163547861825
                  0.05036222758779435038
                 -0.32472096118326948533
                 -0.08890444673132072428
                  0.19714714973173522172
                 -0.24102466381844658838
                 -0.53528819645319436482
                  0.02891151727078023273
                  0.09119848354643332600
                 -0.33785412766549616226
                  0.24373905782643470741
                  0.04016862218618134223
                 -0.55716523132006523511
                 -0.25833446232054485536
                  0.04529019830253876167
                  0.07822311028950262868
                 -0.45538428744097297907
                 -0.47453220289603831317
                 -0.37767956990387885341
                 -0.03042069122257856292
                  0.14191839704608666395
                  0.33242478263230501589
                  0.09890097029033508014
                 -0.44736626243541116610
                  0.14364915262386690475
                  0.33253861365983333753
                 -0.07230995144384735895
                 -0.10400410548800578803
                  0.02962840900430361440
                 -0.00570426672426268492
                 -0.31742029675575889058
                  0.31138705918754910895
                 -0.30687867082930880835
                 -0.03092547134766463965
                  0.29027509493404252128
                  0.02340436155192671466
                  0.13684853869387317293
                 -0.16852198209717339505
                 -0.02310124235708086587
                  0.09439431577934169482
                  0.45546154601364968739
                 -0.06313874636228841708
                 -0.20118285880292333112
                  0.05288356621233047256
                 -0.46939524914399510802
                  0.25013446867082339553
                 -0.09753953636562283369
                  0.25031785532312261777
                 -0.21688467385237081286
                  0.29781141379818382164
                 -0.10028928406922531236
                 -0.29205600979700702124
                  0.39289502708491391703
                 -0.02602478135527939995
                  0.55385164237905615270
                  0.23233617378922813423
                 -0.24165859864931957257
                  0.03946254129325699189
                  0.28953449556607913085
                 -0.19764278820387498614
                  0.11642169409348561426
                 -0.00113747488197527783
                  0.01742860624931487704
                 -0.16384991839871451691
                 -0.19371815756961938138
                 -0.19760623118946321619
                 -0.28205209300397404704
                  0.34273235889940112386
                 -0.23814249529297495944
                 -0.35610109901155762024
                 -0.05620072421686196640
                 -0.21738807942289678499
                  0.13426842628465435192
                  0.21127393368446201194
                  0.16276947893179097293
                  0.56926070419585295124
                  0.02341509613100624040
                 -0.39378920422284108271
                  0.20395066856727106508
                  0.04882321734378403111
                  0.14412582228894782466
                 -0.56946555392989706146
                  0.07673301316750862078
                 -0.22401849170253465560
                  0.13352254124637213950
                  0.23555129627694365579
                 -0.00800643959773445282
                 -0.05218466351565512196
                 -0.02129569001488102256
                  0.43277083886229672505
                  0.12732407165688519601
                  0.64461426059669901800
                  0.04418343530589097928
                  0.31308663850606743839
                 -0.07765357428638941517
                 -0.10579539520033513778
                  0.01833648595206594650
                 -0.14923640916238137266
                  0.05320800192971304743
                  0.20154979801025540986
                 -0.01604651380428058841
                 -0.66117739248969564780
                 -0.12377022897508395405
                  0.19124022729495429584
                  0.29114432793068822924
                  0.19714701183741728530
                  0.33089107537067985465
                 -0.16778014294326709654
                  0.13470520490509030331
                  0.00840940617716595500
                 -0.30904828001531486903
                 -0.07854040558590746901
                 -0.44883513931047691603
                  0.34451934155406666038
                 -0.38880526849690916213
                  0.02436918076266867891
                 -0.35525348743509777005
                 -0.08666834768774359099
                 -0.00288689906621470045
                  0.08257017181703109332
                  0.23981035926267252334
                  0.18487665294136146343
                 -0.29944158881586024901
                  0.17251087745266077689
                 -0.53864075564796343176
                 -0.08787559177973899849
                  0.09463348334152084373
                  0.24794303554535354617
                  0.07344173063586650896
                  0.33355847651820919042
                  0.14064982776019557820
                  0.27088751870664296018
                 -0.01288880158558973997
                 -0.17349932960085284739
                  0.38538484392380023547
                 -0.56627174084885989469
                  0.48505535029214685849
                  0.51747810894027035378
                 -0.51766912168357948065
                  0.20488630543793828753
                  0.16758688053183634636
                 -0.00099728667489724573
                 -0.18608710826106378278
                  0.08868671292510328652
                 -0.28267005617224355563
                 -0.22812803834518180501
                 -0.03399700656297941631
                 -0.36636658099980995429
                  0.41705156356746192481
                  0.10854224713781619738
                 -0.25451770308210797111
                 -0.27528852650108037725
                  0.14256307450029437334
                 -0.33219914632166441804
                 -0.42190636851067531143
                  0.43865744034458475920
                  0.29412131116283796173
                  0.27467594175310788840
                 -0.05293210713938757694
                 -0.10932008706666296316
                 -0.35860153870940958409
                 -0.41155285700766153223
                 -0.83679166006886551710
                  0.13433991227132230373
                 -0.21359467691117711707
                 -0.17377464622370675240
                  0.06654896084835768000
                 -0.09340801794519232315
                 -0.35058586765336147151
                 -0.27892537250924531733
                  0.10868585477047833232
                  0.19960158581268810929
                 -0.15040312394000965313
                  0.18811880554000762200
                 -0.35322782186097606560
                  0.04877184617125827903
                  0.12292965928732940695
                  0.05076378226051902337
                  0.04534793782266645368
                 -0.20609593625159891572
                 -0.02103901754628412224
                 -0.26011860234597788955
                 -0.04790109650665592272
                  0.47340416404597390754
                 -0.08776091413643645478
                 -0.14165125275627979407
                  0.27986562829864403135
                  0.23542772130329425728
                 -0.07682431541264986286
                 -0.16904745453674394073
                 -0.29827973404518870471
                  0.10351488695121113803
                  0.35569224879850036558
                 -0.27919671091922543260
                  0.17644648969824677787
                  0.45632608662520668386
                  0.12063350914964326988
                 -0.07839447512529898465
                  0.20446737909151363466
                 -0.18847512636769661598
                 -0.07115872989309504626
                  0.12590450081536508353
                  0.53039503979994817584
                  0.32343466122186409484
                 -0.25234174829309841126
                  0.27705407983869717592
                  0.12993969535384372604
                  0.26394841510433053600
                 -0.01902771394396129273
                  0.21194794460318946983
                 -0.01852751241166478505
                 -0.18358316527376689065
                 -0.31743106933490139454
                 -0.06305311247176258183
                 -0.66337755619862048828
                 -0.55216488278801056921
                 -0.91853893022166144267
                 -0.46067970614148479047
                 -0.48632435692853348552
                  0.03879103015975837038
                 -0.39022680349327504290
                 -0.87793580283551075905
                 -0.79315082963537786309
                 -0.59941409552283597684
                  0.80142734741129217912
                  0.05616940133074145580
                 -0.23815227459230620122
                  0.12658065019169051357
                 -0.48340680873261776540
                 -0.16554939644779426144
                 -0.50346597543710558398
                 -0.27939726300929529357
                 -0.34654673584675288467
                  0.59469543638321553658
                  0.59980473325452432487
                  0.39118313412859767597
                  0.05408484560676007219
                 -0.03047605444877584530
                  0.45009697153539446335
                  0.64407317798821450694
                 -0.53114443868035476903
                  0.46625910745453896800
                 -0.33081547849774400882
                  0.38109342052130906753
                  0.44447070335800736851
                 -0.08498732525888413880
                 -0.52352013101649774729
                  0.06826065598167159465
                  0.05182943033147009021
                  0.56388940522492148055
                  0.48800085470727017078
                 -0.30155021489842581683
                  0.38750855305155434971
                  0.55222828677173152467
                 -0.33581426464562574852
                  0.63495171150558438189
                 -0.51352887413708503406
                  0.76342373952342568177
                  0.23959766905767376777
                 -0.58277596216372784532
                  0.39535783860782980348
                 -0.47605116738812208732
                  0.31902656923089589558
                 -0.61147959877742785739
                 -0.65607816975331834097
                  0.19311384299150960442
                  0.29482463148591442348
                  0.22443134704278772107
                  0.72047586930061369159
                 -0.21334745141703778670
                 -0.26520290394335688244
                  0.21690109813734761990
                 -0.68318059774905870452
                 -0.24824419247633025543
                 -0.91359120579233443760
                  0.51891562016284897840
                 -0.05925464802357082589
                  0.10194379993518501437
                  0.09575966771741806216
                 -0.70932096977321257292
                 -1.00125996606186795645
                 -0.36612441077856472393
                  0.42990284998199596034
                  0.29861267220944004430
                  0.19132182067841249640
                  0.63067899055066667380
                  1.26801266549469060507
                 -0.58293096055901127972
                 -0.16021197460722172434
                 -0.22246423417745139761
                  0.30896770081790159157
                 -0.37668029400159014353
                  0.53565312769809947380
                  0.38313682472637194953
                 -0.08679841323194187330
                 -0.63432902142737668250
                  0.35372809769892210596
                  0.09730657938600183188
                  0.37488127638179918888
                 -0.02439455564656573677
                 -0.89048074852363368059
                  0.36844209335568806063
                  0.47569919127049919982
                 -0.39999637011231564676
                  0.62032468492409598149
                  0.25006272537374985010
                 -0.46937561032140584505
                  0.54706615623809118354
                  0.28089012619361225509
                  0.89242958002495675895
                  0.30289705304285113874
                  0.25962559219457925774
                 -0.30101901127947777725
                 -0.05777759824247759302
                 -0.49287220752236826637
                 -0.45509053092651424732
                  0.42118137391190640928
                 -0.57896039297563683945
                  0.22416730679759752642
                  0.64084837543748329747
                  0.32365080804968826556
                  0.27562677555331083212
                  0.02457934690596566898
                 -0.10625413903346958566
                 -0.53544098644795345976
                  0.18738221840085667047
                 -0.08473079587039039628
                 -0.30689617771045052397
                 -0.01196595952844953063
                 -0.19621843802190339079
                 -0.65606080647838826980
                  0.73543762235581322528
                  0.50379577678642706307
                  0.76300716429826520582
                 -0.20387154523706674247
                 -0.60003522065724079759
                 -0.16024362424254323667
                 -0.58948862699141690857
                 -0.98986530814923290311
                  0.82118004788541298922
                  0.34003763192643426949
                  0.30403572264449174600
                  0.73965270550445705311
                 -0.39045231618617687319
                  0.45452874523600167445
                  0.64518499499175052669
                 -0.29479235304132439532
                  0.12379594749615854821
                  0.47699203784126575911
                  0.70953655494728806730
                 -0.19922312638428513187
                  0.42334309671699871247
                 -0.66053149199979677153
                 -0.63733465859513804830
                 -0.27208734696414393905
                  0.70139524687118015578
                 -1.03724988943738694047
                  0.66564871391718039018
                  0.37909215855566813502
                  0.63379259338464311035
                  0.50458803876107372055
                  0.22045408004259064993
                  0.66263922443325740108
                 -0.54578828955013647395
                  0.15030262865286236895
                  0.02900269409359883255
                  0.12282857866324069229
                  0.83548737026080566181
                 -0.00161625003633718897
                 -0.85725578534337132375
                  0.72216042214762921070
                  0.16852744610572956141
                 -0.88409880961772457919
                 -0.20029746451272009700
                 -0.30422435832052635574
                 -0.58980495347805683704
                 -0.84054704393816348507
                 -0.74639650252729361490
                 -0.67565555296992729772
                  0.60702954533204678267
                 -0.70205442233439929733
                  0.12019283317202728023
                 -0.63024648783713910216
                 -0.80918868519636943937
                 -0.50573171707153374843
                  0.43928477478730088013
                 -0.13518863080465964854
                 -0.11651128955929394848
                  0.48334195344042407694
                  1.04569743357761169023
                  0.26208708448923440093
                 -0.42086147017736452725
                  0.59809485634182912861
                  0.57208017424288426511
                 -0.00699291836477047152
                  0.18044111097575185609
                  0.06212185613229955633
                 -0.41460066411191365265
                 -0.33172129075017042776
                  0.61522828722157751891
                  0.39266623377940640394
                  0.71440137554656257812
                  0.82896101514651132636
                  0.54518801294494978471
                  0.29981696854397149599
                 -0.17584898876662988232
                  0.40922254639648708574
                 -0.61855834973696688373
                  0.51277452485669550164
                 -0.38834393006131734394
                  0.75518644397619216768
                  0.20976645508513461214
                  0.30905130547808357111
                  0.26717107271701734383
                  0.38451790789822343219
                 -0.34083232723827677768
                  0.26748193002431408516
                  0.04674944298374531654
                  0.82667794809284644852
                  0.36583408154479146734
                 -0.31399486533035919633
                 -0.23485938363273178853
                 -0.10561589748602202843
                 -0.70252453799470748752
                  0.09685699487861608448
                 -0.53484940256354041033
                  0.33765368239435733511
                  0.30847835251912036902
                 -0.52094245121368487617
                 -0.41246014980880441048
                 -0.17169841078606162821
                 -0.40847326956831336853
                  0.50419135446804641543
                 -0.66611507658761048845
                 -0.65209915605276635997
                  0.30265210075016635294
                 -0.39563728481654197866
                  0.27857516228780315748
                  0.50214550488930587147
                 -1.35313063847855508115
                  0.01139881980676179032
                 -0.96844041701052907545
                  0.25114023393471474055
                 -1.50007079840205781451
                  0.95006843646168059880
                  0.77521746069936703361
                 -0.64028003521837273393
                 -0.89928529092237319276
                  0.94724418568129797880
                  1.81748728403320436442
                 -1.44558575633088426393
                  0.65312082397274551226
                 -0.19634907418921798694
                  0.19087422240769658099
