     0.00013105     0.00080304    -0.00067199
     0.02248545     0.02289579    -0.00041034
    -0.01472814    -0.01506298     0.00033484
     0.03938440     0.03822641     0.00115799
    -0.00835920    -0.00820293    -0.00015627
     0.01503587     0.01605596    -0.00102009
     0.00008727     0.00027723    -0.00018997
    -0.02133286    -0.02179693     0.00046407
    -0.02912807    -0.02936273     0.00023465
    -0.01862652    -0.01901135     0.00038483
     0.01521862     0.01563785    -0.00041923
     0.00163704     0.00173454    -0.00009750
    -0.00086611    -0.00066281    -0.00020330
     0.02370240     0.02381885    -0.00011645
    -0.00005693     0.00029392    -0.00035085
    -0.01545324    -0.01599342     0.00054018
     0.02800090     0.02794885     0.00005204
     0.01375955     0.01388895    -0.00012941
    -0.02915009    -0.02925937     0.00010928
     0.01361105     0.01478796    -0.00117691
     0.02544344     0.02564836    -0.00020492
    -0.00275083    -0.00309567     0.00034484
     0.03055158     0.03083270    -0.00028111
     0.01867354     0.01963221    -0.00095867
     0.04042456     0.04085194    -0.00042739
     0.02956705     0.02984961    -0.00028256
     0.04064772     0.03991020     0.00073751
     0.00783462     0.00808273    -0.00024811
    -0.00106399    -0.00111788     0.00005389
    -0.00287785    -0.00303467     0.00015683
    -0.00785737    -0.00812802     0.00027065
     0.03260876     0.03282028    -0.00021151
    -0.01014865    -0.01023256     0.00008391
    -0.01674700    -0.01628496    -0.00046204
     0.01755034     0.01785936    -0.00030902
     0.03207763     0.03521240    -0.00313477
     0.03335830     0.03402318    -0.00066488
    -0.01619026    -0.01613316    -0.00005709
    -0.01555860    -0.01524901    -0.00030959
     0.02413010     0.02436395    -0.00023384
    -0.00133532    -0.00092200    -0.00041331
    -0.01508177    -0.01623367     0.00115189
    -0.00062769    -0.00042535    -0.00020233
     0.04314458     0.04365570    -0.00051112
    -0.00200785    -0.00205454     0.00004669
    -0.00702680    -0.00705495     0.00002815
    -0.00672682    -0.00769377     0.00096695
    -0.00113961    -0.00119674     0.00005713
    -0.00016931    -0.00024128     0.00007197
    -0.03058620    -0.03063720     0.00005101
    -0.01978553    -0.01981449     0.00002896
     0.00390677     0.00410123    -0.00019447
    -0.02415895    -0.02427617     0.00011722
    -0.00141415    -0.00129434    -0.00011981
    -0.00150210    -0.00123143    -0.00027067
    -0.00046861     0.00019740    -0.00066600
    -0.00948352    -0.00982151     0.00033799
    -0.00063144    -0.00038420    -0.00024725
     0.02863800     0.02863174     0.00000626
    -0.02603109    -0.02628653     0.00025544
     0.03337656     0.03389796    -0.00052140
     0.00847001     0.00871338    -0.00024338
     0.00721630     0.00781553    -0.00059923
     0.01381827     0.01303269     0.00078558
    -0.01201883    -0.01133355    -0.00068529
     0.00003924     0.00004767    -0.00000843
    -0.00226382    -0.00241045     0.00014663
     0.00662306     0.00612177     0.00050129
     0.00540130     0.00619753    -0.00079623
    -0.01086975    -0.01080582    -0.00006393
    -0.00046297     0.00022130    -0.00068427
    -0.00915903    -0.00916820     0.00000918
     0.02074457     0.02173158    -0.00098701
    -0.01618160    -0.01634830     0.00016669
     0.00505637     0.00522974    -0.00017337
    -0.00045593     0.00024278    -0.00069871
    -0.01848072    -0.01831649    -0.00016423
    -0.00072581    -0.00079122     0.00006541
     0.02089919     0.02075432     0.00014486
     0.01791889     0.01784426     0.00007463
    -0.00573270    -0.00606580     0.00033309
     0.01941832     0.01917034     0.00024798
    -0.03183324    -0.03092618    -0.00090706
     0.02524346     0.02516545     0.00007801
     0.01616871     0.01638866    -0.00021995
     0.03466148     0.03616317    -0.00150169
     0.02785445     0.03091655    -0.00306211
    -0.01749445    -0.01732824    -0.00016621
     0.00298199     0.00295160     0.00003039
     0.01512031     0.01490281     0.00021750
     0.02495826     0.02555161    -0.00059335
     0.01682347     0.01746071    -0.00063724
    -0.02238700    -0.02252005     0.00013305
     0.02828273     0.02817134     0.00011139
     0.03404215     0.03370032     0.00034183
     0.01266883     0.01302882    -0.00035999
    -0.00046798     0.00019500    -0.00066298
     0.00920899     0.00942872    -0.00021973
     0.03655798     0.03725026    -0.00069228
     0.00619568     0.00588835     0.00030733
    -0.00361196    -0.00333126    -0.00028069
    -0.00463960    -0.00466593     0.00002633
    -0.00867091    -0.00921539     0.00054448
    -0.00867118    -0.00921539     0.00054421
    -0.00893981    -0.00925738     0.00031757
    -0.00808837    -0.00842200     0.00033364
    -0.01001722    -0.01036246     0.00034524
    -0.00585467    -0.00573209    -0.00012258
    -0.00891763    -0.00925328     0.00033564
    -0.00455508    -0.00455238    -0.00000270
    -0.00611478    -0.00605280    -0.00006198
    -0.00781340    -0.00811376     0.00030036
    -0.00544089    -0.00523263    -0.00020826
    -0.00429330    -0.00418741    -0.00010589
    -0.00567208    -0.00551616    -0.00015592
    -0.01211699    -0.01256250     0.00044552
    -0.00433075    -0.00426116    -0.00006959
    -0.01094752    -0.01115410     0.00020658
    -0.03422022    -0.03337599    -0.00084423
    -0.00693346    -0.00706994     0.00013647
    -0.02450617    -0.02375583    -0.00075033
    -0.00440288    -0.00434204    -0.00006084
    -0.00480159    -0.00479035    -0.00001123
    -0.00630354    -0.00628868    -0.00001486
    -0.00778556    -0.00805824     0.00027269
    -0.01037418    -0.01069639     0.00032221
    -0.00795430    -0.00783770    -0.00011660
    -0.00466085    -0.00465435    -0.00000650
    -0.01057690    -0.01051318    -0.00006373
    -0.01878446    -0.01853651    -0.00024795
    -0.00562865    -0.00578076     0.00015211
    -0.00502047    -0.00506675     0.00004628
    -0.00731921    -0.00751643     0.00019722
    -0.01396905    -0.01431808     0.00034903
    -0.00686690    -0.00710840     0.00024150
    -0.02438592    -0.02379295    -0.00059297
    -0.01048574    -0.01078734     0.00030160
    -0.03169354    -0.03206844     0.00037491
    -0.00549001    -0.00559502     0.00010501
    -0.00571137    -0.00585263     0.00014126
    -0.01949715    -0.01921290    -0.00028425
    -0.01094850    -0.01156907     0.00062057
    -0.00841934    -0.00868237     0.00026303
    -0.00841950    -0.00868237     0.00026287
    -0.00626265    -0.00638180     0.00011915
    -0.01084537    -0.01071529    -0.00013008
    -0.00906841    -0.00958737     0.00051896
    -0.01028207    -0.01024599    -0.00003608
    -0.01699286    -0.01761555     0.00062269
    -0.01644292    -0.01652289     0.00007998
    -0.00944453    -0.00932094    -0.00012359
    -0.00947258    -0.00995789     0.00048530
    -0.00636357    -0.00649219     0.00012862
    -0.00661726    -0.00673446     0.00011720
    -0.00782316    -0.00774510    -0.00007806
    -0.00798447    -0.00786798    -0.00011649
    -0.01109977    -0.01134403     0.00024426
    -0.00743848    -0.00758433     0.00014585
    -0.00791900    -0.00812439     0.00020538
    -0.01626299    -0.01689860     0.00063560
    -0.01359048    -0.01403264     0.00044216
    -0.00793721    -0.00786942    -0.00006779
    -0.00837104    -0.00819412    -0.00017692
    -0.00840990    -0.00822511    -0.00018479
    -0.01651494    -0.01685899     0.00034404
    -0.01022517    -0.01047643     0.00025126
    -0.00702184    -0.00714616     0.00012431
    -0.01029507    -0.01053974     0.00024467
    -0.03047311    -0.02924566    -0.00122745
    -0.01085269    -0.01140003     0.00054734
    -0.01864614    -0.01907881     0.00043267
    -0.01145975    -0.01164898     0.00018923
    -0.01119615    -0.01139489     0.00019874
    -0.00846625    -0.00835321    -0.00011304
    -0.00801764    -0.00800642    -0.00001123
    -0.00888648    -0.00900252     0.00011605
    -0.01569887    -0.01627958     0.00058071
    -0.00865929    -0.00850190    -0.00015739
    -0.02532849    -0.02421839    -0.00111011
    -0.01228872    -0.01290284     0.00061412
    -0.01900661    -0.01905742     0.00005081
    -0.01073367    -0.01091622     0.00018255
    -0.01273253    -0.01330954     0.00057701
    -0.01513231    -0.01553723     0.00040492
    -0.01690129    -0.01741718     0.00051589
    -0.01799130    -0.01836687     0.00037557
    -0.01756253    -0.01784563     0.00028311
    -0.01969966    -0.01975404     0.00005438
    -0.01501282    -0.01557319     0.00056037
    -0.01471695    -0.01522121     0.00050426
    -0.00851882    -0.00849757    -0.00002125
    -0.00903168    -0.00900034    -0.00003133
    -0.01107365    -0.01120028     0.00012664
    -0.01860159    -0.01879989     0.00019830
    -0.01849427    -0.01873430     0.00024003
    -0.00949332    -0.00958952     0.00009621
    -0.01890127    -0.01843481    -0.00046646
    -0.03255078    -0.03268371     0.00013294
    -0.01214180    -0.01225871     0.00011691
    -0.02514811    -0.02496221    -0.00018590
    -0.00199813    -0.00179220    -0.00020593
    -0.00199813    -0.00179220    -0.00020593
    -0.00199813    -0.00179220    -0.00020593
    -0.00199813    -0.00179220    -0.00020593
    -0.00199813    -0.00179220    -0.00020593
    -0.00199813    -0.00179220    -0.00020593
    -0.00199813    -0.00179220    -0.00020593
    -0.00199813    -0.00179220    -0.00020593
     0.01749151     0.01295135     0.00454016
    -0.00324942    -0.00308480    -0.00016462
    -0.00481584    -0.00495949     0.00014364
    -0.00433665    -0.00449228     0.00015563
    -0.01162019    -0.01164989     0.00002970
    -0.05506420    -0.05558698     0.00052278
    -0.00475271    -0.00494438     0.00019167
    -0.00331184    -0.00327450    -0.00003734
    -0.00351593    -0.00342138    -0.00009455
     0.03303740     0.03218055     0.00085684
    -0.00345293    -0.00345751     0.00000458
    -0.00366341    -0.00368669     0.00002327
    -0.00360031    -0.00362108     0.00002077
     0.02081181     0.02089665    -0.00008484
    -0.00377373    -0.00390355     0.00012982
    -0.00777925    -0.00811708     0.00033783
    -0.00413349    -0.00429949     0.00016599
    -0.00317981    -0.00306548    -0.00011433
    -0.00313543    -0.00303048    -0.00010495
     0.03297130     0.03327446    -0.00030315
    -0.00295189    -0.00286536    -0.00008653
    -0.00357786    -0.00382924     0.00025137
     0.03381793     0.03396320    -0.00014527
    -0.00378622    -0.00394667     0.00016045
     0.01851672     0.01788355     0.00063317
    -0.00697896    -0.00729002     0.00031106
    -0.00596259    -0.00626353     0.00030094
    -0.00570280    -0.00598936     0.00028656
    -0.00646189    -0.00682477     0.00036289
    -0.00369776    -0.00377641     0.00007865
     0.02929654     0.02843670     0.00085984
    -0.00327339    -0.00326312    -0.00001028
    -0.00361367    -0.00368586     0.00007219
     0.04882457     0.04751626     0.00130831
     0.04766229     0.04587485     0.00178745
    -0.00784039    -0.00815859     0.00031820
    -0.00386421    -0.00406049     0.00019628
    -0.00417466    -0.00433894     0.00016428
     0.02508060     0.02609562    -0.00101502
     0.00494888     0.00533256    -0.00038368
    -0.00687790    -0.00717395     0.00029605
    -0.00615600    -0.00646870     0.00031270
    -0.00722070    -0.00754308     0.00032237
    -0.00246312    -0.00259603     0.00013291
    -0.00246285    -0.00259603     0.00013318
    -0.00246285    -0.00259603     0.00013318
    -0.00246285    -0.00259603     0.00013318
    -0.00246285    -0.00259603     0.00013318
    -0.00246285    -0.00259603     0.00013318
    -0.00246285    -0.00259603     0.00013318
    -0.00246285    -0.00259603     0.00013318
    -0.00246285    -0.00259603     0.00013318
    -0.00246285    -0.00259603     0.00013318
    -0.00246285    -0.00259603     0.00013318
    -0.00246285    -0.00259603     0.00013318
    -0.00605170    -0.00648104     0.00042934
    -0.00347228    -0.00366461     0.00019233
    -0.00381071    -0.00424604     0.00043533
    -0.00728386    -0.00756827     0.00028441
    -0.00740713    -0.00760129     0.00019416
    -0.00676149    -0.00705856     0.00029707
     0.05312329     0.05239250     0.00073079
    -0.00375493    -0.00393057     0.00017564
    -0.00395591    -0.00420709     0.00025119
     0.04010009     0.03953960     0.00056048
    -0.00663351    -0.00694028     0.00030677
    -0.00649710    -0.00681597     0.00031887
    -0.00492668    -0.00536011     0.00043344
    -0.00326392    -0.00350996     0.00024603
    -0.00404827    -0.00434193     0.00029367
    -0.00454144    -0.00496306     0.00042162
    -0.00226807    -0.00237175     0.00010368
    -0.00226807    -0.00237175     0.00010368
    -0.00226807    -0.00237175     0.00010368
    -0.00226780    -0.00237175     0.00010395
    -0.00226780    -0.00237175     0.00010395
    -0.00226780    -0.00237175     0.00010395
    -0.00226780    -0.00237175     0.00010395
    -0.00226780    -0.00237175     0.00010395
    -0.00226780    -0.00237175     0.00010395
    -0.00226780    -0.00237175     0.00010395
    -0.00226780    -0.00237175     0.00010395
    -0.00226780    -0.00237175     0.00010395
     0.04130144     0.04079846     0.00050298
    -0.00414574    -0.00449074     0.00034501
     0.02289427     0.02272939     0.00016488
     0.02136097     0.02074716     0.00061381
     0.03643583     0.03736033    -0.00092450
     0.02604674     0.02590333     0.00014341
     0.02873648     0.02862694     0.00010954
     0.02287517     0.02235389     0.00052128
     0.02466241     0.02463009     0.00003233
    -0.02206065    -0.02189800    -0.00016265
    -0.02034476    -0.02017956    -0.00016520
    -0.02034476    -0.02017956    -0.00016520
    -0.02204830    -0.02189028    -0.00015801
    -0.02564458    -0.02583480     0.00019022
    -0.02933287    -0.02982269     0.00048982
    -0.03050184    -0.03099739     0.00049554
    -0.03260855    -0.03123726    -0.00137129
    -0.00760180    -0.00750750    -0.00009430
    -0.02375791    -0.02366396    -0.00009395
    -0.02375791    -0.02366396    -0.00009395
    -0.03235657    -0.03311345     0.00075688
    -0.01497600    -0.01425450    -0.00072151
    -0.02617991    -0.02520454    -0.00097538
    -0.02129092    -0.02132780     0.00003687
    -0.03103263    -0.03163101     0.00059839
    -0.04255039    -0.04252039    -0.00003000
    -0.02115092    -0.02100654    -0.00014438
    -0.02115092    -0.02100654    -0.00014438
    -0.03215787    -0.03156976    -0.00058811
    -0.02285822    -0.02274983    -0.00010839
    -0.02285822    -0.02274983    -0.00010839
    -0.02691750    -0.02765289     0.00073539
    -0.02198909    -0.02186362    -0.00012547
    -0.02198909    -0.02186362    -0.00012547
    -0.02195934    -0.02183040    -0.00012894
    -0.03537888    -0.03518359    -0.00019529
    -0.02876611    -0.02924146     0.00047536
    -0.02553032    -0.02481124    -0.00071908
    -0.02253737    -0.02316162     0.00062425
    -0.02549122    -0.02631457     0.00082335
    -0.02038149    -0.02044433     0.00006284
    -0.03568515    -0.03550493    -0.00018022
    -0.03778241    -0.03710569    -0.00067672
    -0.04765892    -0.04876977     0.00111085
    -0.03129152    -0.03123179    -0.00005973
    -0.03190981    -0.03207218     0.00016237
    -0.03360652    -0.03436059     0.00075406
    -0.02224114    -0.02317168     0.00093054
    -0.03023288    -0.03145931     0.00122642
    -0.05407624    -0.05350666    -0.00056957
    -0.04761255    -0.04794718     0.00033463
    -0.03728948    -0.03642097    -0.00086851
    -0.04156169    -0.04199684     0.00043515
    -0.04102963    -0.04056393    -0.00046570
    -0.00732531    -0.00830109     0.00097579
    -0.02773515    -0.02672775    -0.00100740
    -0.02838784    -0.02891597     0.00052813
    -0.00481954    -0.00572234     0.00090280
    -0.04308466    -0.04260824    -0.00047641
    -0.02764584    -0.02814925     0.00050341
    -0.04507180    -0.04566686     0.00059506
    -0.02853756    -0.02886206     0.00032450
    -0.03156026    -0.03177123     0.00021097
    -0.01691879    -0.01685286    -0.00006592
    -0.04319552    -0.04342043     0.00022491
    -0.02022266    -0.02017644    -0.00004622
    -0.03056299    -0.03108839     0.00052541
    -0.03990035    -0.04009262     0.00019226
    -0.04693110    -0.04650060    -0.00043050
    -0.02669140    -0.02703317     0.00034177
    -0.02206865    -0.02129936    -0.00076929
    -0.04068178    -0.04159749     0.00091571
    -0.02892323    -0.02909848     0.00017525
    -0.01377136    -0.01437667     0.00060531
    -0.03662791    -0.03676374     0.00013583
    -0.03631844    -0.03649056     0.00017212
    -0.03042976    -0.02994582    -0.00048394
    -0.02334712    -0.02287709    -0.00047004
    -0.03175544    -0.03133019    -0.00042525
    -0.01549430    -0.01609356     0.00059926
    -0.04489071    -0.04440068    -0.00049002
    -0.04610433    -0.04724068     0.00113635
    -0.02146557    -0.02196414     0.00049857
    -0.03878335    -0.03908952     0.00030616
    -0.03654217    -0.03680096     0.00025879
    -0.02543318    -0.02552403     0.00009086
    -0.03361874    -0.03348210    -0.00013664
    -0.03389058    -0.03423483     0.00034425
    -0.02137468    -0.02116039    -0.00021429
    -0.03335874    -0.03448997     0.00113123
    -0.03495697    -0.03483489    -0.00012208
    -0.02374607    -0.02400567     0.00025960
    -0.01916234    -0.01903173    -0.00013061
    -0.02757654    -0.02779486     0.00021833
    -0.02917101    -0.02881809    -0.00035292
    -0.03918372    -0.03980405     0.00062033
    -0.02619115    -0.02591111    -0.00028004
    -0.03403181    -0.03420396     0.00017215
    -0.03205501    -0.03218118     0.00012617
    -0.02860390    -0.02813734    -0.00046656
    -0.03887693    -0.03916087     0.00028394
    -0.02522713    -0.02517469    -0.00005245
    -0.04204690    -0.04264112     0.00059422
    -0.04133355    -0.04131593    -0.00001762
    -0.03807393    -0.03818093     0.00010700
    -0.03261200    -0.03266007     0.00004807
    -0.03018575    -0.03002313    -0.00016262
    -0.03164388    -0.03160531    -0.00003856
    -0.03643199    -0.03640459    -0.00002741
    -0.01886769    -0.01847042    -0.00039727
    -0.02819342    -0.02871025     0.00051683
    -0.02449125    -0.02448934    -0.00000191
    -0.01866200    -0.01847774    -0.00018426
    -0.02492998    -0.02459764    -0.00033234
    -0.02542455    -0.02522560    -0.00019895
    -0.01837667    -0.01799805    -0.00037861
    -0.01592370    -0.01621242     0.00028873
    -0.02754369    -0.02722173    -0.00032196
    -0.01627467    -0.01600005    -0.00027462
    -0.02830360    -0.02836832     0.00006472
    -0.01972570    -0.01954084    -0.00018486
    -0.01681275    -0.01645910    -0.00035364
    -0.01776035    -0.01750958    -0.00025078
    -0.02693163    -0.02708267     0.00015104
    -0.01317265    -0.01296627    -0.00020638
    -0.01365388    -0.01363304    -0.00002085
    -0.01704633    -0.01727526     0.00022894
    -0.02707672    -0.02693494    -0.00014178
    -0.01483494    -0.01436894    -0.00046600
    -0.01583099    -0.01564269    -0.00018830
    -0.01913611    -0.01937876     0.00024265
    -0.01591967    -0.01597309     0.00005342
    -0.02619550    -0.02640781     0.00021231
    -0.02066101    -0.02021390    -0.00044711
    -0.02573446    -0.02544478    -0.00028968
    -0.02521075    -0.02522849     0.00001774
    -0.02297449    -0.02275790    -0.00021660
    -0.02261911    -0.02247662    -0.00014249
    -0.02300154    -0.02291682    -0.00008472
    -0.01517146    -0.01514881    -0.00002265
    -0.02347719    -0.02309095    -0.00038624
    -0.01429803    -0.01400978    -0.00028825
    -0.01396175    -0.01374633    -0.00021542
    -0.02347243    -0.02333956    -0.00013287
    -0.01782670    -0.01759978    -0.00022692
    -0.02690183    -0.02677998    -0.00012185
    -0.01944708    -0.01935337    -0.00009371
    -0.01701297    -0.01663023    -0.00038273
    -0.02588913    -0.02611079     0.00022166
    -0.02718962    -0.02714150    -0.00004812
    -0.02184043    -0.02181784    -0.00002259
    -0.01519574    -0.01542862     0.00023289
    -0.02064430    -0.02075521     0.00011091
    -0.01746008    -0.01758245     0.00012237
    -0.01944196    -0.01917742    -0.00026454
    -0.02183420    -0.02221216     0.00037797
    -0.02337725    -0.02327611    -0.00010113
    -0.02011711    -0.02036711     0.00025001
    -0.01538592    -0.01511237    -0.00027355
    -0.02568695    -0.02600476     0.00031781
    -0.01359587    -0.01336965    -0.00022622
    -0.02447583    -0.02442352    -0.00005231
    -0.02241032    -0.02252195     0.00011163
    -0.02295370    -0.02275073    -0.00020297
    -0.02171248    -0.02175436     0.00004188
    -0.02519908    -0.02508072    -0.00011836
    -0.01567449    -0.01537560    -0.00029889
    -0.02371685    -0.02384278     0.00012593
    -0.02546373    -0.02524933    -0.00021440
    -0.01954961    -0.01956038     0.00001076
    -0.01586731    -0.01581822    -0.00004910
    -0.02397157    -0.02390082    -0.00007075
    -0.01860317    -0.01846746    -0.00013571
    -0.01822891    -0.01835162     0.00012271
    -0.02106507    -0.02098982    -0.00007525
    -0.01388058    -0.01373716    -0.00014342
    -0.02160092    -0.02157161    -0.00002930
    -0.01641848    -0.01637489    -0.00004359
    -0.02346337    -0.02331607    -0.00014730
    -0.02219829    -0.02221430     0.00001601
    -0.02380017    -0.02390655     0.00010639
    -0.01913916    -0.01879086    -0.00034829
    -0.02260654    -0.02247959    -0.00012695
    -0.02076139    -0.02132145     0.00056006
    -0.01384932    -0.01355275    -0.00029656
    -0.01732203    -0.01732452     0.00000249
    -0.02055828    -0.02033244    -0.00022585
    -0.02303493    -0.02302585    -0.00000908
    -0.02330963    -0.02321186    -0.00009777
    -0.01694336    -0.01674340    -0.00019996
    -0.02478250    -0.02461419    -0.00016831
    -0.01784221    -0.01791373     0.00007152
    -0.01576331    -0.01574576    -0.00001755
    -0.02122962    -0.02093751    -0.00029211
    -0.02001071    -0.01969322    -0.00031749
    -0.02305980    -0.02279412    -0.00026568
    -0.02167920    -0.02156990    -0.00010930
    -0.01753423    -0.01766699     0.00013276
    -0.01870138    -0.01860628    -0.00009510
    -0.02135634    -0.02111590    -0.00024043
    -0.01891537    -0.01859092    -0.00032445
    -0.01975332    -0.01987790     0.00012459
    -0.02310590    -0.02293418    -0.00017172
    -0.02268080    -0.02275326     0.00007246
    -0.02515856    -0.02528042     0.00012186
    -0.01903445    -0.01883358    -0.00020086
    -0.02216484    -0.02204847    -0.00011637
    -0.01998135    -0.01973909    -0.00024226
    -0.02155923    -0.02143456    -0.00012467
     0.02202035     0.02118276     0.00083760
    -0.01676371    -0.01674833    -0.00001538
    -0.01918054    -0.01912531    -0.00005524
    -0.02130891    -0.02209924     0.00079033
    -0.04753922    -0.04821586     0.00067665
     0.01732097     0.01643180     0.00088917
    -0.02677772    -0.02688182     0.00010410
    -0.02677772    -0.02688182     0.00010410
    -0.02248137    -0.02285533     0.00037397
    -0.00736414    -0.00763131     0.00026717
     0.02899809     0.02853032     0.00046776
    -0.04658132    -0.04518160    -0.00139973
    -0.03218884    -0.03263111     0.00044227
    -0.00919157    -0.00984889     0.00065732
    -0.02766843    -0.02704535    -0.00062308
    -0.02766843    -0.02704535    -0.00062308
    -0.02521208    -0.02501367    -0.00019841
    -0.02547138    -0.02516929    -0.00030209
     0.00309274     0.00373096    -0.00063822
    -0.02459381    -0.02471306     0.00011925
    -0.02645137    -0.02622053    -0.00023085
    -0.03857840    -0.03796914    -0.00060926
    -0.03857840    -0.03796914    -0.00060926
    -0.06867857    -0.06934154     0.00066297
    -0.04013609    -0.04025345     0.00011736
    -0.02662776    -0.02633461    -0.00029314
    -0.02059584    -0.02326227     0.00266643
    -0.02493570    -0.02558535     0.00064966
     0.01470452     0.01469883     0.00000569
     0.03626197     0.03492862     0.00133335
     0.05906218     0.05834894     0.00071324
    -0.00177252    -0.00090659    -0.00086593
     0.05616743     0.05365126     0.00251618
    -0.03196639    -0.03236936     0.00040298
    -0.01015153    -0.01009277    -0.00005876
    -0.06777222    -0.06690731    -0.00086490
    -0.03396566    -0.03482392     0.00085826
    -0.03286452    -0.03396899     0.00110447
    -0.00114987     0.00169680    -0.00284667
    -0.02751662    -0.02806614     0.00054952
    -0.03990270    -0.03938676    -0.00051593
     0.04791702     0.04619573     0.00172129
     0.02609801     0.02542725     0.00067076
    -0.03240177    -0.03251083     0.00010906
    -0.03427456    -0.03485727     0.00058270
    -0.03129701    -0.03170402     0.00040701
    -0.01466188    -0.01345714    -0.00120474
     0.00169796     0.00280634    -0.00110837
     0.01906734     0.01933179    -0.00026445
     0.02653698     0.02491666     0.00162032
    -0.00951166    -0.00886992    -0.00064174
    -0.00715774    -0.00756109     0.00040335
    -0.03521649    -0.03481864    -0.00039785
    -0.03521649    -0.03481864    -0.00039785
    -0.03570547    -0.03569772    -0.00000775
     0.04562843     0.04383892     0.00178951
    -0.02686776    -0.02750484     0.00063708
    -0.02942218    -0.03002361     0.00060143
    -0.00321511    -0.00357863     0.00036353
    -0.00963316    -0.00824416    -0.00138900
     0.01946833     0.01931462     0.00015371
     0.01932487     0.01911961     0.00020526
     0.01937385     0.01848798     0.00088587
     0.04663828     0.04490213     0.00173615
    -0.03237472    -0.03294539     0.00057067
     0.01878179     0.01812602     0.00065577
    -0.03809042    -0.03791537    -0.00017505
    -0.02924726    -0.02984784     0.00060058
     0.02730608     0.02710220     0.00020389
    -0.02625651    -0.02691384     0.00065733
    -0.04559877    -0.04725084     0.00165206
    -0.03876126    -0.03848848    -0.00027278
     0.02757645     0.02693586     0.00064059
    -0.03116180    -0.03134541     0.00018361
     0.01801429     0.01812967    -0.00011538
    -0.03181487    -0.03213226     0.00031738
     0.05745499     0.05497738     0.00247761
    -0.00887733    -0.00637156    -0.00250578
     0.00849297     0.00788533     0.00060764
    -0.01142788    -0.01152680     0.00009892
     0.01531857     0.01559913    -0.00028057
    -0.02805791    -0.02715271    -0.00090520
     0.02818177     0.02998501    -0.00180324
     0.01330242     0.01406509    -0.00076267
     0.02965636     0.02894949     0.00070687
    -0.00019380    -0.00031582     0.00012202
    -0.05618381    -0.05570072    -0.00048309
    -0.00162923    -0.00056407    -0.00106516
     0.00419627     0.00450696    -0.00031069
     0.01623837     0.01597141     0.00026696
     0.02262610     0.02198110     0.00064500
     0.02223663     0.02172799     0.00050864
     0.00997844     0.00983248     0.00014596
    -0.00069756    -0.00061235    -0.00008522
    -0.05031954    -0.05023358    -0.00008596
     0.01104012     0.01074745     0.00029268
     0.01969873     0.01958711     0.00011162
     0.02895757     0.02795143     0.00100614
     0.02572850     0.02571455     0.00001396
    -0.00981833    -0.01071789     0.00089956
    -0.00579676    -0.00478904    -0.00100772
    -0.00423845    -0.00380812    -0.00043033
    -0.01081870    -0.01074876    -0.00006994
    -0.01482022    -0.01478025    -0.00003997
     0.00349345     0.00304814     0.00044531
    -0.00429896    -0.00386315    -0.00043581
    -0.00946407    -0.00912637    -0.00033769
    -0.00518410    -0.00467113    -0.00051296
    -0.02202819    -0.02293517     0.00090698
    -0.00436473    -0.00392232    -0.00044241
     0.02337513     0.02342947    -0.00005435
    -0.00430247    -0.00386233    -0.00044015
    -0.00442000    -0.00397134    -0.00044866
    -0.00456759    -0.00410682    -0.00046078
    -0.01053111    -0.01066134     0.00013024
    -0.00503781    -0.00451581    -0.00052200
    -0.00750754    -0.00658277    -0.00092477
    -0.00468172    -0.00420436    -0.00047736
     0.01091340     0.01091193     0.00000147
    -0.00509593    -0.00457997    -0.00051596
    -0.00467587    -0.00419815    -0.00047772
     0.02911722     0.02924656    -0.00012934
     0.00759573     0.00730850     0.00028723
    -0.00437505    -0.00391856    -0.00045649
    -0.01726048    -0.01739815     0.00013767
    -0.00511239    -0.00458730    -0.00052510
    -0.00489669    -0.00437541    -0.00052128
    -0.01709071    -0.01653306    -0.00055765
    -0.00507011    -0.00454655    -0.00052356
     0.00167614     0.00161425     0.00006189
    -0.00446166    -0.00398870    -0.00047296
     0.01349320     0.01359346    -0.00010026
    -0.00500532    -0.00448371    -0.00052161
    -0.00456961    -0.00408521    -0.00048440
     0.01223960     0.01187788     0.00036172
     0.02868464     0.02914118    -0.00045654
     0.00940235     0.00939591     0.00000644
    -0.00433926    -0.00385151    -0.00048775
    -0.00473075    -0.00422209    -0.00050867
     0.00520897     0.00519396     0.00001501
     0.01130064     0.01130954    -0.00000890
     0.01234891     0.01242053    -0.00007162
     0.01252056     0.01246968     0.00005088
     0.00662567     0.00665641    -0.00003074
    -0.00054611    -0.00044472    -0.00010138
     0.00530301     0.00535854    -0.00005553
     0.02153613     0.02144023     0.00009589
     0.01352360     0.01415820    -0.00063460
     0.00017407     0.00005529     0.00011878
     0.00456120     0.00425277     0.00030843
     0.01151681     0.01165609    -0.00013928
     0.01290941     0.01276346     0.00014595
     0.01619336     0.01666341    -0.00047005
     0.01998791     0.02032435    -0.00033644
     0.01945603     0.01950768    -0.00005165
    -0.00396731    -0.00410807     0.00014075
    -0.00522189    -0.00525270     0.00003080
    -0.00063468    -0.00094753     0.00031286
    -0.01160234    -0.01134243    -0.00025991
    -0.00706647    -0.00697160    -0.00009487
     0.02030190     0.02030818    -0.00000628
     0.02199358     0.02225814    -0.00026456
     0.02251331     0.02294156    -0.00042825
     0.01581324     0.01591576    -0.00010251
     0.01131795     0.01155931    -0.00024136
    -0.01865145    -0.01797400    -0.00067745
     0.01688755     0.01686652     0.00002103
     0.01692747     0.01733062    -0.00040315
     0.02844393     0.02901658    -0.00057265
     0.01338019     0.01353671    -0.00015651
     0.02043004     0.02106196    -0.00063193
     0.00698119     0.00692262     0.00005857
     0.02159692     0.02185260    -0.00025569
     0.00243776     0.00256456    -0.00012680
    -0.02203782    -0.02220298     0.00016516
     0.01872274     0.01909542    -0.00037268
     0.01181475     0.01195434    -0.00013959
    -0.00459576    -0.00458623    -0.00000953
    -0.00849270    -0.00848681    -0.00000589
     0.01132671     0.01143032    -0.00010361
     0.00565953     0.00571071    -0.00005118
    -0.00566283    -0.00554536    -0.00011747
     0.00124054     0.00136851    -0.00012797
     0.02366060     0.02420846    -0.00054786
     0.00937889     0.00946864    -0.00008974
    -0.00381474    -0.00358924    -0.00022550
     0.02218237     0.02268432    -0.00050195
     0.02051902     0.02090818    -0.00038916
     0.00752841     0.00773254    -0.00020413
     0.00590977     0.00597110    -0.00006133
     0.02999236     0.03086223    -0.00086987
     0.00241939     0.00261900    -0.00019960
     0.00582389     0.00594589    -0.00012200
     0.01429022     0.01466445    -0.00037423
     0.02472579     0.02534748    -0.00062170
     0.01612130     0.01654695    -0.00042565
     0.00805579     0.00829034    -0.00023454
     0.02756013     0.02861538    -0.00105526
     0.02703329     0.02792392    -0.00089063
     0.01311676     0.01344632    -0.00032956
     0.00188278     0.00217577    -0.00029299
    -0.01062518    -0.01054398    -0.00008120
    -0.01084246    -0.01079466    -0.00004780
     0.01427896     0.01320153     0.00107743
    -0.02166456    -0.02350243     0.00183787
    -0.01105707    -0.01104377    -0.00001330
    -0.01126889    -0.01129135     0.00002246
    -0.01147768    -0.01153739     0.00005970
    -0.01168443    -0.01178191     0.00009747
    -0.01188844    -0.01202490     0.00013646
    -0.01208986    -0.01226636     0.00017651
    -0.00619802    -0.00625077     0.00005275
    -0.01228926    -0.01250627     0.00021701
    -0.02419748    -0.02545500     0.00125752
    -0.01248638    -0.01274462     0.00025824
    -0.02020007    -0.02088341     0.00068334
    -0.01268151    -0.01298136     0.00029985
     0.01158070     0.01108243     0.00049828
    -0.01287428    -0.01321648     0.00034220
     0.02892734     0.02782526     0.00110207
    -0.01306476    -0.01344994     0.00038518
     0.00425058     0.00355005     0.00070053
     0.02694904     0.02667502     0.00027402
     0.01281874     0.01244882     0.00036992
    -0.01325344    -0.01368169     0.00042825
    -0.04353865    -0.04478498     0.00124632
    -0.03007884    -0.02998140    -0.00009744
    -0.03005900    -0.02997087    -0.00008813
    -0.02296943    -0.02383523     0.00086580
    -0.02772108    -0.02896379     0.00124271
    -0.04165663    -0.04131157    -0.00034507
     0.03236816     0.03130927     0.00105889
     0.01928485     0.01798830     0.00129654
    -0.03169476    -0.03162892    -0.00006584
    -0.00206077    -0.00203654    -0.00002424
    -0.04330581    -0.04321501    -0.00009080
    -0.03809172    -0.03789162    -0.00020010
    -0.04098878    -0.04007793    -0.00091085
     0.02487306     0.02474194     0.00013112
    -0.02671636    -0.02679336     0.00007700
    -0.02464103    -0.02479005     0.00014903
     0.01642659     0.01608345     0.00034314
    -0.00472735    -0.00407451    -0.00065285
     0.01010669     0.00979979     0.00030690
     0.00489797     0.00556835    -0.00067038
     0.01211614     0.01099423     0.00112191
    -0.03443312    -0.03648201     0.00204889
     0.00725015     0.00590309     0.00134705
     0.01072248     0.01064250     0.00007999
    -0.01043187    -0.01080424     0.00037238
     0.00016169    -0.00122193     0.00138362
     0.02124404     0.02073840     0.00050564
    -0.00558084    -0.00740801     0.00182718
     0.02019022     0.01911076     0.00107947
     0.00321971     0.00186496     0.00135474
     0.02653472     0.02621713     0.00031759
     0.01972975     0.01762707     0.00210268
     0.01623200     0.01624256    -0.00001056
     0.02065624     0.02053053     0.00012572
     0.02039167     0.02035569     0.00003598
    -0.00027421    -0.00186249     0.00158828
     0.01158076     0.01080770     0.00077306
    -0.03117644    -0.03092354    -0.00025290
    -0.02999770    -0.02942690    -0.00057080
    -0.03125824    -0.03116081    -0.00009743
    -0.03417867    -0.03319271    -0.00098596
     0.02395508     0.02302449     0.00093059
    -0.03123679    -0.03114954    -0.00008725
     0.03064579     0.02914458     0.00150121
    -0.00199489    -0.00195381    -0.00004108
     0.01049875     0.00920741     0.00129134
     0.00622109     0.00487858     0.00134252
     0.00883554     0.00748809     0.00134745
    -0.03902586    -0.03890244    -0.00012342
     0.02606364     0.02495241     0.00111123
     0.01079119     0.00949368     0.00129751
    -0.04233945    -0.04191591    -0.00042353
    -0.03746532    -0.03805249     0.00058718
     0.05068028     0.05003915     0.00064113
     0.00902841     0.00784454     0.00118387
    -0.04378470    -0.04353008    -0.00025462
    -0.02374395    -0.02363484    -0.00010911
    -0.03242824    -0.03234903    -0.00007922
    -0.03240533    -0.03233700    -0.00006833
     0.02365214     0.02244033     0.00121180
     0.01063127     0.00914541     0.00148587
     0.00832649     0.00672905     0.00159744
    -0.03256680    -0.03258119     0.00001439
    -0.02605866    -0.02547618    -0.00058248
    -0.04467176    -0.04572972     0.00105796
    -0.03239371    -0.03254224     0.00014853
    -0.03358046    -0.03354672    -0.00003374
    -0.03355613    -0.03353392    -0.00002221
    -0.05094361    -0.05113646     0.00019285
    -0.04568533    -0.04561154    -0.00007379
    -0.04660742    -0.04678443     0.00017702
    -0.03468137    -0.03474194     0.00006057
    -0.05612806    -0.05615499     0.00002693
    -0.03577168    -0.03596377     0.00019209
    -0.03579922    -0.03597815     0.00017893
    -0.00726892    -0.00703031    -0.00023861
     0.03268741     0.03290044    -0.00021304
    -0.00514186    -0.00520292     0.00006106
    -0.00110470    -0.00155791     0.00045321
     0.01622196     0.01563308     0.00058888
     0.03270068     0.03212393     0.00057676
     0.01386771     0.01324958     0.00061813
     0.01397792     0.01449914    -0.00052122
    -0.00454827    -0.00481605     0.00026777
     0.00055190     0.00095334    -0.00040144
    -0.00152397    -0.00199463     0.00047066
     0.02685816     0.02619166     0.00066649
    -0.00481954    -0.00483366     0.00001411
    -0.00087199    -0.00131408     0.00044209
    -0.01002076    -0.01002424     0.00000348
    -0.00419197    -0.00424858     0.00005662
     0.00891246     0.00814446     0.00076800
     0.02864216     0.02903572    -0.00039356
    -0.00283094    -0.00255235    -0.00027858
     0.03573998     0.03601978    -0.00027980
    -0.00187353    -0.00174204    -0.00013149
     0.02794862     0.02765732     0.00029131
    -0.00746408    -0.00722244    -0.00024164
     0.03074416     0.03096106    -0.00021690
    -0.00439894    -0.00432768    -0.00007126
     0.02695054     0.02694444     0.00000610
     0.01619069     0.01572736     0.00046333
    -0.00223795    -0.00207171    -0.00016624
    -0.01085119    -0.01090426     0.00005307
     0.02213799     0.02165291     0.00048508
    -0.00163791    -0.00210961     0.00047170
     0.02299928     0.02252682     0.00047246
     0.01420407     0.01389452     0.00030955
     0.02406801     0.02421173    -0.00014372
    -0.00571167    -0.00548895    -0.00022272
    -0.00616550    -0.00617963     0.00001412
    -0.00075898    -0.00124453     0.00048555
     0.01057658     0.01144747    -0.00087089
     0.00295287     0.00220472     0.00074815
     0.02378496     0.02318358     0.00060137
     0.01503478     0.01440321     0.00063157
    -0.00293333    -0.00282207    -0.00011126
    -0.00582076    -0.00577217    -0.00004859
     0.00030839     0.00068846    -0.00038007
     0.00048142     0.00175891    -0.00127749
     0.01865490     0.01855370     0.00010121
     0.00768455     0.00710839     0.00057616
     0.03126175     0.03065797     0.00060377
     0.02341055     0.02304054     0.00037002
     0.02285166     0.02244752     0.00040414
    -0.00142487    -0.00190694     0.00048207
     0.01697014     0.01663999     0.00033014
     0.02638264     0.02589931     0.00048333
     0.01624008     0.01559709     0.00064300
     0.03527096     0.03569300    -0.00042204
     0.01001278     0.01162908    -0.00161630
     0.00283668     0.00333633    -0.00049965
    -0.00128718    -0.00177356     0.00048638
    -0.00103360    -0.00151305     0.00047946
     0.02962267     0.02962521    -0.00000254
     0.02414469     0.02398571     0.00015898
    -0.00100377    -0.00148223     0.00047846
     0.03526100     0.03592157    -0.00066056
    -0.00125730    -0.00174638     0.00048908
     0.03517401     0.03513451     0.00003950
     0.01748155     0.01682903     0.00065252
     0.02982188     0.02919707     0.00062481
     0.03002556     0.03012542    -0.00009986
     0.01650964     0.01600005     0.00050959
     0.01016987     0.00956587     0.00060400
     0.01875686     0.01809673     0.00066014
     0.01046700     0.00982760     0.00063939
    -0.00310436    -0.00306128    -0.00004307
     0.02838561     0.02774473     0.00064089
     0.02006293     0.01939769     0.00066523
    -0.00445216    -0.00424854    -0.00020362
     0.03523480     0.03520726     0.00002754
     0.02695745     0.02630438     0.00065307
     0.01922648     0.01872698     0.00049950
     0.02139727     0.02072931     0.00066796
     0.03255097     0.03259396    -0.00004300
     0.02554066     0.02487944     0.00066123
     0.02275726     0.02208877     0.00066849
     0.02413963     0.02347317     0.00066646
     0.02121702     0.02063382     0.00058320
     0.02730208     0.02678479     0.00051729
     0.02588195     0.02547920     0.00040275
    -0.00217457    -0.00208905    -0.00008552
     0.01917007     0.01888627     0.00028380
     0.02029172     0.02011578     0.00017594
     0.01252056     0.01191215     0.00060841
     0.01679454     0.01639501     0.00039953
    -0.00987028    -0.01055318     0.00068290
     0.02706586     0.02657769     0.00048817
     0.01264304     0.01195602     0.00068701
     0.01013243     0.00940901     0.00072342
     0.01790389     0.01757778     0.00032612
    -0.01522594    -0.01592526     0.00069932
     0.01254445     0.01196836     0.00057609
     0.01665995     0.01599445     0.00066550
    -0.00061002    -0.00031433    -0.00029570
    -0.00070633    -0.00042193    -0.00028440
    -0.00070633    -0.00042193    -0.00028440
    -0.00184991    -0.00150544    -0.00034447
    -0.00179149    -0.00148972    -0.00030177
    -0.00056597    -0.00027755    -0.00028842
    -0.00056597    -0.00027755    -0.00028842
    -0.00137758    -0.00112950    -0.00024808
    -0.00141945    -0.00112951    -0.00028995
    -0.00179056    -0.00144118    -0.00034939
    -0.00047103    -0.00010203    -0.00036900
    -0.00082246    -0.00045037    -0.00037209
    -0.00136754    -0.00103925    -0.00032829
    -0.00040763     0.00000779    -0.00041542
    -0.00174896    -0.00139848    -0.00035048
    -0.00063419    -0.00034875    -0.00028544
    -0.01707705    -0.01746220     0.00038515
    -0.00063446    -0.00034875    -0.00028571
    -0.00091294    -0.00056273    -0.00035021
    -0.00184825    -0.00150120    -0.00034705
    -0.00099651    -0.00058248    -0.00041403
    -0.00130302    -0.00100940    -0.00029361
    -0.00128936    -0.00100399    -0.00028537
    -0.00060175    -0.00030175    -0.00030000
    -0.00060175    -0.00030175    -0.00030000
    -0.00181984    -0.00147623    -0.00034362
    -0.00131953    -0.00094617    -0.00037336
     0.00776757     0.00853934    -0.00077177
    -0.00102601    -0.00061619    -0.00040981
    -0.00177571    -0.00141436    -0.00036134
    -0.00180090    -0.00144179    -0.00035912
     0.01075375     0.01330390    -0.00255015
    -0.00171696    -0.00135346    -0.00036349
    -0.00154683    -0.00129279    -0.00025404
    -0.00156599    -0.00125915    -0.00030684
    -0.00112533    -0.00074833    -0.00037700
    -0.00086728    -0.00048514    -0.00038214
    -0.00091974    -0.00055246    -0.00036728
    -0.00138971    -0.00109428    -0.00029543
    -0.00173981    -0.00136661    -0.00037320
    -0.00153663    -0.00122940    -0.00030723
    -0.00145913    -0.00119799    -0.00026114
    -0.04089224    -0.04002958    -0.00086266
    -0.00048491    -0.00008262    -0.00040229
    -0.00142188    -0.00112317    -0.00029870
    -0.00046458    -0.00004609    -0.00041849
    -0.00117156    -0.00079318    -0.00037838
    -0.00088940    -0.00050494    -0.00038446
    -0.00091096    -0.00052945    -0.00038151
    -0.00090521    -0.00052197    -0.00038324
    -0.00091106    -0.00052945    -0.00038162
    -0.00071395    -0.00040857    -0.00030538
    -0.00071395    -0.00040857    -0.00030538
    -0.00068760    -0.00038381    -0.00030379
    -0.00068760    -0.00038381    -0.00030379
    -0.00175456    -0.00137642    -0.00037814
    -0.00119561    -0.00077812    -0.00041749
    -0.00072156    -0.00030805    -0.00041352
    -0.00072156    -0.00030805    -0.00041352
    -0.00116408    -0.00077087    -0.00039321
    -0.00067982    -0.00024792    -0.00043190
    -0.00067982    -0.00024792    -0.00043190
    -0.00117757    -0.00079196    -0.00038561
    -0.00121842    -0.00080046    -0.00041795
     0.04360842     0.04453432    -0.00092590
    -0.04141734    -0.04072924    -0.00068809
    -0.00112658    -0.00070550    -0.00042107
    -0.00107907    -0.00063722    -0.00044185
    -0.00131352    -0.00090275    -0.00041077
    -0.00112059    -0.00069032    -0.00043027
    -0.00789737    -0.00744105    -0.00045632
     0.03708727     0.03771810    -0.00063083
    -0.00074671    -0.00030288    -0.00044383
    -0.00074671    -0.00030288    -0.00044383
    -0.00125722    -0.00081842    -0.00043880
    -0.00126076    -0.00082313    -0.00043762
    -0.00073596    -0.00028260    -0.00045336
    -0.00073596    -0.00028260    -0.00045336
    -0.00117942    -0.00073539    -0.00044403
     0.02446976     0.02498555    -0.00051579
    -0.00451157    -0.00458189     0.00007033
    -0.00134707    -0.00089503    -0.00045204
    -0.00140367    -0.00095179    -0.00045188
     0.03066737     0.03124957    -0.00058220
    -0.05329598    -0.05268970    -0.00060628
     0.01981735     0.02044668    -0.00062934
    -0.01078945    -0.01016281    -0.00062664
     0.00826949     0.00997695    -0.00170746
     0.02671913     0.02731074    -0.00059161
    -0.04264054    -0.04217752    -0.00046302
    -0.00460509    -0.00468803     0.00008293
    -0.01993610    -0.01956403    -0.00037207
     0.03151990     0.03136012     0.00015978
    -0.00806116    -0.00827385     0.00021269
     0.03037305     0.03025326     0.00011979
    -0.01266774    -0.01262638    -0.00004136
    -0.04546761    -0.04595434     0.00048672
     0.03223962     0.03386922    -0.00162961
     0.03424629     0.03588637    -0.00164008
    -0.02179814    -0.02246212     0.00066398
    -0.00083136    -0.00115728     0.00032592
    -0.00083136    -0.00115728     0.00032592
    -0.00083136    -0.00115728     0.00032592
    -0.00083136    -0.00115728     0.00032592
    -0.00151086    -0.00187079     0.00035993
    -0.00147769    -0.00179501     0.00031732
    -0.00134966    -0.00165475     0.00030510
    -0.00158286    -0.00190807     0.00032521
    -0.00040003    -0.00069224     0.00029221
    -0.00040003    -0.00069224     0.00029221
    -0.00040003    -0.00069224     0.00029221
    -0.00040003    -0.00069224     0.00029221
    -0.00040003    -0.00069224     0.00029221
    -0.00040003    -0.00069224     0.00029221
    -0.00040003    -0.00069224     0.00029221
    -0.00040003    -0.00069224     0.00029221
    -0.00040003    -0.00069224     0.00029221
    -0.00040003    -0.00069224     0.00029221
    -0.00040003    -0.00069224     0.00029221
    -0.00164901    -0.00198686     0.00033785
    -0.00150874    -0.00183022     0.00032148
    -0.00039976    -0.00069224     0.00029248
    -0.00084913    -0.00112026     0.00027112
    -0.00162283    -0.00195239     0.00032955
    -0.00127845    -0.00164152     0.00036307
    -0.00108304    -0.00136921     0.00028617
    -0.00016604    -0.00046031     0.00029427
    -0.00091504    -0.00123748     0.00032244
    -0.00088037    -0.00115489     0.00027452
    -0.00160800    -0.00195761     0.00034961
    -0.00145004    -0.00177298     0.00032294
    -0.00095749    -0.00123810     0.00028061
    -0.00120704    -0.00157183     0.00036479
    -0.00784700    -0.00718579    -0.00066121
    -0.00142073    -0.00178598     0.00036524
    -0.00066401    -0.00099271     0.00032870
    -0.00066401    -0.00099271     0.00032870
    -0.00066401    -0.00099271     0.00032870
    -0.00066401    -0.00099271     0.00032870
    -0.00066401    -0.00099271     0.00032870
    -0.00066401    -0.00099271     0.00032870
    -0.00066401    -0.00099271     0.00032870
    -0.00066374    -0.00099271     0.00032897
    -0.00066374    -0.00099271     0.00032897
    -0.00066374    -0.00099271     0.00032897
    -0.00066374    -0.00099271     0.00032897
    -0.00066374    -0.00099271     0.00032897
    -0.00142816    -0.00175958     0.00033141
    -0.00143932    -0.00180341     0.00036410
    -0.00131684    -0.00163713     0.00032028
    -0.00145290    -0.00181620     0.00036331
    -0.00113471    -0.00143938     0.00030467
    -0.00051879    -0.00083772     0.00031893
    -0.00051879    -0.00083772     0.00031893
    -0.00051879    -0.00083772     0.00031893
    -0.00051879    -0.00083772     0.00031893
    -0.00051879    -0.00083772     0.00031893
    -0.00051879    -0.00083772     0.00031893
    -0.00051879    -0.00083772     0.00031893
    -0.00051879    -0.00083772     0.00031893
    -0.00051879    -0.00083772     0.00031893
    -0.00051879    -0.00083772     0.00031893
    -0.00051879    -0.00083772     0.00031893
    -0.00051879    -0.00083772     0.00031893
    -0.00025527    -0.00058242     0.00032715
    -0.00061898    -0.00099190     0.00037292
    -0.00093066    -0.00124528     0.00031462
     0.01854396     0.01914232    -0.00059836
     0.02042710     0.02063428    -0.00020719
    -0.00108421    -0.00144469     0.00036048
    -0.00136468    -0.00170303     0.00033835
    -0.00095049    -0.00125961     0.00030912
    -0.00144209    -0.00178998     0.00034788
    -0.00113828    -0.00145677     0.00031849
     0.02171120     0.02202246    -0.00031125
    -0.00098432    -0.00130416     0.00031984
    -0.00117882    -0.00150701     0.00032819
    -0.00125439    -0.00162702     0.00037263
    -0.00130949    -0.00168237     0.00037288
    -0.00035742    -0.00071182     0.00035440
    -0.04656203    -0.04654154    -0.00002049
    -0.00126288    -0.00160358     0.00034070
    -0.00102946    -0.00137166     0.00034220
    -0.00131396    -0.00166407     0.00035011
    -0.00128255    -0.00165509     0.00037254
    -0.00047582    -0.00084839     0.00037257
    -0.00104519    -0.00138726     0.00034207
     0.02376681     0.02393416    -0.00016736
    -0.00108029    -0.00141672     0.00033642
    -0.00112642    -0.00148630     0.00035989
    -0.00131279    -0.00168039     0.00036760
    -0.00122666    -0.00159806     0.00037140
    -0.00114748    -0.00151382     0.00036634
     0.02001585     0.02015255    -0.00013670
    -0.00124405    -0.00161200     0.00036795
    -0.00119613    -0.00155692     0.00036079
     0.01343225     0.01366011    -0.00022786
     0.00403137     0.00448731    -0.00045595
    -0.01584750    -0.01554540    -0.00030211
    -0.02415280    -0.02492130     0.00076850
    -0.00205304    -0.00177807    -0.00027498
    -0.01077672    -0.01054406    -0.00023266
    -0.00231436    -0.00209135    -0.00022300
    -0.03761705    -0.03572641    -0.00189064
    -0.00314504    -0.00284767    -0.00029737
    -0.00216453    -0.00187484    -0.00028969
     0.03439734     0.03490212    -0.00050477
    -0.00161230    -0.00133333    -0.00027897
    -0.00161230    -0.00133333    -0.00027897
    -0.00228023    -0.00205560    -0.00022463
    -0.00180025    -0.00149664    -0.00030362
    -0.00180025    -0.00149664    -0.00030362
    -0.00235183    -0.00209394    -0.00025789
    -0.00235183    -0.00209394    -0.00025789
    -0.00292441    -0.00260116    -0.00032325
    -0.00325677    -0.00293825    -0.00031852
    -0.03831706    -0.03743458    -0.00088248
    -0.00955710    -0.00953893    -0.00001817
    -0.00257926    -0.00226170    -0.00031755
    -0.02764429    -0.02795162     0.00030733
     0.00597323     0.00628336    -0.00031013
    -0.00251754    -0.00226594    -0.00025160
    -0.04795147    -0.04799322     0.00004175
    -0.00263978    -0.00243467    -0.00020511
    -0.00269733    -0.00237645    -0.00032087
    -0.00276800    -0.00243178    -0.00033622
    -0.01765970    -0.01820424     0.00054454
    -0.00224687    -0.00198695    -0.00025992
    -0.00292351    -0.00267983    -0.00024368
     0.01044678     0.01000523     0.00044154
     0.03538248     0.03588249    -0.00050001
     0.00996024     0.01111483    -0.00115459
    -0.00274274    -0.00245419    -0.00028856
    -0.06052406    -0.05966533    -0.00085873
    -0.03038407    -0.03028569    -0.00009838
    -0.00285075    -0.00253344    -0.00031730
    -0.00276389    -0.00246883    -0.00029506
     0.02937616     0.03061492    -0.00123876
    -0.00468240    -0.00651009     0.00182769
    -0.00230883    -0.00204188    -0.00026695
     0.01850513     0.01912992    -0.00062479
    -0.00250407    -0.00220148    -0.00030260
    -0.00284468    -0.00257282    -0.00027186
    -0.01807519    -0.01762128    -0.00045391
    -0.02699193    -0.02706759     0.00007566
    -0.00237055    -0.00209121    -0.00027934
    -0.00635029    -0.00668760     0.00033731
    -0.01383900    -0.01580321     0.00196421
     0.03637912     0.03686765    -0.00048853
     0.01584587     0.01781189    -0.00196602
     0.01367435     0.01572193    -0.00204758
    -0.00252369    -0.00222499    -0.00029871
    -0.00271847    -0.00241313    -0.00030534
    -0.00247822    -0.00218870    -0.00028952
    -0.00693703    -0.00657282    -0.00036421
    -0.00307617    -0.00278724    -0.00028893
    -0.04074018    -0.04013074    -0.00060944
    -0.01818221    -0.01769640    -0.00048581
    -0.00957267    -0.01034049     0.00076783
    -0.03792062    -0.03823520     0.00031458
     0.02508405     0.02449573     0.00058833
     0.01935296     0.02093394    -0.00158099
     0.02469488     0.02700046    -0.00230558
    -0.03021460    -0.03034721     0.00013261
    -0.02126047    -0.01985988    -0.00140060
     0.01860976     0.01965008    -0.00104032
    -0.00246647    -0.00294806     0.00048160
    -0.00209245    -0.00294468     0.00085224
     0.02941227     0.03022273    -0.00081046
    -0.00442699    -0.00410693    -0.00032007
    -0.00914556    -0.00983448     0.00068892
    -0.01251906    -0.01206388    -0.00045518
    -0.02743022    -0.02616066    -0.00126956
    -0.01993863    -0.02012680     0.00018817
    -0.02628794    -0.02665966     0.00037171
    -0.04161429    -0.04153441    -0.00007988
    -0.02050119    -0.01956009    -0.00094111
    -0.01299031    -0.01349062     0.00050032
    -0.01897156    -0.02034359     0.00137203
    -0.04834312    -0.04783399    -0.00050913
    -0.02102896    -0.02152616     0.00049720
    -0.01564905    -0.01425398    -0.00139507
    -0.01480182    -0.01436061    -0.00044122
    -0.00730762    -0.00785161     0.00054399
     0.00421855     0.00364943     0.00056913
    -0.02167518    -0.02202510     0.00034992
    -0.00695305    -0.00893203     0.00197898
     0.01038182     0.01219496    -0.00181314
     0.00208129     0.00224530    -0.00016401
    -0.01798352    -0.01829574     0.00031222
     0.00171655     0.00229336    -0.00057681
    -0.02100278    -0.02012663    -0.00087615
    -0.01701071    -0.01746042     0.00044971
     0.00540938     0.00531152     0.00009785
     0.00816872     0.00798917     0.00017955
     0.00861395     0.00857880     0.00003516
    -0.02447749    -0.02458240     0.00010492
     0.00495917     0.00403974     0.00091943
     0.02000948     0.01986455     0.00014493
     0.01771992     0.01750411     0.00021581
    -0.01299096    -0.01337293     0.00038197
     0.02228025     0.02219762     0.00008262
     0.01858883     0.01901451    -0.00042568
     0.00676015     0.00637135     0.00038881
    -0.04939397    -0.04987749     0.00048352
     0.01084273     0.01164691    -0.00080418
     0.03724022     0.03712634     0.00011388
     0.01208009     0.01247890    -0.00039881
    -0.01262140    -0.01337613     0.00075473
    -0.01262140    -0.01337613     0.00075473
     0.01419795     0.01409060     0.00010735
    -0.01992652    -0.02005933     0.00013281
     0.00248777     0.00228835     0.00019943
    -0.02165645    -0.02237279     0.00071633
     0.01447140     0.01490545    -0.00043405
     0.01794107     0.01782592     0.00011515
     0.01719847     0.01691236     0.00028611
     0.00122612     0.00246460    -0.00123848
     0.02547252     0.02526846     0.00020406
     0.00945688     0.00950271    -0.00004582
     0.01317292     0.01292300     0.00024993
     0.00852799     0.00842478     0.00010321
    -0.01423090    -0.01453451     0.00030361
    -0.01423090    -0.01453451     0.00030361
    -0.00003586     0.00042208    -0.00045795
    -0.01338806    -0.01408863     0.00070057
     0.01650131     0.01619702     0.00030429
     0.00176401     0.00181253    -0.00004853
    -0.02533489    -0.02517148    -0.00016341
     0.05814926     0.05840535    -0.00025608
     0.01562034     0.01535743     0.00026292
    -0.02451174    -0.02435248    -0.00015926
     0.02344634     0.02330112     0.00014522
     0.02079048     0.02050158     0.00028890
    -0.01556230    -0.01576509     0.00020279
     0.01630721     0.01588588     0.00042133
     0.00765484     0.00766141    -0.00000658
     0.01252924     0.01280158    -0.00027234
     0.00926303     0.00956366    -0.00030064
    -0.02133291    -0.02007333    -0.00125958
     0.05906621     0.05829379     0.00077242
    -0.01529087    -0.01569624     0.00040537
    -0.01529087    -0.01569624     0.00040537
    -0.01649824    -0.01677024     0.00027200
    -0.00066578    -0.00056033    -0.00010545
     0.01023186     0.01131381    -0.00108194
    -0.00650883    -0.00693637     0.00042754
    -0.00110633    -0.00134475     0.00023841
     0.01435218     0.01457491    -0.00022272
     0.05688921     0.05697853    -0.00008932
     0.00019464    -0.00015730     0.00035194
    -0.01560252    -0.01598071     0.00037819
    -0.01722821    -0.01762231     0.00039410
     0.00362994     0.00398402    -0.00035408
    -0.01663960    -0.01690253     0.00026293
     0.00341756     0.00295158     0.00046598
     0.05386908     0.05438617    -0.00051710
    -0.00123281    -0.00120845    -0.00002436
    -0.01706810    -0.01731420     0.00024611
    -0.01604941    -0.01583959    -0.00020983
    -0.01604941    -0.01583959    -0.00020983
     0.01452095     0.01500993    -0.00048898
     0.01055377     0.01070528    -0.00015151
     0.05108943     0.05213050    -0.00104107
     0.05976654     0.06017359    -0.00040705
    -0.01173404    -0.01229172     0.00055768
     0.00389376     0.00382799     0.00006577
     0.05968823     0.05929476     0.00039347
    -0.01610688    -0.01337372    -0.00273316
    -0.02800253    -0.02818279     0.00018026
    -0.02366144    -0.02449655     0.00083511
     0.00469225     0.00479835    -0.00010610
     0.05797171     0.05783232     0.00013939
    -0.01956673    -0.01978183     0.00021510
    -0.00427314    -0.00405912    -0.00021402
    -0.02039692    -0.02052274     0.00012582
    -0.01105008    -0.01095476    -0.00009532
    -0.02364912    -0.02378334     0.00013422
     0.05636096     0.05649042    -0.00012946
    -0.02247856    -0.02247633    -0.00000224
    -0.01445572    -0.01489022     0.00043450
    -0.02411974    -0.02426098     0.00014125
    -0.02700880    -0.02693763    -0.00007117
    -0.02334906    -0.02324527    -0.00010378
    -0.02647208    -0.02646754    -0.00000454
    -0.01675538    -0.01699383     0.00023845
     0.06032068     0.06031949     0.00000119
    -0.01737265    -0.01745381     0.00008116
    -0.01737265    -0.01745381     0.00008116
    -0.02888276    -0.02886126    -0.00002150
    -0.01876799    -0.01880175     0.00003376
    -0.01876799    -0.01880175     0.00003376
    -0.02089815    -0.02081779    -0.00008036
    -0.02089843    -0.02081779    -0.00008063
    -0.02761850    -0.02761569    -0.00000281
    -0.01513236    -0.01537626     0.00024389
    -0.01513236    -0.01537626     0.00024389
    -0.02895049    -0.02886815    -0.00008235
    -0.04490042    -0.04487103    -0.00002939
    -0.02251345    -0.02238838    -0.00012507
     0.00001864     0.00005017    -0.00003153
    -0.00006634    -0.00007597     0.00000963
    -0.00060722    -0.00046501    -0.00014221
    -0.00019282    -0.00019228    -0.00000054
    -0.00061185    -0.00043519    -0.00017666
    -0.00042760    -0.00038781    -0.00003979
    -0.00050657    -0.00051093     0.00000437
    -0.00065481    -0.00049115    -0.00016367
    -0.00042646    -0.00038355    -0.00004290
    -0.00050153    -0.00050237     0.00000084
    -0.00062975    -0.00053519    -0.00009456
    -0.00050502    -0.00050603     0.00000102
    -0.00002321     0.00007065    -0.00009386
    -0.00002373    -0.00001282    -0.00001091
    -0.00063217    -0.00046069    -0.00017149
    -0.00044825    -0.00042072    -0.00002754
    -0.00044689    -0.00041633    -0.00003057
    -0.00008144     0.00002144    -0.00010288
    -0.00008144     0.00002144    -0.00010288
    -0.00008144     0.00002144    -0.00010288
    -0.00008144     0.00002144    -0.00010288
    -0.00008172     0.00002144    -0.00010315
    -0.00008172     0.00002144    -0.00010315
    -0.00008172     0.00002144    -0.00010315
    -0.00008172     0.00002144    -0.00010315
    -0.00008172     0.00002144    -0.00010315
    -0.00008172     0.00002144    -0.00010315
    -0.00008172     0.00002144    -0.00010315
    -0.00008172     0.00002144    -0.00010315
    -0.00017173    -0.00016348    -0.00000825
    -0.00003761     0.00004117    -0.00007877
    -0.00003744     0.00004209    -0.00007953
    -0.00062543    -0.00047146    -0.00015397
     0.00005799     0.00022626    -0.00016827
     0.00005799     0.00022626    -0.00016827
     0.00005772     0.00022626    -0.00016854
     0.00005772     0.00022626    -0.00016854
     0.00005772     0.00022626    -0.00016854
     0.00005772     0.00022626    -0.00016854
     0.00005772     0.00022626    -0.00016854
     0.00005772     0.00022626    -0.00016854
     0.00005772     0.00022626    -0.00016854
     0.00005772     0.00022626    -0.00016854
     0.00005772     0.00022626    -0.00016854
     0.00005772     0.00022626    -0.00016854
    -0.00075035    -0.00065980    -0.00009056
    -0.00073713    -0.00071080    -0.00002633
    -0.00075327    -0.00066838    -0.00008488
    -0.00015026    -0.00013416    -0.00001610
    -0.00005431     0.00001331    -0.00006762
    -0.00072001    -0.00060926    -0.00011075
    -0.00064630    -0.00051359    -0.00013271
     0.00003007     0.00017439    -0.00014432
     0.00003007     0.00017439    -0.00014432
     0.00003007     0.00017439    -0.00014432
     0.00003007     0.00017439    -0.00014432
     0.00003007     0.00017439    -0.00014432
     0.00003007     0.00017439    -0.00014432
     0.00003007     0.00017439    -0.00014432
     0.00003007     0.00017439    -0.00014432
     0.00003007     0.00017439    -0.00014432
     0.00003007     0.00017439    -0.00014432
     0.00003007     0.00017439    -0.00014432
     0.00003007     0.00017439    -0.00014432
    -0.00064788    -0.00050417    -0.00014371
    -0.00012977    -0.00010448    -0.00002529
    -0.00004226     0.00007100    -0.00011326
    -0.00004253     0.00007100    -0.00011353
    -0.00004253     0.00007100    -0.00011353
    -0.00004253     0.00007100    -0.00011353
    -0.00004253     0.00007100    -0.00011353
    -0.00004253     0.00007100    -0.00011353
    -0.00004253     0.00007100    -0.00011353
    -0.00004253     0.00007100    -0.00011353
    -0.00004253     0.00007100    -0.00011353
    -0.00004253     0.00007100    -0.00011353
    -0.00004253     0.00007100    -0.00011353
    -0.00004253     0.00007100    -0.00011353
    -0.00069163    -0.00063786    -0.00005378
    -0.00072113    -0.00063057    -0.00009056
    -0.00011110    -0.00007682    -0.00003428
    -0.00011113    -0.00007570    -0.00003543
    -0.00069960    -0.00063156    -0.00006805
    -0.00070409    -0.00059132    -0.00011278
    -0.00009285    -0.00004672    -0.00004613
    -0.00071008    -0.00060699    -0.00010310
    -0.00067841    -0.00055556    -0.00012284
    -0.00000634     0.00012234    -0.00012868
    -0.00000634     0.00012234    -0.00012868
    -0.00000634     0.00012234    -0.00012868
    -0.00000634     0.00012234    -0.00012868
    -0.00000634     0.00012234    -0.00012868
    -0.00000634     0.00012234    -0.00012868
    -0.00000634     0.00012234    -0.00012868
    -0.00000634     0.00012234    -0.00012868
    -0.00000634     0.00012234    -0.00012868
    -0.00000634     0.00012234    -0.00012868
    -0.00000634     0.00012234    -0.00012868
    -0.00000634     0.00012234    -0.00012868
     0.00618640     0.00634432    -0.00015792
     0.00056034     0.00054188     0.00084948     0.00052219     0.00454016
