49	2	1
15	15	
1	1006
  0.0541809631474849	  0.1350028028743179	  0.1009364928437518	  0.0931962801806644	  0.0117280451946236	  0.0090713026159049	  0.0408391478179756	  0.0526118715173350	  0.0379842073505440	  0.0526134885998191	  0.0128659847729998	  0.0349129539349532	  0.0825621678476344	  0.0058852976934151	  0.0203860418256658	  0.0758779771393806	  0.0440680996006637	  0.0007897724327095	  0.0045851554252880	  0.0079545833900597	  0.0045853011665022	  0.0070930819106420	  0.0205697330956954	  0.0029067946150517	  0.0022483212685346	  0.0102086664641072	  0.0139561211776694	  0.0183609800691860	  0.0139684043933779	  0.0010210765243116	  0.0016708903674318	  0.0024439626793811	  0.0044361885623617	  0.0078155116658871	  0.0078155118472001	  0.0159225623761220	  0.0205691297660476	  0.0431028618665974	  0.0205703945282406	  0.0013025081019590	  0.0044984839831357	  0.0366508387676925	  0.0034150382289968	  0.0097431015471225	  0.0363341644234265	  0.0006385113082860	  0.0037951311731091	  0.0430452724340958	  0.0164377458978829	  0.0644996250176064
  0.0543114901574829	  0.1352772547050991	  0.7521877745223650	  0.2364262796499819	  0.0117280865259778	  0.0090713201471735	  0.0409397223443181	  0.0527183302154699	  0.1439678065205846	  0.0527200606868800	  0.0128989442564909	  0.0349768748562239	  0.1812265593328955	  0.0058853147307155	  0.0203860795078622	  0.2880390106873356	  0.0645829323486444	  0.0007897724353379	  0.0045851713664937	  0.0079739571032584	  0.0045853170722022	  0.0070930955362647	  0.0206110502308636	  0.0029068050516662	  0.0022483257875605	  0.0102340626211222	  0.0139813751154185	  0.0351374459893249	  0.0139936673681149	  0.0010210765297065	  0.0016708903744696	  0.0024439626845465	  0.0044362016900539	  0.0078155262748751	  0.0078155264873079	  0.0159613102922531	  0.0206104463666066	  0.1121248166629988	  0.0206117991418104	  0.0013025124040618	  0.0044984935591917	  0.0703460874920708	  0.0034220377034671	  0.0097561658322640	  0.0506165510842878	  0.0006385113105098	  0.0037951311782856	  0.1121934626580594	  0.0193760853814893	 -0.0041789478264338
                 -0.12592024014521868702
                 -0.00056344197424167456
                 -0.09578242282533834528
                  0.18254895091855208311
                 -0.16353832944820964612
                  0.31327547445559955630
                  0.00218541472592133140
                 -0.08428022319736054591
                 -0.19611451546703700943
                  0.24600728758621404069
                 -0.15395235629509787523
                  0.20871415698833725716
                 -0.10333228560921704775
                 -0.31905792753680495277
                  0.32152786819777096072
                 -0.17060108181849104048
                  0.22437046988377873369
                 -0.31048548300402056821
                  0.37052298395152249988
                  0.27319290383730110428
                 -0.03312257924180256330
                  0.21490841395779697320
                 -0.05521425344048092043
                  0.15986446875121865241
                  0.23476042566814092627
                 -0.28840886035761675865
                  0.07574900143340755621
                  0.16421207948225993722
                  0.21780974203518241317
                  0.01318664654424180072
                 -0.33019953214031588784
                 -0.28123000707248618779
                  0.26770340049347712830
                 -0.14789694559500848881
                 -0.17694916884035377658
                 -0.02239324348475103810
                  0.23174147485788537670
                 -0.27177489407664984222
                  0.30298728074195668825
                  0.33541011845462370689
                  0.14164612228361039836
                 -0.11461677577957199436
                  0.01815346027581054081
                 -0.06985066319104744903
                 -0.30932168412801835933
                 -0.00554630264008815904
                 -0.28828515455741637874
                 -0.05119126710186821388
                  0.05900023920239085701
                  0.27449011296256370374
                 -0.06389352249435721609
                  0.37809695809988669302
                 -0.52715174149090082700
                 -0.22290565094832140436
                  0.18017284350494039424
                  0.07574051359227471081
                  0.15678738729657271112
                 -0.06401183892515817375
                  0.00624303582748672592
                  0.21585809140977252341
                 -0.00057354550264035247
                  0.01386429429506747489
                  0.17959640444509197832
                  0.29482775490555884756
                  0.15099954880255103684
                  0.21040874895549571688
                  0.13093795166710653355
                 -0.22636369052960114701
                 -0.07824786155246644948
                  0.32057845955423430739
                  0.22685867116373595320
                  0.02207718296857624427
                  0.23665951332948464980
                 -0.18259498119374001357
                  0.26865536993017868905
                  0.17354497572701887975
                 -0.47366224229301728821
                 -0.06915025514632629211
                 -0.14381229153748265048
                 -0.12392067475072857108
                 -0.13954653027609104088
                 -0.14885556484915446473
                 -0.32158953506231130470
                  0.24989800069315357134
                 -0.11559072600579212153
                  0.12751221929683595468
                  0.16377163791167265172
                 -0.36716174886583757830
                 -0.24072781856676167545
                 -0.31090458648043095558
                 -0.16072165401230081860
                  0.01159158850071010695
                 -0.14763204096614201966
                 -0.03962483959342791989
                 -0.27309361402314424883
                 -0.12785497429640019229
                  0.27131928696880081020
                 -0.20968914903299226693
                 -0.00410276475689078882
                 -0.21729022141047121819
                  0.45612401358170073795
                 -0.51830407780862886025
                 -0.23260750010125508247
                 -0.27300311623125861349
                 -0.23775955993092051655
                  0.25134749817595986032
                  0.12511624678363253427
                 -0.03236706891242516898
                 -0.28862275693994554615
                 -0.35438043688046610979
                 -0.35467854827675426854
                  0.06963901949760424592
                  0.08598811291826059799
                  0.13120843906034079795
                  0.17010113018833544762
                  0.19733997737349404100
                  0.18992152297536687988
                  0.28279622297080930782
                  0.09563710102980652050
                 -0.06872002028202385537
                  0.18116674131128196468
                 -0.02688379300942156727
                  0.06426128408466844077
                 -0.17027055308679880929
                  0.20915777194062404321
                  0.25566281775874954985
                 -0.07535026574119570164
                  0.23838767000117652706
                  0.33092707371546969952
                 -0.27319654197518772332
                 -0.06556024026169414431
                 -0.22026912133331477683
                  0.13957947273327311888
                  0.31722323866502383227
                 -0.01256382795104973166
                 -0.10810080814754050027
                  0.14504193005826593321
                 -0.20405577218041226484
                  0.24589303324711173082
                 -0.37111219494254060747
                 -0.35259433683686425276
                  0.03442950918575149455
                 -0.29706454408286847579
                 -0.07535508919543307260
                  0.22527541714237983572
                  0.02371749013988272425
                 -0.21081191618592995396
                  0.07895787592551425926
                 -0.29818104481225105040
                 -0.13939704258386334534
                 -0.20498252269836472750
                  0.03522219279508602419
                  0.04388618796664365412
                 -0.10516134717074371308
                 -0.07924065896056850522
                 -0.14465447711148565757
                  0.13049194229539828882
                  0.21904791830835929067
                  0.34730335427103825596
                 -0.42880133288636607114
                  0.09295404805747682631
                 -0.34831033725604432227
                 -0.22057908062012379635
                  0.15552349071594009922
                  0.08474030738294317799
                 -0.24319567500075608968
                  0.04508700627470780403
                 -0.09431492489200056506
                 -0.03527635782055395242
                  0.28943339975441623180
                 -0.00618179211384439504
                 -0.09351316415664451265
                 -0.28412284503345391906
                  0.23281942905718722159
                  0.04888028410699022525
                 -0.04908342948823483931
                 -0.01917692329341031537
                  0.19383178186703342583
                  0.22770769865836262835
                  0.21635778920511555823
                 -0.13129394823710394125
                  0.21257058269371828518
                 -0.00760953157655134844
                 -0.27542891200877656077
                  0.46624072230383151183
                 -0.40861047818293938505
                 -0.19724656911531257553
                 -0.25989072682201030950
                 -0.10761225860061213178
                 -0.23873287462589098951
                 -0.11079530200449282107
                 -0.29526895639512440450
                 -0.07400592540338553349
                  0.42500906845076075191
                  0.10816538642549289317
                  0.16169060010343927480
                 -0.22397188336512252604
                  0.23578534152362715104
                 -0.33013391076343800989
                 -0.22394997736043162351
                 -0.31564095293248189966
                  0.31372638009711606433
                  0.05659932579749489545
                 -0.12319519502192691207
                  0.10999531347052961261
                 -0.25738608758875147764
                 -0.20921600147645716405
                 -0.03756078037948726300
                 -0.23675332408530655459
                  0.26330672410371541714
                 -0.04286880020797931290
                  0.06117100234288738031
                  0.32282486432057266867
                  0.05246458002791783842
                  0.18333466846753140866
                 -0.07209958899485260919
                  0.04574076950802198616
                  0.39890674851603158402
                  0.31116043026549011774
                 -0.06821516584655061555
                 -0.19780503123941986510
                 -0.09794727668996339176
                 -0.13203836348496789110
                 -0.27043365701179972183
                 -0.17591246735441964932
                  0.04454627403922241380
                 -0.03964033922208966276
                  0.12295822274025135223
                 -0.06193758317421631243
                 -0.28239522735393046693
                 -0.30528848926533919128
                 -0.13053258506250675630
                 -0.15825218362756396373
                 -0.01883972106322425594
                  0.14047025041756455721
                 -0.01342145387609712179
                 -0.02807645161254907970
                 -0.24291340026295069054
                 -0.00099253620297949305
                 -0.03955755442713512759
                 -0.02991786765396549017
                  0.23772460524181668329
                  0.28885296995310227874
                  0.28107230014000705864
                  0.29200471224535196058
                 -0.16125245669241530799
                 -0.29173778420099899522
                  0.30142372828351654546
                 -0.15367751358547318552
                  0.07345200230556747645
                 -0.17148018663879949219
                  0.26492823078317140340
                 -0.34212792419947174460
                 -0.24032859176328688622
                  0.20537339753780892160
                 -0.08602594980176900274
                 -0.01373502060534973618
                  0.19668895072362357901
                  0.01987068821043773414
                 -0.15497496021358581064
                  0.15393390205343018828
                 -0.07541122933333581357
                 -0.33450646797479355321
                  0.22627473708089676507
                 -0.25313040472955589122
                 -0.34271435528642263391
                 -0.21372693473287199262
                  0.26307383073841628107
                 -0.04639385756268082223
                 -0.06675526238630663522
                  0.14899240181670070360
                  0.21536538006963804048
                 -0.03255119684747701664
                 -0.16881955391879796546
                 -0.08069682114469987899
                  0.07868915288359117077
                  0.15663232971854501585
                  0.01911375559384890371
                  0.05584157222733540649
                 -0.24830282041425702499
                  0.12988770187081197238
                  0.14443113740940247136
                 -0.31171191184667013108
                 -0.26686330940729396932
                 -0.26718094866922642572
                  0.38741644297502486616
                 -0.32878690563177803696
                  0.05797752421592066580
                  0.20337704259017863606
                  0.32651441017188348459
                  0.34930167546533985590
                  0.43648868013786273901
                  0.19151196325546523958
                 -0.11016030311383677442
                 -0.04924790682504161937
                 -0.28374045273476811158
                  0.20629095479346795661
                 -0.02330296090722194097
                  0.10149070965612341788
                 -0.04025476174679977481
                  0.01869287076677551493
                  0.18366747517937606626
                 -0.15728309037766846634
                  0.28432889862081328625
                 -0.15281984634130671430
                  0.29884306933239540571
                 -0.30729932046786040400
                  0.15881579404382087373
                  0.14544907723745570394
                  0.31791705117846547068
                  0.30616301917791144405
                 -0.16360166710341622620
                 -0.12189013366623688284
                 -0.26173774471020944121
                  0.01007851665967492150
                 -0.29165962456457927843
                 -0.36436004344485195539
                 -0.25775218592600079859
                  0.29326228861155900773
                 -0.26253971916949236931
                  0.21455973751171461550
                 -0.25660501956386239097
                  0.14327618204961506398
                 -0.04189697728456791281
                  0.07544796644031573352
                 -0.25343430466502236964
                 -0.13308974813505877743
                  0.07492068492599514296
                  0.01724966203115154556
                  0.18721470520390223746
                  0.02194201433953265126
                 -0.16406800288070200189
                  0.23416738071671006072
                  0.08954435070047271628
                  0.18539570016490630744
                  0.15558239155474146154
                  0.00140188239989342926
                  0.31768693911196521640
                 -0.27441007987136289969
                  0.17388263424686531411
                  0.00179986981394282975
                 -0.25029565913226803353
                  0.19719608140894046011
                 -0.05113710622769232494
                 -0.13562564181382294470
                  0.24864624026365378384
                 -0.09193591291776691266
                  0.15804534843431275459
                  0.09308225847812393039
                 -0.31911027630590549364
                  0.32307478229920599810
                 -0.19169695526549446196
                 -0.10957980801699540585
                 -0.19688064611431421724
                 -0.27489239057612030459
                 -0.03857348216038570393
                 -0.28089663736831871343
                 -0.35591740661251852762
                  0.26285390232056299320
                  0.39928127661462980980
                 -0.25465455342773618552
                  0.14072944712718918336
                 -0.33646368754754518715
                  0.36288760574383022162
                  0.18508011759766559989
                 -0.20245303132773515009
                 -0.00021180236884164112
                  0.12362035429628734362
                 -0.01885293116378265396
                 -0.34873081178939785429
                  0.21472729314703276060
                  0.17869113146486109711
                  0.19708357637189491407
                  0.14385966477343847814
                 -0.01826828968325952540
                  0.09379699658536980178
                 -0.17569080622126914681
                 -0.19065047523499500937
                  0.06986584191617317696
                  0.06988330276349391523
                 -0.15442667378644805987
                  0.46188897000034029316
                 -0.16072027122091836482
                 -0.24429691192366920216
                 -0.04398583617498542236
                 -0.18963364278705735488
                 -0.09973207333754249837
                  0.15072830187892460874
                 -0.00985941621930258583
                 -0.18078746253501570829
                 -0.16152525064726014348
                  0.26226623209219068755
                  0.31349358145700056966
                  0.18263896212043195799
                 -0.18269673861533439196
                 -0.23253502240280546354
                 -0.11056453203696453569
                 -0.26780952775011757083
                 -0.19798828825648084884
                  0.29716462193541132164
                  0.09870614470523156325
                 -0.11793819147328769847
                  0.32717501732570086759
                 -0.24907954930515296965
                 -0.24343744380836229713
                 -0.25852552736855599624
                  0.26771084820950691308
                  0.04215858195077763076
                 -0.19409654795621508749
                 -0.13011913610869271785
                  0.32193297553058386473
                  0.24021737954688757166
                 -0.12331924632857094171
                 -0.01376003119234040645
                  0.16196254181065025679
                 -0.27250532433241814179
                  0.21995721199491652387
                  0.22086312148022432811
                 -0.21363722833451576077
                  0.01791279704650562341
                  0.08809331854253873995
                  0.15343146863240261779
                 -0.20939647862843560611
                 -0.28060092428374316942
                  0.23453108046021703403
                 -0.03570600256325295874
                 -0.23009884521049450701
                 -0.17989699906449785338
                 -0.11509179773040124906
                  0.21392306610187747373
                  0.30123029045204491316
                 -0.19331835695826748989
                 -0.12321390959583615465
                 -0.20105599629062642641
                  0.16315090327550482718
                  0.28528806555155977742
                  0.16814859331887813121
                 -0.11967132857311324479
                 -0.07909458785368626843
                 -0.03426777353938839643
                  0.28507352285481962761
                 -0.34091168605239696721
                  0.23798600796733107576
                  0.24200314285106383494
                  0.07207039766885885157
                 -0.32163985087468677238
                 -0.01034373534342624898
                  0.11731523145534436536
                 -0.27158113778462705801
                  0.15070266761908129860
                  0.22688375562362617099
                  0.18669020785375031735
                  0.22097614165308679390
                  0.37384483998947354300
                  0.08097391925163181792
                 -0.20076563470983657678
                 -0.28544055428153508602
                  0.36370641986136009738
                 -0.13628059014456836429
                  0.27516845474967921437
                  0.08759663484808934142
                 -0.14411821394327639645
                 -0.27444928499849197134
                  0.14262317112765565685
                 -0.00886058356143326967
                  0.15458443799442042610
                 -0.12924458428552199063
                  0.27936821994823063386
                 -0.16571623910565558280
                 -0.11894923752301124475
                  0.21597125055149124506
                  0.28459386450308810090
                  0.09662261337820568508
                  0.18590352010676711170
                 -0.17046374681834181031
                 -0.12892324422053733080
                  0.10862530497545311303
                  0.03270317935241402046
                  0.12707165206015746950
                 -0.21574019487929502192
                 -0.17625643133926513495
                  0.02668711166180577285
                  0.11058128499220223895
                 -0.33236740880711151958
                 -0.30170992663317136584
                 -0.07354367613880868904
                 -0.29297041039587240485
                  0.33960920216545714689
                  0.08779319008857565387
                 -0.09508171147396660139
                  0.10127299254992307154
                  0.24621125207055530315
                 -0.31192336735682746340
                  0.10430042395051206117
                 -0.24329196100548597381
                 -0.12120595715317754315
                 -0.14136858503050372948
                  0.21681272474237567316
                  0.38001741678864403573
                 -0.02730406652793112426
                 -0.17512177307368073653
                  0.28906236951098679411
                  0.31225352542131951106
                  0.20932986807941503238
                  0.22305113693853406698
                  0.13091707724192944151
                 -0.14726812434773653426
                  0.07507436597609755402
                  0.24793856159552876695
                 -0.08502975968340278912
                 -0.34782600194373619606
                 -0.17886905859863075352
                 -0.27430282783138393299
                  0.08999635435065042599
                 -0.17599715619689187962
                  0.20061253674530399316
                 -0.17127643671901993105
                  0.11139422378687512116
                 -0.08626876720332027348
                 -0.21945351056705031390
                 -0.11184025822433868447
                  0.01975802275789786608
                 -0.17913259131270631297
                 -0.31106017091427007326
                 -0.10649255486225467360
                 -0.16211677084528203219
                 -0.27119382792668084159
                 -0.05217345980339878342
                 -0.22404311934593665323
                  0.32093511543494290805
                  0.04602927099855676912
                  0.15493358557524591901
                  0.09661259155761361961
                  0.27561463157532761770
                 -0.07328254802963876657
                 -0.00930640910679377160
                  0.06580015950863055130
                 -0.23217320733595470106
                 -0.11568493780408017901
                  0.26377819287419568273
                  0.28619768337135825798
                  0.01348355765508245548
                  0.05838138160219753792
                  0.02241628469204110310
                  0.34951345939902772608
                 -0.29398696584834810297
                  0.17270542035539923620
                  0.35791189432664816117
                 -0.22816780584799267739
                 -0.26277354029553295911
                  0.41949402471656360714
                 -0.31938787406446811357
                 -0.08212106298859847553
                 -0.31173522131308412098
                  0.12127698688444123187
                 -0.23219897493367377961
                  0.08889488472621839832
                 -0.06589046719168151212
                 -0.10936617247731129920
                 -0.15986310159647210138
                 -0.18631796624794683126
                  0.10735101710897454463
                  0.13195327614832530472
                  0.38362374301534185594
                 -0.10931913098744018564
                  0.10966683216824667235
                  0.28586150312458002976
                  0.34904066610627704215
                 -0.20522525115687456632
                 -0.04535954890574422221
                  0.06002617439164373292
                 -0.23217434622597016292
                 -0.05000272293399614376
                 -0.01994794516744104879
                  0.02244118507879906341
                 -0.09291365519133708284
                 -0.06932394274108669152
                  0.19515428384319422062
                 -0.01301167793511350326
                  0.18406642518963531319
                 -0.25411184867955949329
                 -0.17005752941031732073
                  0.29928411605124932704
                 -0.24435873420478659845
                  0.17118253113740602989
                 -0.17128012806803913359
                  0.02003654946187365116
                  0.17109862034454931257
                  0.15486739808602892343
                  0.30054317926541351813
                  0.02884757592795971631
                 -0.15913818888146871733
                 -0.12606303018267026039
                  0.20747222605397019901
                  0.01603853532011159655
                 -0.33268619398584314828
                  0.11742706236689216814
                  0.31606945468791575182
                  0.08270414471266111789
                  0.05957465547598117528
                 -0.21203090292857462718
                  0.10210288643125291219
                  0.02799040715544982502
                 -0.24339491964455195472
                 -0.21215898659836651685
                 -0.30218024215034094970
                  0.39074686730395458145
                  0.17159889363083885572
                 -0.20899484322225414523
                  0.02221476053511226012
                  0.31078689945585197263
                  0.08441949253927774621
                  0.37126374149653545986
                  0.00078636313549169555
                 -0.03382871025656655761
                  0.07454848322830914809
                  0.33444064914996818327
                 -0.29435151933274789071
                 -0.00334616821115091972
                 -0.01375079881497056483
                 -0.00940065125068035093
                 -0.27217445045537630444
                 -0.21551557424238146354
                 -0.14213943810360421538
                 -0.28354134265480435140
                 -0.30911475280908434771
                  0.07632454380009164041
                 -0.12924309759888114035
                 -0.00979651662780776401
                  0.15506130865505074468
                  0.10206082959242029906
                 -0.23882293526247155846
                  0.21758372407225978762
                  0.41227068571239849915
                 -0.32159704992845783433
                 -0.16301866006579227020
                  0.07252176841728134871
                 -0.02600325797919782536
                 -0.09114962031589123048
                 -0.32809459279372915619
                  0.08850051661719238183
                  0.03161057911685306171
                 -0.08626425837018641962
                  0.10080312576318237183
                 -0.23269527536178896687
                  0.26301175152898181864
                  0.09390362953296221837
                  0.00669801811710287777
                 -0.17511812525156839060
                  0.10556463632759642557
                 -0.25730474786625839867
                  0.01411637033624072932
                  0.24345281665085219402
                  0.09007852149890320514
                  0.15449770872313189907
                 -0.32409585150637465478
                  0.27892205740589054441
                 -0.30848423771789851289
                 -0.19430613203699517721
                 -0.25135444190762673555
                 -0.08237164130201851675
                 -0.08145285939895148541
                 -0.09675802893416572681
                 -0.25088918164714091308
                  0.27702791321990583029
                 -0.32220811538113636185
                 -0.22032359053717995301
                 -0.00414493101278864354
                 -0.24395100450732021269
                  0.15088273386775827301
                 -0.24117065060130063459
                 -0.25571779430192353999
                  0.12470475567026374775
                  0.04319543823192643905
                  0.06304400066043047701
                  0.21282783813672334627
                  0.14822557829526636364
                  0.39664102558130359677
                 -0.01638560928212738632
                 -0.05321806438012583601
                 -0.18061322366817372798
                 -0.12041892340758279800
                  0.45551958261990743715
                 -0.13640749908735289031
                  0.18299309382027742488
                 -0.19300487885272435418
                 -0.13342494827316173089
                  0.18146143375151849164
                  0.24405220995421672558
                 -0.04415440714699411795
                  0.16902653746649007327
                 -0.15586604170047854701
                  0.18826221983249233349
                  0.16152220631302360854
                 -0.34125363547478526627
                  0.30319906376912419965
                  0.10746509713266363950
                  0.15046961317179655127
                 -0.25352430089461114315
                 -0.09719843972583726288
                 -0.04945009453592685150
                 -0.11493122617430695520
                 -0.18319140001345937674
                  0.08993139577317887934
                 -0.28798007092943916918
                  0.24575049290366343668
                 -0.14640320893158298432
                  0.28571862616172793992
                 -0.07603602057422974292
                  0.14597402766143519059
                  0.08411242760725277934
                  0.09272299153557338192
                 -0.21916102517621560697
                  0.23616389719420585735
                 -0.22924155303798290917
                 -0.09675368576422600786
                  0.31379144310611895019
                  0.15944450728989875699
                  0.07427185393900423427
                 -0.35060791420882014835
                  0.14125957530939228790
                  0.02861882976397391379
                  0.23057477356564728965
                  0.27141522654160449290
                 -0.10150635726784439095
                  0.19859112767743461458
                 -0.06224478980554185026
                 -0.37688467658743635136
                 -0.36805660441247806114
                 -0.09917793981354866562
                  0.26461774387280001530
                  0.12957826535184516215
                 -0.14059492277396448690
                  0.09454853750351879804
                 -0.30318214386767894375
                  0.52077696928953098876
                  0.48047937552431457808
                  0.17884394869393691052
                 -0.50456771776073428004
                 -0.28821328922688488339
                 -0.68663231434968263756
                  0.62095462868409756485
                 -0.40762699264757390472
                 -0.48925648091866685840
                 -0.62145583869731424453
                 -0.29532446642923648739
                  0.40951390339345028480
                  0.30804489793131983877
                  0.05271022873684668569
                 -0.03054116764537956677
                 -0.08290471035886355644
                  0.36334879415995502416
                  0.70683846650876813733
                 -0.73859086720323507969
                 -0.35837631094517702346
                 -0.30151124924904337821
                  0.34167098082527153080
                  0.26580805006298924287
                  0.34771755311954771761
                  0.08640834330983923617
                  0.03772750471348401691
                 -0.55946735972009564719
                 -0.24728263539905850910
                  0.54199968429126266223
                  0.47115461146942178017
                  0.32601840863618392063
                  0.20677026052763242125
                 -0.51645144453556957043
                 -0.19644765064981487002
                 -0.35916983658363854648
                  0.26150136769719878327
                 -0.45524776207492795299
                 -0.38082756692474956095
                  0.53170068284980176454
                  0.49661834664356507840
                  0.49949819934671502164
                 -0.41452486421986695087
                 -0.48727888821835851907
                 -0.27749635106100284387
                  0.56547583714778726360
                 -0.40087546582918465177
                 -0.36344113421108958928
                  0.53414855964129304144
                 -0.82153784308847677131
                 -0.31958646156979392261
                 -0.52035504175427405027
                 -0.03570473972771084220
                 -0.15336359181694692033
                  0.31721557223592566910
                  0.34261777367654261406
                  0.74933109249662011031
                  0.09948043140252334215
                  0.11650778357965130283
                 -0.37387480473693252003
                 -0.41846177709579757131
                 -0.31554692460139943666
                 -0.36880124929049196147
                 -0.55827876554934341424
                  0.00256035834915769103
                 -0.48981366894211625374
                  0.80338682520510640295
                  0.10289688438978844554
                  0.20315453527242360865
                 -0.32285507251490741520
                  0.35656654667282977611
                  0.05602576611114503530
                 -0.32517261091375626592
                  0.67199982191414586730
                 -0.25186703659935372190
                  0.51646807680248718597
                  0.17789280704646562303
                 -0.52409205836723271599
                  0.33815262690754238628
                 -0.36525470003092985749
                  0.59505280198781329570
                  0.57554887628124162813
                 -0.56920767597174759533
                  0.30814741671549683577
                  0.18740464458939687376
                  0.15599911272327979250
                  0.25203815007482022192
                  0.30423125334125444841
                 -0.02533934853610438076
                  0.48581465127444634078
                 -0.56714838003648693210
                  0.12085370247041239689
                 -0.55922594801016700661
                 -0.41924396944254815889
                 -0.56640789754329978756
                  0.63905615821302841351
                 -0.70454372709273693776
                  0.42547185473178839032
                 -0.44496090356311751579
                  0.05753705769476457482
                 -0.09205933403272456572
                  0.27687988433952365197
                 -0.10443379916453572609
                  0.06117186383950506262
                 -0.44920630572010805670
                  0.63029311828763900927
                  0.34752899096345407637
                 -0.47801230090754609492
                 -0.01572913618417012133
                 -0.57398977295228836848
                  0.65307643861224806692
                  0.12570379246351395808
                 -0.33242538856313108564
                  0.33354946544533603525
                 -0.21464072694360772364
                 -0.44027600614276840574
                  0.49440544144348264055
                 -0.33878936546345206349
                  0.73148974270378952500
                 -0.05098038827694112429
                  0.44598180760822109248
                 -0.46667856754926517748
                 -0.59088004022985141095
                  0.03207233581570360925
                  0.13646224234076725912
                 -0.15444843478602565678
                 -0.26359443115791386658
                 -0.62872330333402226543
                  0.52502272276065797829
                  0.42895762428113043407
                 -0.59627963303343278767
                  0.53488865474243363352
                 -0.02967588315197029064
                  0.51451314232294420581
                  0.29599184408845030658
                  0.35275768786776601216
                  0.49690321335406500980
                  0.33869577128140204714
                  0.11535098234346699564
                 -0.43021158775926948703
                 -0.25858848474465889744
                  0.50472403314621305803
                  0.55759014086517044717
                  0.28576444105682397012
                  0.50442985591366062970
                  0.57516605234713158445
                  0.26155666623776208102
                 -0.53604898698944636326
                  0.54813807377377454788
                  0.38298368184686731874
                  0.36007916477212309481
                  0.45801552506255638342
                 -0.30478836983755747125
                  0.54720215894173218629
                 -0.35804549666606144687
                 -0.17361321571505924921
                  0.10823963970419690772
                  0.49850113878895552233
                 -0.57523051674363501196
                  0.47146087342108394802
                 -0.33035756361074952725
                 -0.34796409558480495550
                 -0.39630298635684019226
                 -0.34748419537192593021
                  0.74103795733326749406
                 -0.51951833768441169070
                  0.08704309168108251282
                  0.64844313643157303062
                 -0.52271391681406642604
                 -0.58782018664544655184
                  0.34723459038574805424
                 -0.28515277170446873267
                  0.17358023233882657888
                  0.44095294428923365038
                  0.68504792740959674635
                  0.61867384836088079592
                 -0.44113004683998668920
                 -0.33249316911206316938
                 -0.10010723072359639652
                  0.08427053479965294913
                 -0.37304107709261014048
                 -0.36075648085574296697
                  0.57502370253095946850
                 -0.38114475750454712699
                 -0.38588838428172067552
                 -0.19978812184996372348
                 -0.31128606184765500453
                 -0.49247773304995889898
                  0.73073091477230855961
                  0.56711796700265093563
                 -0.54523084676522637348
                  0.47575517588028237714
                 -0.46088996067073023655
                 -0.22498247613900251851
                  0.35267293560451490331
                 -0.16641760968108279539
                  0.22860442629973884432
                 -0.89454712449244255801
                 -0.30914433867391694077
                 -0.78654647168541180768
                 -0.16813825269161117304
                 -0.42592047130134158550
                 -0.62561260580829025635
                  0.19602431171330619852
                 -0.14290118756588432447
                  0.72563943765251692763
                 -0.35132563455300058752
                 -0.67011351456188650300
                  0.20690684560817687587
                 -0.00504931280365772221
                 -0.06670420502507605487
                 -0.28441435294524275434
                  0.51910590434017767070
                  0.17649462068483343091
                 -0.35021062017692161650
                  0.28241828896319476350
                 -0.65242014208671694764
                  0.45449954082106630571
                 -0.19517246089118892027
                  0.13736025801014212222
                  0.68081636846793769369
                  0.42104952853005767066
                 -0.59178981880823966488
                 -0.02991407622148975140
                 -0.28790230579906123110
                 -0.64259756672811707556
                 -0.77208457439251998444
                 -0.75952287531494322437
                 -0.84880484759712493403
                 -0.45225645276998982514
                 -0.77278926759052701811
                  0.94087460094447772363
                  0.21431273475324372213
                  0.21143756387078216363
                 -0.61945219236292070608
                 -0.28292806396243197486
                  0.91431646249887787992
                 -0.49159745122549924901
                  0.34953070243820172358
                 -1.06759710191279300062
                 -0.61412551182895569468
