    -0.00078195    -0.00093100     0.00014905
     0.03039585     0.03029325     0.00010260
    -0.00259267    -0.00244663    -0.00014604
     0.02471656     0.02455890     0.00015766
    -0.00592648    -0.00598963     0.00006316
    -0.02022952    -0.02033517     0.00010565
    -0.00030341    -0.00050425     0.00020085
     0.03259769     0.03287751    -0.00027982
    -0.00096690    -0.00127066     0.00030375
    -0.00952545    -0.00966779     0.00014234
     0.02082338     0.02088129    -0.00005791
     0.01503903     0.01496986     0.00006916
    -0.00836549    -0.00864535     0.00027987
    -0.00070159    -0.00069128    -0.00001032
    -0.00162283    -0.00189210     0.00026927
    -0.00132362    -0.00086299    -0.00046062
    -0.02178163    -0.02166447    -0.00011716
    -0.00098293    -0.00107992     0.00009699
    -0.02882113    -0.02865264    -0.00016849
     0.00014779     0.00032698    -0.00017920
     0.02409740     0.02445226    -0.00035486
    -0.00244497    -0.00252931     0.00008434
    -0.01681275    -0.01661398    -0.00019877
    -0.00438052    -0.00433061    -0.00004991
    -0.00024322    -0.00055575     0.00031254
    -0.01070803    -0.01069445    -0.00001358
    -0.00023187    -0.00005730    -0.00017457
    -0.02017286    -0.02082047     0.00064761
     0.04359261     0.04368703    -0.00009442
    -0.01929802    -0.01946006     0.00016205
    -0.02246607    -0.02149836    -0.00096772
    -0.02559108    -0.02548649    -0.00010459
     0.00427458     0.00390476     0.00036982
    -0.00045549    -0.00028153    -0.00017396
     0.03403334     0.03385681     0.00017653
    -0.00635930    -0.00680050     0.00044120
    -0.00515356    -0.00542932     0.00027576
    -0.00642787    -0.00655078     0.00012291
    -0.00178787    -0.00200395     0.00021608
    -0.01569887    -0.01571902     0.00002014
     0.02822648     0.02773353     0.00049295
     0.00391640     0.00395611    -0.00003971
    -0.02374751    -0.02404169     0.00029418
     0.01960232     0.01949429     0.00010803
    -0.00066978    -0.00086228     0.00019250
    -0.01461104    -0.01486512     0.00025408
     0.00979131     0.00976501     0.00002630
     0.01354909     0.01345789     0.00009120
    -0.00075193    -0.00078364     0.00003171
     0.03313729     0.03312559     0.00001170
     0.01794338     0.01783980     0.00010358
    -0.02040751    -0.02084583     0.00043832
    -0.01384831    -0.01427882     0.00043051
    -0.01055258    -0.01064207     0.00008949
     0.01305989     0.01297680     0.00008308
    -0.04271480    -0.04273631     0.00002151
    -0.00045770    -0.00039701    -0.00006069
    -0.02018862    -0.02069941     0.00051079
    -0.00054425    -0.00021601    -0.00032824
     0.00595524     0.00600119    -0.00004596
     0.02194639     0.02185412     0.00009227
    -0.00819860    -0.00801442    -0.00018418
    -0.02827151    -0.02821870    -0.00005281
     0.03090775     0.03077289     0.00013487
    -0.00573287    -0.00569872    -0.00003415
    -0.00160387    -0.00158364    -0.00002023
    -0.00199740    -0.00269772     0.00070032
    -0.00681019    -0.00716730     0.00035711
    -0.01344615    -0.01329178    -0.00015437
    -0.02367608    -0.02358902    -0.00008706
     0.03156113     0.03215871    -0.00059758
    -0.02061848    -0.02078127     0.00016279
     0.02064786     0.02083593    -0.00018806
     0.02129043     0.02182134    -0.00053090
     0.01153700     0.01149035     0.00004665
    -0.00057283    -0.00055690    -0.00001593
     0.00014387     0.00032014    -0.00017627
    -0.01402548    -0.01427852     0.00025304
     0.02782960     0.02769715     0.00013245
    -0.00065920    -0.00073858     0.00007938
    -0.01846557    -0.01827470    -0.00019086
    -0.00002822     0.00000111    -0.00002933
     0.02134611     0.02101245     0.00033366
     0.02835582     0.02769926     0.00065656
    -0.00049280    -0.00038963    -0.00010316
    -0.00013910    -0.00048599     0.00034689
    -0.02003166    -0.02023040     0.00019874
     0.00674872     0.00687155    -0.00012283
    -0.01022351    -0.01001161    -0.00021190
    -0.00455818    -0.00459444     0.00003626
     0.02967255     0.02947369     0.00019886
    -0.00474507    -0.00502164     0.00027657
     0.02545579     0.02445852     0.00099727
     0.02731150     0.02702267     0.00028883
    -0.00007951    -0.00059708     0.00051756
    -0.01181937    -0.01218215     0.00036277
    -0.02093005    -0.02076440    -0.00016565
     0.03899569     0.03871663     0.00027905
     0.03439734     0.03432024     0.00007711
    -0.02353886    -0.02344564    -0.00009322
    -0.02468696    -0.02468707     0.00000011
    -0.02468696    -0.02468707     0.00000011
    -0.02338383    -0.02352875     0.00014491
    -0.04761255    -0.04719458    -0.00041797
    -0.02255435    -0.02276007     0.00020572
    -0.02663336    -0.02661675    -0.00001661
    -0.02663363    -0.02661675    -0.00001689
    -0.02564562    -0.02563978    -0.00000584
    -0.02564589    -0.02563978    -0.00000611
    -0.02427411    -0.02437070     0.00009660
    -0.03333202    -0.03346830     0.00013629
    -0.02495007    -0.02497131     0.00002124
    -0.02568910    -0.02571052     0.00002142
    -0.03734385    -0.03737638     0.00003254
    -0.03309321    -0.03321657     0.00012336
    -0.02635953    -0.02666324     0.00030371
    -0.02512612    -0.02520890     0.00008278
    -0.02419568    -0.02436388     0.00016820
    -0.03190130    -0.03225626     0.00035496
    -0.03259905    -0.03280540     0.00020635
    -0.03259905    -0.03280540     0.00020635
    -0.02342198    -0.02361737     0.00019539
    -0.02349943    -0.02369012     0.00019069
    -0.02702893    -0.02708595     0.00005702
    -0.02647268    -0.02644150    -0.00003118
    -0.02647268    -0.02644150    -0.00003118
    -0.02647268    -0.02644150    -0.00003118
    -0.02647268    -0.02644150    -0.00003118
    -0.02647268    -0.02644150    -0.00003118
    -0.02647268    -0.02644150    -0.00003118
    -0.02647295    -0.02644150    -0.00003146
    -0.02647295    -0.02644150    -0.00003146
    -0.02647295    -0.02644150    -0.00003146
    -0.02647295    -0.02644150    -0.00003146
    -0.02647295    -0.02644150    -0.00003146
    -0.02647295    -0.02644150    -0.00003146
    -0.02369459    -0.02377933     0.00008475
    -0.05104764    -0.05013592    -0.00091171
    -0.02706406    -0.02734869     0.00028463
    -0.02442285    -0.02459318     0.00017033
    -0.02545658    -0.02563750     0.00018092
    -0.04168126    -0.04200520     0.00032395
    -0.03406988    -0.03407466     0.00000478
    -0.02765167    -0.02786089     0.00020923
    -0.02765167    -0.02786089     0.00020923
    -0.02456614    -0.02470443     0.00013829
    -0.02675287    -0.02693224     0.00017936
    -0.02675287    -0.02693224     0.00017936
    -0.02664139    -0.02676899     0.00012761
    -0.02718913    -0.02717184    -0.00001728
    -0.02708472    -0.02734172     0.00025700
    -0.03614956    -0.03599077    -0.00015879
    -0.02707334    -0.02705739    -0.00001595
    -0.03270436    -0.03296678     0.00026242
    -0.03270436    -0.03296678     0.00026242
    -0.02516321    -0.02523620     0.00007299
    -0.02773039    -0.02792716     0.00019677
    -0.02773039    -0.02792716     0.00019677
    -0.02593732    -0.02596156     0.00002424
    -0.03990035    -0.03993977     0.00003941
    -0.02631243    -0.02648406     0.00017163
    -0.03367485    -0.03318557    -0.00048928
    -0.04464276    -0.04454694    -0.00009582
    -0.03156880    -0.03186543     0.00029663
    -0.03025914    -0.03051153     0.00025239
    -0.03025914    -0.03051153     0.00025239
    -0.03357673    -0.03366732     0.00009060
    -0.06867857    -0.06870675     0.00002817
    -0.06777222    -0.06784182     0.00006960
    -0.03328924    -0.03318254    -0.00010670
    -0.02801420    -0.02811994     0.00010573
    -0.04156169    -0.04172251     0.00016082
    -0.03329574    -0.03339271     0.00009697
    -0.03475754    -0.03476573     0.00000820
    -0.02942702    -0.02946763     0.00004061
    -0.02986885    -0.02993417     0.00006532
    -0.03295288    -0.03303641     0.00008353
    -0.03295302    -0.03303641     0.00008340
    -0.03278504    -0.03286910     0.00008406
    -0.02990352    -0.02993915     0.00003563
    -0.03230936    -0.03238598     0.00007662
    -0.03028290    -0.03031315     0.00003025
    -0.03045909    -0.03049071     0.00003162
    -0.03162877    -0.03169077     0.00006199
    -0.03095829    -0.03098417     0.00002588
    -0.03156888    -0.03160329     0.00003441
    -0.03673553    -0.03664923    -0.00008631
    -0.06949418    -0.06962963     0.00013545
    -0.03288330    -0.03290194     0.00001864
    -0.03288330    -0.03290194     0.00001864
    -0.03288330    -0.03290194     0.00001864
    -0.03288330    -0.03290194     0.00001864
    -0.03288330    -0.03290194     0.00001864
    -0.03288330    -0.03290194     0.00001864
    -0.03288330    -0.03290194     0.00001864
    -0.03288330    -0.03290194     0.00001864
    -0.03288330    -0.03290194     0.00001864
    -0.03288330    -0.03290194     0.00001864
    -0.03288330    -0.03290194     0.00001864
    -0.03288330    -0.03290194     0.00001864
    -0.00246285    -0.00235998    -0.00010287
    -0.00246285    -0.00235998    -0.00010287
    -0.00246285    -0.00235998    -0.00010287
    -0.00246285    -0.00235998    -0.00010287
    -0.00246285    -0.00235998    -0.00010287
    -0.00246285    -0.00235998    -0.00010287
    -0.00246285    -0.00235998    -0.00010287
    -0.00246285    -0.00235998    -0.00010287
    -0.00246285    -0.00235998    -0.00010287
    -0.00246285    -0.00235998    -0.00010287
    -0.00246285    -0.00235998    -0.00010287
    -0.00475271    -0.00484190     0.00008918
    -0.00381071    -0.00381567     0.00000496
    -0.00414574    -0.00412075    -0.00002499
    -0.01144544    -0.01138263    -0.00006280
     0.02332380     0.02333184    -0.00000803
    -0.00605170    -0.00607737     0.00002566
    -0.00687790    -0.00691112     0.00003323
    -0.01449997    -0.01458405     0.00008408
    -0.00649710    -0.00649328    -0.00000382
    -0.01538891    -0.01545712     0.00006821
    -0.00226807    -0.00220451    -0.00006356
    -0.00226807    -0.00220451    -0.00006356
    -0.00226807    -0.00220451    -0.00006356
    -0.00226780    -0.00220451    -0.00006329
    -0.00226780    -0.00220451    -0.00006329
    -0.00226780    -0.00220451    -0.00006329
    -0.00226780    -0.00220451    -0.00006329
    -0.00226780    -0.00220451    -0.00006329
    -0.00226780    -0.00220451    -0.00006329
    -0.00226780    -0.00220451    -0.00006329
    -0.00226780    -0.00220451    -0.00006329
    -0.00226780    -0.00220451    -0.00006329
    -0.00978497    -0.00962514    -0.00015983
    -0.03018575    -0.03005758    -0.00012818
    -0.00728386    -0.00733791     0.00005405
    -0.01604941    -0.01605359     0.00000418
    -0.01604941    -0.01605359     0.00000418
    -0.01331663    -0.01344413     0.00012750
    -0.00676149    -0.00680700     0.00004551
    -0.00326392    -0.00333211     0.00006818
     0.04010009     0.04012164    -0.00002155
    -0.00663351    -0.00666405     0.00003054
    -0.04013609    -0.03996810    -0.00016799
    -0.00740713    -0.00734097    -0.00006616
    -0.00492668    -0.00495400     0.00002732
    -0.01289695    -0.01288656    -0.00001039
    -0.01010212    -0.00992067    -0.00018145
    -0.01167581    -0.01149309    -0.00018272
    -0.03807393    -0.03783570    -0.00023822
    -0.00454144    -0.00457091     0.00002947
    -0.01174707    -0.01159704    -0.00015003
    -0.01768727    -0.01775228     0.00006501
    -0.03570547    -0.03544810    -0.00025737
     0.02899809     0.02878693     0.00021116
     0.02873648     0.02837455     0.00036193
    -0.01772321    -0.01767113    -0.00005208
    -0.01772321    -0.01767113    -0.00005208
    -0.01602035    -0.01596893    -0.00005142
    -0.00347228    -0.00359326     0.00012097
    -0.02133291    -0.02145673     0.00012382
    -0.03144232    -0.03125427    -0.00018805
     0.02840741     0.02776924     0.00063816
     0.02136097     0.02135396     0.00000700
     0.02818177     0.02846815    -0.00028638
     0.02289427     0.02288509     0.00000918
     0.04766229     0.04745460     0.00020770
    -0.05618381    -0.05594395    -0.00023987
     0.04882457     0.04880610     0.00001848
    -0.01842717    -0.01835674    -0.00007043
    -0.01842690    -0.01835674    -0.00007016
    -0.02364147    -0.02354879    -0.00009268
    -0.02398564    -0.02386249    -0.00012315
    -0.03361874    -0.03357775    -0.00004099
    -0.01955206    -0.01950461    -0.00004745
    -0.00019380    -0.00007526    -0.00011854
     0.02604674     0.02601107     0.00003567
    -0.01676371    -0.01651067    -0.00025304
    -0.00188338    -0.00193287     0.00004948
    -0.00981833    -0.00958882    -0.00022951
    -0.00919157    -0.00907435    -0.00011722
    -0.03809042    -0.03803765    -0.00005277
    -0.01142788    -0.01122799    -0.00019989
    -0.03643199    -0.03663165     0.00019966
     0.01825979     0.01836094    -0.00010115
    -0.03876126    -0.03857105    -0.00019021
     0.05312329     0.05315922    -0.00003593
     0.01851672     0.01864751    -0.00013079
    -0.04308466    -0.04290566    -0.00017900
     0.01104012     0.01110099    -0.00006087
    -0.00069756    -0.00090434     0.00020678
    -0.03427456    -0.03431022     0.00003565
     0.02466241     0.02490783    -0.00024542
     0.02287517     0.02304610    -0.00017093
     0.03297130     0.03248543     0.00048587
    -0.03116180    -0.03146046     0.00029866
    -0.03878335    -0.03874519    -0.00003816
    -0.04133355    -0.04136137     0.00002781
    -0.04318812    -0.04292360    -0.00026451
    -0.05506420    -0.05421304    -0.00085116
    -0.01120774    -0.01160855     0.00040081
     0.00373316     0.00380853    -0.00007538
     0.06027646     0.06023702     0.00003944
    -0.02489445    -0.02443705    -0.00045740
    -0.03005038    -0.02993627    -0.00011411
    -0.01628035    -0.01622822    -0.00005214
    -0.01208986    -0.01209209     0.00000223
    -0.04455347    -0.04460267     0.00004919
    -0.02773515    -0.02777002     0.00003487
    -0.02499714    -0.02524303     0.00024589
    -0.03417867    -0.03408871    -0.00008996
     0.02469017     0.02467490     0.00001527
    -0.02076536    -0.02074352    -0.00002184
    -0.02565163    -0.02581291     0.00016128
    -0.02805791    -0.02786469    -0.00019322
     0.02348237     0.02350715    -0.00002478
    -0.04610433    -0.04611940     0.00001507
    -0.02845571    -0.02853844     0.00008273
    -0.02233549    -0.02227008    -0.00006541
    -0.02267498    -0.02252031    -0.00015467
    -0.01701484    -0.01696764    -0.00004720
    -0.01228926    -0.01229720     0.00000794
    -0.02202819    -0.02212460     0.00009641
    -0.02783126    -0.02783284     0.00000158
     0.05242606     0.05274287    -0.00031681
    -0.01938621    -0.01941411     0.00002790
    -0.02884363    -0.02902195     0.00017832
    -0.01248638    -0.01249798     0.00001160
    -0.01505141    -0.01508754     0.00003614
    -0.02374395    -0.02373442    -0.00000953
    -0.01789445    -0.01787587    -0.00001858
     0.00491857     0.00482347     0.00009510
     0.04809811     0.04817788    -0.00007977
    -0.01638887    -0.01624028    -0.00014860
    -0.01489086    -0.01506660     0.00017574
    -0.00795533    -0.00755053    -0.00040480
    -0.01268151    -0.01269432     0.00001281
     0.00116165     0.00164279    -0.00048113
    -0.03056299    -0.03071339     0.00015040
    -0.01789720    -0.01833467     0.00043747
    -0.00082622    -0.00119009     0.00036387
    -0.02147367    -0.02152872     0.00005505
     0.01642659     0.01636283     0.00006375
    -0.00245368    -0.00245095    -0.00000273
    -0.01893366    -0.01844987    -0.00048378
    -0.01287428    -0.01288610     0.00001182
     0.06080115     0.06092522    -0.00012407
     0.05047788     0.05049188    -0.00001400
     0.00188278     0.00187268     0.00001010
     0.04510255     0.04494355     0.00015900
    -0.03132578    -0.03143909     0.00011332
    -0.00963316    -0.00962210    -0.00001106
    -0.03513768    -0.03525481     0.00011713
    -0.01306476    -0.01307320     0.00000844
     0.02515927     0.02514330     0.00001596
    -0.02763022    -0.02817579     0.00054557
     0.05274549     0.05286978    -0.00012429
     0.03525537     0.03580414    -0.00054877
    -0.02706717    -0.02711225     0.00004509
    -0.03765770    -0.03721734    -0.00044036
    -0.01325344    -0.01325549     0.00000205
     0.00058551     0.00009939     0.00048612
     0.01010669     0.01010480     0.00000189
    -0.02529900    -0.02527332    -0.00002568
     0.05648643     0.05642013     0.00006630
    -0.03537888    -0.03546347     0.00008459
    -0.02683851    -0.02706831     0.00022980
     0.02030190     0.01981072     0.00049118
     0.03474176     0.03520492    -0.00046316
    -0.00887733    -0.00880318    -0.00007416
     0.03534838     0.03539089    -0.00004251
     0.05478169     0.05482947    -0.00004778
    -0.03088201    -0.03079991    -0.00008210
    -0.00114987    -0.00157523     0.00042536
    -0.03568515    -0.03585360     0.00016845
    -0.03117644    -0.03107569    -0.00010075
    -0.02619991    -0.02592895    -0.00027096
     0.04772572     0.04802206    -0.00029634
    -0.01968295    -0.01994213     0.00025918
    -0.01421770    -0.01411288    -0.00010483
    -0.01584750    -0.01583335    -0.00001415
     0.06033891     0.05977380     0.00056511
    -0.02308347    -0.02332338     0.00023990
     0.05390684     0.05393465    -0.00002781
     0.05203029     0.05218862    -0.00015833
    -0.02366144    -0.02320632    -0.00045513
     0.04616531     0.04619381    -0.00002850
     0.04715559     0.04739873    -0.00024314
    -0.02605866    -0.02590637    -0.00015228
    -0.02438420    -0.02447171     0.00008751
     0.04762423     0.04777859    -0.00015436
    -0.02729327    -0.02731868     0.00002541
    -0.02876611    -0.02874046    -0.00002565
     0.03698800     0.03695123     0.00003677
    -0.02764584    -0.02768369     0.00003785
    -0.02415280    -0.02419405     0.00004125
     0.04791702     0.04767339     0.00024363
     0.04562843     0.04514230     0.00048613
     0.05745499     0.05660227     0.00085272
    -0.05612806    -0.05615508     0.00002703
     0.00022276     0.00019098     0.00046244     0.00034940     0.00099727
