     0.00013105     0.00021585    -0.00008480
     0.02248545     0.02254746    -0.00006201
    -0.01472814    -0.01492104     0.00019290
     0.03938440     0.03916345     0.00022095
    -0.00835920    -0.00838159     0.00002239
     0.01503587     0.01495175     0.00008411
     0.00008727     0.00004242     0.00004485
    -0.02133286    -0.02144272     0.00010987
    -0.02912807    -0.02914521     0.00001714
    -0.01862652    -0.01862045    -0.00000607
     0.01521862     0.01517927     0.00003935
     0.00163704     0.00142902     0.00020802
    -0.00086611    -0.00092326     0.00005715
     0.02370240     0.02373792    -0.00003552
    -0.00005693     0.00009691    -0.00015383
    -0.01545324    -0.01536422    -0.00008902
     0.02800090     0.02794540     0.00005550
     0.01375955     0.01352134     0.00023820
    -0.02915009    -0.02913164    -0.00001845
     0.01361105     0.01355813     0.00005292
     0.02544344     0.02533701     0.00010642
    -0.00275083    -0.00286341     0.00011258
     0.03055158     0.03074203    -0.00019045
     0.01867354     0.01864924     0.00002430
     0.04042456     0.04048950    -0.00006494
     0.02956705     0.02946433     0.00010272
     0.04064772     0.04057986     0.00006786
     0.00783462     0.00752260     0.00031202
    -0.00106399    -0.00127889     0.00021489
    -0.00287785    -0.00289396     0.00001611
    -0.00785737    -0.00790086     0.00004349
     0.03260876     0.03247416     0.00013460
    -0.01014865    -0.01024208     0.00009343
    -0.01674700    -0.01683440     0.00008740
     0.01755034     0.01770734    -0.00015700
     0.03207763     0.03203995     0.00003768
     0.03335830     0.03366783    -0.00030953
    -0.01619026    -0.01626603     0.00007577
    -0.01555860    -0.01550775    -0.00005085
     0.02413010     0.02415395    -0.00002385
    -0.00133532    -0.00128894    -0.00004638
    -0.01508177    -0.01507190    -0.00000988
    -0.00062769    -0.00061796    -0.00000973
     0.04314458     0.04309870     0.00004588
    -0.00200785    -0.00203686     0.00002901
    -0.00702680    -0.00693044    -0.00009636
    -0.00672682    -0.00664916    -0.00007766
    -0.00113961    -0.00137172     0.00023210
    -0.00016931    -0.00043793     0.00026862
    -0.03058620    -0.03063339     0.00004720
    -0.01978553    -0.01984149     0.00005595
     0.00390677     0.00398927    -0.00008251
    -0.02415895    -0.02404045    -0.00011850
    -0.00141415    -0.00138101    -0.00003313
    -0.00150210    -0.00147715    -0.00002494
    -0.00046861    -0.00041129    -0.00005732
    -0.00948352    -0.00938633    -0.00009719
    -0.00063144    -0.00065387     0.00002243
     0.02863800     0.02874179    -0.00010379
    -0.02603109    -0.02614123     0.00011014
     0.03337656     0.03334090     0.00003566
     0.00847001     0.00840726     0.00006274
     0.00721630     0.00707695     0.00013934
     0.01381827     0.01377763     0.00004064
    -0.01201883    -0.01210495     0.00008612
     0.00003924    -0.00018005     0.00021929
    -0.00226382    -0.00236553     0.00010171
     0.00662306     0.00655768     0.00006538
     0.00540130     0.00556626    -0.00016496
    -0.01086975    -0.01094223     0.00007247
    -0.00046297    -0.00039845    -0.00006453
    -0.00915903    -0.00916281     0.00000378
     0.02074457     0.02064128     0.00010329
    -0.01618160    -0.01627173     0.00009013
     0.00505637     0.00503590     0.00002046
    -0.00045593    -0.00038421    -0.00007172
    -0.01848072    -0.01847698    -0.00000374
    -0.00072581    -0.00097263     0.00024682
     0.02089919     0.02086333     0.00003586
     0.01791889     0.01806110    -0.00014222
    -0.00573270    -0.00582547     0.00009276
     0.01941832     0.01941806     0.00000026
    -0.03183324    -0.03182895    -0.00000430
     0.02524346     0.02527562    -0.00003216
     0.01616871     0.01607496     0.00009375
     0.03466148     0.03470128    -0.00003980
     0.02785445     0.02783493     0.00001952
    -0.01749445    -0.01749907     0.00000463
     0.00298199     0.00330982    -0.00032783
     0.01512031     0.01517731    -0.00005700
     0.02495826     0.02498742    -0.00002916
     0.01682347     0.01683597    -0.00001250
    -0.02238700    -0.02241777     0.00003077
     0.02828273     0.02823872     0.00004400
     0.03404215     0.03424705    -0.00020489
     0.01266883     0.01260868     0.00006015
    -0.00046798    -0.00040874    -0.00005924
     0.00920899     0.00916908     0.00003991
     0.03655798     0.03658191    -0.00002393
     0.00619568     0.00600044     0.00019524
    -0.00361196    -0.00360116    -0.00001079
    -0.00463960    -0.00463266    -0.00000693
    -0.00867091    -0.00862541    -0.00004549
    -0.00867118    -0.00862541    -0.00004577
    -0.00893981    -0.00889997    -0.00003985
    -0.00808837    -0.00805598    -0.00003239
    -0.01001722    -0.00996084    -0.00005638
    -0.00585467    -0.00586662     0.00001195
    -0.00891763    -0.00886429    -0.00005335
    -0.00455508    -0.00455578     0.00000070
    -0.00611478    -0.00606827    -0.00004650
    -0.00781340    -0.00776802    -0.00004537
    -0.00544089    -0.00544713     0.00000624
    -0.00429330    -0.00428289    -0.00001041
    -0.00567208    -0.00568856     0.00001649
    -0.01211699    -0.01223705     0.00012006
    -0.00433075    -0.00432678    -0.00000397
    -0.01094752    -0.01092321    -0.00002431
    -0.03422022    -0.03433576     0.00011554
    -0.00693346    -0.00700446     0.00007100
    -0.02450617    -0.02459801     0.00009184
    -0.00440288    -0.00439756    -0.00000532
    -0.00480159    -0.00478875    -0.00001283
    -0.00630354    -0.00633080     0.00002725
    -0.00778556    -0.00787615     0.00009059
    -0.01037418    -0.01032491    -0.00004927
    -0.00795430    -0.00796988     0.00001558
    -0.00466085    -0.00465864    -0.00000221
    -0.01057690    -0.01053763    -0.00003927
    -0.01878446    -0.01881403     0.00002958
    -0.00562865    -0.00561401    -0.00001464
    -0.00502047    -0.00501595    -0.00000452
    -0.00731921    -0.00738859     0.00006938
    -0.01396905    -0.01405822     0.00008917
    -0.00686690    -0.00683838    -0.00002853
    -0.02438592    -0.02446065     0.00007473
    -0.01048574    -0.01043754    -0.00004821
    -0.03169354    -0.03179889     0.00010535
    -0.00549001    -0.00549563     0.00000563
    -0.00571137    -0.00570014    -0.00001123
    -0.01949715    -0.01951932     0.00002217
    -0.01094850    -0.01098403     0.00003553
    -0.00841934    -0.00839498    -0.00002436
    -0.00841950    -0.00839498    -0.00002452
    -0.00626265    -0.00628117     0.00001852
    -0.01084537    -0.01080840    -0.00003697
    -0.00906841    -0.00914894     0.00008053
    -0.01028207    -0.01025152    -0.00003055
    -0.01699286    -0.01696617    -0.00002668
    -0.01644292    -0.01649183     0.00004891
    -0.00944453    -0.00942169    -0.00002284
    -0.00947258    -0.00952121     0.00004863
    -0.00636357    -0.00637883     0.00001526
    -0.00661726    -0.00663441     0.00001715
    -0.00782316    -0.00784161     0.00001844
    -0.00798447    -0.00799881     0.00001434
    -0.01109977    -0.01106399    -0.00003578
    -0.00743848    -0.00744485     0.00000638
    -0.00791900    -0.00790996    -0.00000904
    -0.01626299    -0.01624682    -0.00001617
    -0.01359048    -0.01367165     0.00008117
    -0.00793721    -0.00795303     0.00001582
    -0.00837104    -0.00837459     0.00000355
    -0.00840990    -0.00841605     0.00000615
    -0.01651494    -0.01652219     0.00000724
    -0.01022517    -0.01019028    -0.00003489
    -0.00702184    -0.00703202     0.00001017
    -0.01029507    -0.01026114    -0.00003394
    -0.03047311    -0.03027569    -0.00019741
    -0.01085269    -0.01093626     0.00008357
    -0.01864614    -0.01861371    -0.00003243
    -0.01145975    -0.01142877    -0.00003098
    -0.01119615    -0.01116604    -0.00003011
    -0.00846625    -0.00847384     0.00000759
    -0.00801764    -0.00802943     0.00001178
    -0.00888648    -0.00886440    -0.00002208
    -0.01569887    -0.01568384    -0.00001504
    -0.00865929    -0.00866462     0.00000533
    -0.02532849    -0.02539576     0.00006727
    -0.01228872    -0.01234473     0.00005601
    -0.01900661    -0.01900562    -0.00000099
    -0.01073367    -0.01070461    -0.00002905
    -0.01273253    -0.01279580     0.00006326
    -0.01513231    -0.01517429     0.00004198
    -0.01690129    -0.01688700    -0.00001429
    -0.01799130    -0.01796978    -0.00002152
    -0.01756253    -0.01755894    -0.00000358
    -0.01969966    -0.01968916    -0.00001049
    -0.01501282    -0.01502874     0.00001592
    -0.01471695    -0.01475291     0.00003596
    -0.00851882    -0.00852271     0.00000389
    -0.00903168    -0.00903276     0.00000108
    -0.01107365    -0.01105152    -0.00002213
    -0.01860159    -0.01859084    -0.00001075
    -0.01849427    -0.01848097    -0.00001330
    -0.00949332    -0.00948134    -0.00001198
    -0.01890127    -0.01879701    -0.00010426
    -0.03255078    -0.03256648     0.00001570
    -0.01214180    -0.01206194    -0.00007986
    -0.02514811    -0.02506166    -0.00008645
    -0.00199813    -0.00201564     0.00001750
    -0.00199813    -0.00201564     0.00001750
    -0.00199813    -0.00201564     0.00001750
    -0.00199813    -0.00201564     0.00001750
    -0.00199813    -0.00201564     0.00001750
    -0.00199813    -0.00201564     0.00001750
    -0.00199813    -0.00201564     0.00001750
    -0.00199813    -0.00201564     0.00001750
     0.01749151     0.01750134    -0.00000983
    -0.00324942    -0.00325956     0.00001014
    -0.00481584    -0.00479639    -0.00001945
    -0.00433665    -0.00427495    -0.00006170
    -0.01162019    -0.01168178     0.00006160
    -0.05506420    -0.05501906    -0.00004514
    -0.00475271    -0.00473150    -0.00002122
    -0.00331184    -0.00330321    -0.00000863
    -0.00351593    -0.00352624     0.00001031
     0.03303740     0.03304240    -0.00000500
    -0.00345293    -0.00344388    -0.00000905
    -0.00366341    -0.00366427     0.00000085
    -0.00360031    -0.00359764    -0.00000267
     0.02081181     0.02082422    -0.00001241
    -0.00377373    -0.00378662     0.00001289
    -0.00777925    -0.00777954     0.00000030
    -0.00413349    -0.00413153    -0.00000196
    -0.00317981    -0.00319492     0.00001511
    -0.00313543    -0.00315141     0.00001598
     0.03297130     0.03258250     0.00038880
    -0.00295189    -0.00297402     0.00002213
    -0.00357786    -0.00359110     0.00001324
     0.03381793     0.03401928    -0.00020135
    -0.00378622    -0.00380063     0.00001441
     0.01851672     0.01851731    -0.00000059
    -0.00697896    -0.00703450     0.00005554
    -0.00596259    -0.00596604     0.00000345
    -0.00570280    -0.00570349     0.00000069
    -0.00646189    -0.00645455    -0.00000734
    -0.00369776    -0.00369771    -0.00000005
     0.02929654     0.02925795     0.00003859
    -0.00327339    -0.00328716     0.00001377
    -0.00361367    -0.00361543     0.00000176
     0.04882457     0.04880863     0.00001595
     0.04766229     0.04775453    -0.00009224
    -0.00784039    -0.00786702     0.00002663
    -0.00386421    -0.00388075     0.00001654
    -0.00417466    -0.00416792    -0.00000674
     0.02508060     0.02300510     0.00207550
     0.00494888     0.00499577    -0.00004689
    -0.00687790    -0.00689243     0.00001454
    -0.00615600    -0.00615657     0.00000056
    -0.00722070    -0.00724104     0.00002034
    -0.00246312    -0.00245758    -0.00000554
    -0.00246285    -0.00245758    -0.00000527
    -0.00246285    -0.00245758    -0.00000527
    -0.00246285    -0.00245758    -0.00000527
    -0.00246285    -0.00245758    -0.00000527
    -0.00246285    -0.00245758    -0.00000527
    -0.00246285    -0.00245758    -0.00000527
    -0.00246285    -0.00245758    -0.00000527
    -0.00246285    -0.00245758    -0.00000527
    -0.00246285    -0.00245758    -0.00000527
    -0.00246285    -0.00245758    -0.00000527
    -0.00246285    -0.00245758    -0.00000527
    -0.00605170    -0.00600421    -0.00004749
    -0.00347228    -0.00348081     0.00000852
    -0.00381071    -0.00381453     0.00000382
    -0.00728386    -0.00729450     0.00001064
    -0.00740713    -0.00743443     0.00002730
    -0.00676149    -0.00676895     0.00000747
     0.05312329     0.05309377     0.00002952
    -0.00375493    -0.00375649     0.00000156
    -0.00395591    -0.00397651     0.00002060
     0.04010009     0.04010004     0.00000004
    -0.00663351    -0.00664685     0.00001334
    -0.00649710    -0.00651736     0.00002027
    -0.00492668    -0.00490370    -0.00002298
    -0.00326392    -0.00327241     0.00000849
    -0.00404827    -0.00407162     0.00002335
    -0.00454144    -0.00453256    -0.00000889
    -0.00226807    -0.00226064    -0.00000743
    -0.00226807    -0.00226064    -0.00000743
    -0.00226807    -0.00226064    -0.00000743
    -0.00226780    -0.00226064    -0.00000715
    -0.00226780    -0.00226064    -0.00000715
    -0.00226780    -0.00226064    -0.00000715
    -0.00226780    -0.00226064    -0.00000715
    -0.00226780    -0.00226064    -0.00000715
    -0.00226780    -0.00226064    -0.00000715
    -0.00226780    -0.00226064    -0.00000715
    -0.00226780    -0.00226064    -0.00000715
    -0.00226780    -0.00226064    -0.00000715
     0.04130144     0.04130420    -0.00000276
    -0.00414574    -0.00414749     0.00000176
     0.02289427     0.02285823     0.00003605
     0.02136097     0.02136361    -0.00000265
     0.03643583     0.03644063    -0.00000480
     0.02604674     0.02605339    -0.00000665
     0.02873648     0.02866199     0.00007448
     0.02287517     0.02287207     0.00000310
     0.02466241     0.02466154     0.00000088
    -0.02206065    -0.02214334     0.00008268
    -0.02034476    -0.02031662    -0.00002814
    -0.02034476    -0.02031662    -0.00002814
    -0.02204830    -0.02212379     0.00007550
    -0.02564458    -0.02564035    -0.00000423
    -0.02933287    -0.02919178    -0.00014109
    -0.03050184    -0.03040168    -0.00010016
    -0.03260855    -0.03263917     0.00003063
    -0.00760180    -0.00757933    -0.00002247
    -0.02375791    -0.02380351     0.00004560
    -0.02375791    -0.02380351     0.00004560
    -0.03235657    -0.03253642     0.00017985
    -0.01497600    -0.01503663     0.00006063
    -0.02617991    -0.02621106     0.00003115
    -0.02129092    -0.02127157    -0.00001935
    -0.03103263    -0.03104256     0.00000993
    -0.04255039    -0.04261189     0.00006150
    -0.02115092    -0.02114721    -0.00000371
    -0.02115092    -0.02114721    -0.00000371
    -0.03215787    -0.03218622     0.00002835
    -0.02285822    -0.02289170     0.00003349
    -0.02285822    -0.02289170     0.00003349
    -0.02691750    -0.02699057     0.00007307
    -0.02198909    -0.02200590     0.00001681
    -0.02198909    -0.02200590     0.00001681
    -0.02195934    -0.02196965     0.00001031
    -0.03537888    -0.03535560    -0.00002328
    -0.02876611    -0.02870676    -0.00005935
    -0.02553032    -0.02555041     0.00002009
    -0.02253737    -0.02260662     0.00006925
    -0.02549122    -0.02550278     0.00001156
    -0.02038149    -0.02036868    -0.00001281
    -0.03568515    -0.03578348     0.00009834
    -0.03778241    -0.03781094     0.00002853
    -0.04765892    -0.04761514    -0.00004378
    -0.03129152    -0.03137165     0.00008014
    -0.03190981    -0.03189428    -0.00001553
    -0.03360652    -0.03364172     0.00003520
    -0.02224114    -0.02224851     0.00000736
    -0.03023288    -0.03027387     0.00004099
    -0.05407624    -0.05408029     0.00000406
    -0.04761255    -0.04777742     0.00016487
    -0.03728948    -0.03736474     0.00007526
    -0.04156169    -0.04158956     0.00002787
    -0.04102963    -0.04103036     0.00000073
    -0.00732531    -0.00739245     0.00006714
    -0.02773515    -0.02763207    -0.00010308
    -0.02838784    -0.02837853    -0.00000931
    -0.00481954    -0.00484666     0.00002712
    -0.04308466    -0.04304610    -0.00003855
    -0.02764584    -0.02769631     0.00005046
    -0.04507180    -0.04513630     0.00006450
    -0.02853756    -0.02848513    -0.00005243
    -0.03156026    -0.03165931     0.00009906
    -0.01691879    -0.01686886    -0.00004993
    -0.04319552    -0.04325408     0.00005857
    -0.02022266    -0.02032265     0.00009999
    -0.03056299    -0.03049556    -0.00006742
    -0.03990035    -0.03996543     0.00006507
    -0.04693110    -0.04706862     0.00013752
    -0.02669140    -0.02666381    -0.00002760
    -0.02206865    -0.02206914     0.00000049
    -0.04068178    -0.04098610     0.00030432
    -0.02892323    -0.02907287     0.00014964
    -0.01377136    -0.01382148     0.00005013
    -0.03662791    -0.03667146     0.00004355
    -0.03631844    -0.03654144     0.00022300
    -0.03042976    -0.03041344    -0.00001631
    -0.02334712    -0.02335864     0.00001152
    -0.03175544    -0.03171591    -0.00003953
    -0.01549430    -0.01558609     0.00009179
    -0.04489071    -0.04489978     0.00000908
    -0.04610433    -0.04619033     0.00008599
    -0.02146557    -0.02147884     0.00001328
    -0.03878335    -0.03882087     0.00003752
    -0.03654217    -0.03663044     0.00008827
    -0.02543318    -0.02541104    -0.00002214
    -0.03361874    -0.03366998     0.00005124
    -0.03389058    -0.03398548     0.00009489
    -0.02137468    -0.02137044    -0.00000424
    -0.03335874    -0.03336624     0.00000750
    -0.03495697    -0.03487632    -0.00008066
    -0.02374607    -0.02379948     0.00005340
    -0.01916234    -0.01918653     0.00002419
    -0.02757654    -0.02759572     0.00001918
    -0.02917101    -0.02924694     0.00007593
    -0.03918372    -0.03937588     0.00019216
    -0.02619115    -0.02629566     0.00010451
    -0.03403181    -0.03390075    -0.00013106
    -0.03205501    -0.03212089     0.00006588
    -0.02860390    -0.02879305     0.00018915
    -0.03887693    -0.03889470     0.00001777
    -0.02522713    -0.02534918     0.00012204
    -0.04204690    -0.04194470    -0.00010220
    -0.04133355    -0.04138705     0.00005349
    -0.03807393    -0.03812010     0.00004617
    -0.03261200    -0.03261294     0.00000094
    -0.03018575    -0.03028214     0.00009639
    -0.03164388    -0.03158762    -0.00005626
    -0.03643199    -0.03642084    -0.00001115
    -0.01886769    -0.01888861     0.00002092
    -0.02819342    -0.02819656     0.00000315
    -0.02449125    -0.02450305     0.00001179
    -0.01866200    -0.01869200     0.00003000
    -0.02492998    -0.02491159    -0.00001840
    -0.02542455    -0.02545063     0.00002608
    -0.01837667    -0.01834983    -0.00002683
    -0.01592370    -0.01593321     0.00000952
    -0.02754369    -0.02750852    -0.00003517
    -0.01627467    -0.01629206     0.00001739
    -0.02830360    -0.02827230    -0.00003130
    -0.01972570    -0.01975381     0.00002812
    -0.01681275    -0.01683349     0.00002075
    -0.01776035    -0.01774832    -0.00001203
    -0.02693163    -0.02698027     0.00004864
    -0.01317265    -0.01316191    -0.00001074
    -0.01365388    -0.01362131    -0.00003257
    -0.01704633    -0.01703833    -0.00000800
    -0.02707672    -0.02703371    -0.00004300
    -0.01483494    -0.01482378    -0.00001116
    -0.01583099    -0.01581366    -0.00001733
    -0.01913611    -0.01914567     0.00000957
    -0.01591967    -0.01591161    -0.00000806
    -0.02619550    -0.02623634     0.00004083
    -0.02066101    -0.02063023    -0.00003077
    -0.02573446    -0.02574010     0.00000564
    -0.02521075    -0.02526124     0.00005049
    -0.02297449    -0.02293291    -0.00004158
    -0.02261911    -0.02261487    -0.00000424
    -0.02300154    -0.02305071     0.00004917
    -0.01517146    -0.01514327    -0.00002820
    -0.02347719    -0.02343695    -0.00004024
    -0.01429803    -0.01427846    -0.00001957
    -0.01396175    -0.01393469    -0.00002707
    -0.02347243    -0.02345001    -0.00002242
    -0.01782670    -0.01781436    -0.00001234
    -0.02690183    -0.02686054    -0.00004129
    -0.01944708    -0.01942246    -0.00002462
    -0.01701297    -0.01700511    -0.00000785
    -0.02588913    -0.02594852     0.00005939
    -0.02718962    -0.02715892    -0.00003070
    -0.02184043    -0.02184518     0.00000475
    -0.01519574    -0.01520245     0.00000672
    -0.02064430    -0.02064813     0.00000384
    -0.01746008    -0.01746480     0.00000472
    -0.01944196    -0.01943465    -0.00000732
    -0.02183420    -0.02189879     0.00006459
    -0.02337725    -0.02339832     0.00002107
    -0.02011711    -0.02020290     0.00008580
    -0.01538592    -0.01535341    -0.00003251
    -0.02568695    -0.02568565    -0.00000130
    -0.01359587    -0.01355693    -0.00003894
    -0.02447583    -0.02448599     0.00001016
    -0.02241032    -0.02243214     0.00002183
    -0.02295370    -0.02295377     0.00000007
    -0.02171248    -0.02169956    -0.00001292
    -0.02519908    -0.02522650     0.00002742
    -0.01567449    -0.01563450    -0.00004000
    -0.02371685    -0.02372657     0.00000972
    -0.02546373    -0.02543836    -0.00002537
    -0.01954961    -0.01954707    -0.00000254
    -0.01586731    -0.01583689    -0.00003042
    -0.02397157    -0.02399978     0.00002821
    -0.01860317    -0.01859412    -0.00000906
    -0.01822891    -0.01828106     0.00005216
    -0.02106507    -0.02104715    -0.00001792
    -0.01388058    -0.01383294    -0.00004764
    -0.02160092    -0.02159067    -0.00001025
    -0.01641848    -0.01645415     0.00003567
    -0.02346337    -0.02345783    -0.00000554
    -0.02219829    -0.02219584    -0.00000244
    -0.02380017    -0.02383845     0.00003828
    -0.01913916    -0.01912872    -0.00001044
    -0.02260654    -0.02261018     0.00000365
    -0.02076139    -0.02079762     0.00003623
    -0.01384932    -0.01378164    -0.00006767
    -0.01732203    -0.01737030     0.00004826
    -0.02055828    -0.02053976    -0.00001853
    -0.02303493    -0.02308107     0.00004615
    -0.02330963    -0.02332390     0.00001428
    -0.01694336    -0.01689847    -0.00004489
    -0.02478250    -0.02473404    -0.00004846
    -0.01784221    -0.01780321    -0.00003900
    -0.01576331    -0.01569657    -0.00006674
    -0.02122962    -0.02118729    -0.00004232
    -0.02001071    -0.01997818    -0.00003253
    -0.02305980    -0.02302471    -0.00003509
    -0.02167920    -0.02163809    -0.00004111
    -0.01753423    -0.01748186    -0.00005237
    -0.01870138    -0.01866502    -0.00003636
    -0.02135634    -0.02130349    -0.00005285
    -0.01891537    -0.01888185    -0.00003352
    -0.01975332    -0.01971769    -0.00003563
    -0.02310590    -0.02308468    -0.00002121
    -0.02268080    -0.02268263     0.00000183
    -0.02515856    -0.02515088    -0.00000768
    -0.01903445    -0.01900036    -0.00003409
    -0.02216484    -0.02213670    -0.00002814
    -0.01998135    -0.01994124    -0.00004011
    -0.02155923    -0.02151082    -0.00004840
     0.02202035     0.02198603     0.00003432
    -0.01676371    -0.01676660     0.00000289
    -0.01918054    -0.01917169    -0.00000886
    -0.02130891    -0.02134195     0.00003304
    -0.04753922    -0.04753322    -0.00000600
     0.01732097     0.01735380    -0.00003283
    -0.02677772    -0.02676587    -0.00001185
    -0.02677772    -0.02676587    -0.00001185
    -0.02248137    -0.02248534     0.00000398
    -0.00736414    -0.00730066    -0.00006347
     0.02899809     0.02897731     0.00002078
    -0.04658132    -0.04656552    -0.00001580
    -0.03218884    -0.03216087    -0.00002797
    -0.00919157    -0.00911815    -0.00007342
    -0.02766843    -0.02768657     0.00001814
    -0.02766843    -0.02768657     0.00001814
    -0.02521208    -0.02519677    -0.00001532
    -0.02547138    -0.02547490     0.00000352
     0.00309274     0.00303463     0.00005811
    -0.02459381    -0.02461663     0.00002281
    -0.02645137    -0.02631959    -0.00013178
    -0.03857840    -0.03851067    -0.00006773
    -0.03857840    -0.03851067    -0.00006773
    -0.06867857    -0.06871929     0.00004071
    -0.04013609    -0.04005970    -0.00007638
    -0.02662776    -0.02660453    -0.00002323
    -0.02059584    -0.02054026    -0.00005558
    -0.02493570    -0.02487178    -0.00006392
     0.01470452     0.01484738    -0.00014287
     0.03626197     0.03630303    -0.00004105
     0.05906218     0.05912921    -0.00006703
    -0.00177252    -0.00174331    -0.00002921
     0.05616743     0.05571194     0.00045549
    -0.03196639    -0.03192356    -0.00004283
    -0.01015153    -0.01014074    -0.00001079
    -0.06777222    -0.06772847    -0.00004375
    -0.03396566    -0.03395417    -0.00001150
    -0.03286452    -0.03283862    -0.00002591
    -0.00114987    -0.00161270     0.00046282
    -0.02751662    -0.02742444    -0.00009217
    -0.03990270    -0.03990170    -0.00000100
     0.04791702     0.04795552    -0.00003850
     0.02609801     0.02616391    -0.00006591
    -0.03240177    -0.03234513    -0.00005664
    -0.03427456    -0.03424291    -0.00003166
    -0.03129701    -0.03129968     0.00000267
    -0.01466188    -0.01473818     0.00007630
     0.00169796     0.00164447     0.00005349
     0.01906734     0.01900846     0.00005888
     0.02653698     0.02656817    -0.00003119
    -0.00951166    -0.00952388     0.00001222
    -0.00715774    -0.00715191    -0.00000582
    -0.03521649    -0.03512311    -0.00009337
    -0.03521649    -0.03512311    -0.00009337
    -0.03570547    -0.03563690    -0.00006858
     0.04562843     0.04555735     0.00007108
    -0.02686776    -0.02681864    -0.00004912
    -0.02942218    -0.02935867    -0.00006351
    -0.00321511    -0.00314712    -0.00006799
    -0.00963316    -0.00958673    -0.00004643
     0.01946833     0.01949006    -0.00002173
     0.01932487     0.01930385     0.00002102
     0.01937385     0.01935531     0.00001855
     0.04663828     0.04658670     0.00005157
    -0.03237472    -0.03233603    -0.00003869
     0.01878179     0.01879156    -0.00000977
    -0.03809042    -0.03805867    -0.00003175
    -0.02924726    -0.02920689    -0.00004037
     0.02730608     0.02726891     0.00003717
    -0.02625651    -0.02638255     0.00012604
    -0.04559877    -0.04564836     0.00004959
    -0.03876126    -0.03869022    -0.00007104
     0.02757645     0.02766779    -0.00009134
    -0.03116180    -0.03121645     0.00005465
     0.01801429     0.01809669    -0.00008240
    -0.03181487    -0.03182299     0.00000812
     0.05745499     0.05735152     0.00010348
    -0.00887733    -0.00892068     0.00004334
     0.00849297     0.00853290    -0.00003992
    -0.01142788    -0.01144133     0.00001345
     0.01531857     0.01539675    -0.00007818
    -0.02805791    -0.02840886     0.00035096
     0.02818177     0.02821644    -0.00003467
     0.01330242     0.01330561    -0.00000319
     0.02965636     0.02966569    -0.00000934
    -0.00019380     0.00001767    -0.00021147
    -0.05618381    -0.05610427    -0.00007955
    -0.00162923    -0.00159146    -0.00003777
     0.00419627     0.00421818    -0.00002191
     0.01623837     0.01617681     0.00006156
     0.02262610     0.02273096    -0.00010485
     0.02223663     0.02172221     0.00051442
     0.00997844     0.00998770    -0.00000926
    -0.00069756    -0.00083380     0.00013624
    -0.05031954    -0.04883447    -0.00148507
     0.01104012     0.01098396     0.00005616
     0.01969873     0.01956556     0.00013318
     0.02895757     0.02890517     0.00005240
     0.02572850     0.02581384    -0.00008534
    -0.00981833    -0.00973214    -0.00008619
    -0.00579676    -0.00593141     0.00013465
    -0.00423845    -0.00418033    -0.00005811
    -0.01081870    -0.01076432    -0.00005438
    -0.01482022    -0.01486514     0.00004492
     0.00349345     0.00333619     0.00015726
    -0.00429896    -0.00425232    -0.00004664
    -0.00946407    -0.00943404    -0.00003003
    -0.00518410    -0.00528748     0.00010338
    -0.02202819    -0.02211071     0.00008252
    -0.00436473    -0.00432289    -0.00004185
     0.02337513     0.02334266     0.00003246
    -0.00430247    -0.00426756    -0.00003492
    -0.00442000    -0.00438587    -0.00003413
    -0.00456759    -0.00455900    -0.00000859
    -0.01053111    -0.01049595    -0.00003515
    -0.00503781    -0.00514516     0.00010736
    -0.00750754    -0.00755680     0.00004926
    -0.00468172    -0.00469794     0.00001622
     0.01091340     0.01090140     0.00001200
    -0.00509593    -0.00517573     0.00007980
    -0.00467587    -0.00469085     0.00001498
     0.02911722     0.02915652    -0.00003930
     0.00759573     0.00754665     0.00004908
    -0.00437505    -0.00433968    -0.00003537
    -0.01726048    -0.01724643    -0.00001405
    -0.00511239    -0.00518951     0.00007711
    -0.00489669    -0.00497343     0.00007674
    -0.01709071    -0.01730397     0.00021326
    -0.00507011    -0.00513889     0.00006878
     0.00167614     0.00169646    -0.00002032
    -0.00446166    -0.00443005    -0.00003161
     0.01349320     0.01355639    -0.00006319
    -0.00500532    -0.00506029     0.00005497
    -0.00456961    -0.00455247    -0.00001713
     0.01223960     0.01226581    -0.00002621
     0.02868464     0.02881246    -0.00012782
     0.00940235     0.00922999     0.00017236
    -0.00433926    -0.00431367    -0.00002560
    -0.00473075    -0.00472996    -0.00000079
     0.00520897     0.00510756     0.00010140
     0.01130064     0.01120730     0.00009335
     0.01234891     0.01232082     0.00002809
     0.01252056     0.01240716     0.00011340
     0.00662567     0.00666337    -0.00003770
    -0.00054611    -0.00039735    -0.00014875
     0.00530301     0.00532601    -0.00002300
     0.02153613     0.02156189    -0.00002576
     0.01352360     0.01374824    -0.00022465
     0.00017407     0.00021477    -0.00004070
     0.00456120     0.00443607     0.00012513
     0.01151681     0.01158782    -0.00007101
     0.01290941     0.01285851     0.00005089
     0.01619336     0.01637332    -0.00017996
     0.01998791     0.02002077    -0.00003287
     0.01945603     0.01938115     0.00007488
    -0.00396731    -0.00400870     0.00004139
    -0.00522189    -0.00522052    -0.00000137
    -0.00063468    -0.00071357     0.00007889
    -0.01160234    -0.01175604     0.00015370
    -0.00706647    -0.00708426     0.00001778
     0.02030190     0.02033275    -0.00003085
     0.02199358     0.02195172     0.00004185
     0.02251331     0.02247005     0.00004326
     0.01581324     0.01579321     0.00002004
     0.01131795     0.01132038    -0.00000243
    -0.01865145    -0.01876880     0.00011735
     0.01688755     0.01682161     0.00006594
     0.01692747     0.01696940    -0.00004193
     0.02844393     0.02852080    -0.00007687
     0.01338019     0.01349627    -0.00011608
     0.02043004     0.02054075    -0.00011071
     0.00698119     0.00688747     0.00009372
     0.02159692     0.02149418     0.00010274
     0.00243776     0.00240437     0.00003339
    -0.02203782    -0.02218496     0.00014714
     0.01872274     0.01862706     0.00009568
     0.01181475     0.01179448     0.00002027
    -0.00459576    -0.00456935    -0.00002641
    -0.00849270    -0.00840668    -0.00008602
     0.01132671     0.01132299     0.00000372
     0.00565953     0.00549674     0.00016279
    -0.00566283    -0.00562796    -0.00003487
     0.00124054     0.00131376    -0.00007322
     0.02366060     0.02366099    -0.00000039
     0.00937889     0.00940995    -0.00003106
    -0.00381474    -0.00389742     0.00008269
     0.02218237     0.02212335     0.00005901
     0.02051902     0.02043596     0.00008306
     0.00752841     0.00757256    -0.00004415
     0.00590977     0.00588133     0.00002844
     0.02999236     0.03008265    -0.00009029
     0.00241939     0.00229873     0.00012066
     0.00582389     0.00583649    -0.00001260
     0.01429022     0.01425618     0.00003404
     0.02472579     0.02485818    -0.00013239
     0.01612130     0.01599540     0.00012591
     0.00805579     0.00815287    -0.00009708
     0.02756013     0.02770566    -0.00014554
     0.02703329     0.02718137    -0.00014808
     0.01311676     0.01307946     0.00003730
     0.00188278     0.00197973    -0.00009695
    -0.01062518    -0.01067754     0.00005236
    -0.01084246    -0.01089218     0.00004972
     0.01427896     0.01426647     0.00001249
    -0.02166456    -0.02164704    -0.00001753
    -0.01105707    -0.01110411     0.00004703
    -0.01126889    -0.01131380     0.00004491
    -0.01147768    -0.01152176     0.00004408
    -0.01168443    -0.01172850     0.00004407
    -0.01188844    -0.01193455     0.00004611
    -0.01208986    -0.01214044     0.00005058
    -0.00619802    -0.00627019     0.00007217
    -0.01228926    -0.01234670     0.00005744
    -0.02419748    -0.02419992     0.00000244
    -0.01248638    -0.01255387     0.00006749
    -0.02020007    -0.02022058     0.00002050
    -0.01268151    -0.01276246     0.00008094
     0.01158070     0.01157748     0.00000323
    -0.01287428    -0.01297296     0.00009868
     0.02892734     0.02891979     0.00000755
    -0.01306476    -0.01318585     0.00012110
     0.00425058     0.00429235    -0.00004176
     0.02694904     0.02709651    -0.00014747
     0.01281874     0.01272134     0.00009740
    -0.01325344    -0.01340157     0.00014812
    -0.04353865    -0.04359725     0.00005859
    -0.03007884    -0.03010328     0.00002444
    -0.03005900    -0.03007919     0.00002019
    -0.02296943    -0.02294180    -0.00002763
    -0.02772108    -0.02773366     0.00001257
    -0.04165663    -0.04161632    -0.00004031
     0.03236816     0.03239616    -0.00002800
     0.01928485     0.01927274     0.00001210
    -0.03169476    -0.03170307     0.00000831
    -0.00206077    -0.00210663     0.00004586
    -0.04330581    -0.04338903     0.00008322
    -0.03809172    -0.03817538     0.00008366
    -0.04098878    -0.04105583     0.00006705
     0.02487306     0.02488263    -0.00000958
    -0.02671636    -0.02685113     0.00013477
    -0.02464103    -0.02467098     0.00002996
     0.01642659     0.01639422     0.00003237
    -0.00472735    -0.00465055    -0.00007680
     0.01010669     0.01018318    -0.00007649
     0.00489797     0.00495912    -0.00006115
     0.01211614     0.01213849    -0.00002235
    -0.03443312    -0.03441469    -0.00001844
     0.00725015     0.00722939     0.00002075
     0.01072248     0.01050912     0.00021336
    -0.01043187    -0.01046276     0.00003089
     0.00016169     0.00011581     0.00004588
     0.02124404     0.02123465     0.00000939
    -0.00558084    -0.00560224     0.00002140
     0.02019022     0.02021590    -0.00002568
     0.00321971     0.00324157    -0.00002187
     0.02653472     0.02644204     0.00009268
     0.01972975     0.01904200     0.00068775
     0.01623200     0.01624709    -0.00001509
     0.02065624     0.02072796    -0.00007171
     0.02039167     0.02036088     0.00003079
    -0.00027421    -0.00023685    -0.00003736
     0.01158076     0.01153482     0.00004594
    -0.03117644    -0.03123966     0.00006322
    -0.02999770    -0.02998717    -0.00001053
    -0.03125824    -0.03125732    -0.00000091
    -0.03417867    -0.03419520     0.00001652
     0.02395508     0.02398999    -0.00003491
    -0.03123679    -0.03123160    -0.00000520
     0.03064579     0.03013343     0.00051236
    -0.00199489    -0.00203941     0.00004452
     0.01049875     0.01052330    -0.00002455
     0.00622109     0.00617758     0.00004351
     0.00883554     0.00877389     0.00006165
    -0.03902586    -0.03905964     0.00003378
     0.02606364     0.02615014    -0.00008651
     0.01079119     0.01063486     0.00015633
    -0.04233945    -0.04241380     0.00007435
    -0.03746532    -0.03749258     0.00002727
     0.05068028     0.05063985     0.00004043
     0.00902841     0.00901780     0.00001061
    -0.04378470    -0.04367381    -0.00011089
    -0.02374395    -0.02364624    -0.00009771
    -0.03242824    -0.03240911    -0.00001914
    -0.03240533    -0.03238168    -0.00002366
     0.02365214     0.02355169     0.00010044
     0.01063127     0.01051164     0.00011963
     0.00832649     0.00827943     0.00004707
    -0.03256680    -0.03266158     0.00009477
    -0.02605866    -0.02609798     0.00003932
    -0.04467176    -0.04323314    -0.00143862
    -0.03239371    -0.03249371     0.00010000
    -0.03358046    -0.03355434    -0.00002612
    -0.03355613    -0.03352514    -0.00003099
    -0.05094361    -0.05104080     0.00009719
    -0.04568533    -0.04576828     0.00008295
    -0.04660742    -0.04632847    -0.00027895
    -0.03468137    -0.03465695    -0.00002442
    -0.05612806    -0.05575040    -0.00037766
    -0.03577168    -0.03577085    -0.00000083
    -0.03579922    -0.03580373     0.00000452
    -0.00726892    -0.00729304     0.00002411
     0.03268741     0.03274343    -0.00005603
    -0.00514186    -0.00503865    -0.00010321
    -0.00110470    -0.00112155     0.00001685
     0.01622196     0.01587266     0.00034930
     0.03270068     0.03267113     0.00002955
     0.01386771     0.01382287     0.00004484
     0.01397792     0.01402740    -0.00004949
    -0.00454827    -0.00449955    -0.00004872
     0.00055190     0.00058659    -0.00003469
    -0.00152397    -0.00163574     0.00011177
     0.02685816     0.02683653     0.00002162
    -0.00481954    -0.00480939    -0.00001016
    -0.00087199    -0.00096056     0.00008857
    -0.01002076    -0.01002830     0.00000754
    -0.00419197    -0.00417271    -0.00001926
     0.00891246     0.00900054    -0.00008807
     0.02864216     0.02870589    -0.00006373
    -0.00283094    -0.00283917     0.00000823
     0.03573998     0.03570864     0.00003133
    -0.00187353    -0.00186706    -0.00000647
     0.02794862     0.02803975    -0.00009113
    -0.00746408    -0.00747002     0.00000593
     0.03074416     0.03072461     0.00001955
    -0.00439894    -0.00441039     0.00001146
     0.02695054     0.02664348     0.00030706
     0.01619069     0.01606789     0.00012281
    -0.00223795    -0.00223534    -0.00000261
    -0.01085119    -0.01073269    -0.00011850
     0.02213799     0.02221470    -0.00007672
    -0.00163791    -0.00169366     0.00005576
     0.02299928     0.02308301    -0.00008373
     0.01420407     0.01418005     0.00002403
     0.02406801     0.02401230     0.00005571
    -0.00571167    -0.00574132     0.00002965
    -0.00616550    -0.00617717     0.00001167
    -0.00075898    -0.00085299     0.00009401
     0.01057658     0.01059020    -0.00001363
     0.00295287     0.00295428    -0.00000141
     0.02378496     0.02378788    -0.00000293
     0.01503478     0.01498402     0.00005076
    -0.00293333    -0.00284304    -0.00009029
    -0.00582076    -0.00583173     0.00001097
     0.00030839     0.00038965    -0.00008127
     0.00048142     0.00049365    -0.00001223
     0.01865490     0.01865106     0.00000384
     0.00768455     0.00763693     0.00004762
     0.03126175     0.03123702     0.00002473
     0.02341055     0.02348675    -0.00007620
     0.02285166     0.02257996     0.00027170
    -0.00142487    -0.00149054     0.00006567
     0.01697014     0.01705729    -0.00008715
     0.02638264     0.02636613     0.00001651
     0.01624008     0.01618547     0.00005461
     0.03527096     0.03522735     0.00004361
     0.01001278     0.01024770    -0.00023491
     0.00283668     0.00291391    -0.00007723
    -0.00128718    -0.00139333     0.00010615
    -0.00103360    -0.00117298     0.00013938
     0.02962267     0.02963063    -0.00000797
     0.02414469     0.02423696    -0.00009227
    -0.00100377    -0.00111461     0.00011084
     0.03526100     0.03523557     0.00002544
    -0.00125730    -0.00134926     0.00009196
     0.03517401     0.03508578     0.00008823
     0.01748155     0.01742496     0.00005658
     0.02982188     0.02979802     0.00002386
     0.03002556     0.02997047     0.00005509
     0.01650964     0.01652957    -0.00001994
     0.01016987     0.01015513     0.00001474
     0.01875686     0.01870004     0.00005683
     0.01046700     0.01049467    -0.00002767
    -0.00310436    -0.00306813    -0.00003623
     0.02838561     0.02835963     0.00002598
     0.02006293     0.02000798     0.00005494
    -0.00445216    -0.00442976    -0.00002240
     0.03523480     0.03520322     0.00003158
     0.02695745     0.02692699     0.00003046
     0.01922648     0.01888553     0.00034094
     0.02139727     0.02134584     0.00005142
     0.03255097     0.03238988     0.00016109
     0.02554066     0.02550496     0.00003571
     0.02275726     0.02271037     0.00004689
     0.02413963     0.02409802     0.00004161
     0.02121702     0.02120582     0.00001120
     0.02730208     0.02734666    -0.00004458
     0.02588195     0.02585633     0.00002561
    -0.00217457    -0.00212323    -0.00005134
     0.01917007     0.01927327    -0.00010321
     0.02029172     0.02031734    -0.00002562
     0.01252056     0.01255989    -0.00003933
     0.01679454     0.01671344     0.00008110
    -0.00987028    -0.00980723    -0.00006305
     0.02706586     0.02704072     0.00002514
     0.01264304     0.01266863    -0.00002560
     0.01013243     0.01009480     0.00003763
     0.01790389     0.01791347    -0.00000958
    -0.01522594    -0.01520775    -0.00001819
     0.01254445     0.01263291    -0.00008846
     0.01665995     0.01659528     0.00006467
    -0.00061002    -0.00054287    -0.00006716
    -0.00070633    -0.00062617    -0.00008016
    -0.00070633    -0.00062617    -0.00008016
    -0.00184991    -0.00179907    -0.00005085
    -0.00179149    -0.00167572    -0.00011577
    -0.00056597    -0.00049159    -0.00007438
    -0.00056597    -0.00049159    -0.00007438
    -0.00137758    -0.00127292    -0.00010465
    -0.00141945    -0.00131437    -0.00010508
    -0.00179056    -0.00173610    -0.00005447
    -0.00047103    -0.00057793     0.00010690
    -0.00082246    -0.00092814     0.00010568
    -0.00136754    -0.00131069    -0.00005685
    -0.00040763    -0.00050810     0.00010047
    -0.00174896    -0.00169220    -0.00005676
    -0.00063419    -0.00054248    -0.00009171
    -0.01707705    -0.01715848     0.00008143
    -0.00063446    -0.00054248    -0.00009198
    -0.00091294    -0.00100946     0.00009651
    -0.00184825    -0.00180791    -0.00004034
    -0.00099651    -0.00105340     0.00005689
    -0.00130302    -0.00122112    -0.00008190
    -0.00128936    -0.00119826    -0.00009110
    -0.00060175    -0.00052470    -0.00007706
    -0.00060175    -0.00052470    -0.00007706
    -0.00181984    -0.00178346    -0.00003638
    -0.00131953    -0.00132639     0.00000685
     0.00776757     0.00786362    -0.00009605
    -0.00102601    -0.00110171     0.00007570
    -0.00177571    -0.00173133    -0.00004438
    -0.00180090    -0.00175851    -0.00004239
     0.01075375     0.01074972     0.00000403
    -0.00171696    -0.00167192    -0.00004504
    -0.00154683    -0.00141126    -0.00013558
    -0.00156599    -0.00144626    -0.00011972
    -0.00112533    -0.00122977     0.00010444
    -0.00086728    -0.00096870     0.00010142
    -0.00091974    -0.00101465     0.00009490
    -0.00138971    -0.00129229    -0.00009742
    -0.00173981    -0.00169877    -0.00004105
    -0.00153663    -0.00141889    -0.00011774
    -0.00145913    -0.00132983    -0.00012930
    -0.04089224    -0.04093343     0.00004119
    -0.00048491    -0.00058613     0.00010122
    -0.00142188    -0.00132029    -0.00010158
    -0.00046458    -0.00056527     0.00010069
    -0.00117156    -0.00126110     0.00008954
    -0.00088940    -0.00098818     0.00009877
    -0.00091096    -0.00100693     0.00009598
    -0.00090521    -0.00100201     0.00009679
    -0.00091106    -0.00100693     0.00009587
    -0.00071395    -0.00061459    -0.00009936
    -0.00071395    -0.00061459    -0.00009936
    -0.00068760    -0.00058505    -0.00010255
    -0.00068760    -0.00058505    -0.00010255
    -0.00175456    -0.00171524    -0.00003932
    -0.00119561    -0.00119856     0.00000294
    -0.00072156    -0.00074597     0.00002440
    -0.00072156    -0.00074597     0.00002440
    -0.00116408    -0.00125576     0.00009169
    -0.00067982    -0.00067569    -0.00000414
    -0.00067982    -0.00067569    -0.00000414
    -0.00117757    -0.00127004     0.00009247
    -0.00121842    -0.00121709    -0.00000133
     0.04360842     0.04365721    -0.00004879
    -0.04141734    -0.04131000    -0.00010733
    -0.00112658    -0.00121367     0.00008709
    -0.00107907    -0.00113840     0.00005934
    -0.00131352    -0.00135596     0.00004243
    -0.00112059    -0.00120044     0.00007984
    -0.00789737    -0.00791864     0.00002127
     0.03708727     0.03708190     0.00000537
    -0.00074671    -0.00075661     0.00000990
    -0.00074671    -0.00075661     0.00000990
    -0.00125722    -0.00127769     0.00002047
    -0.00126076    -0.00128973     0.00002897
    -0.00073596    -0.00073540    -0.00000056
    -0.00073596    -0.00073540    -0.00000056
    -0.00117942    -0.00125131     0.00007189
     0.02446976     0.02430224     0.00016752
    -0.00451157    -0.00455046     0.00003889
    -0.00134707    -0.00136691     0.00001984
    -0.00140367    -0.00139758    -0.00000610
     0.03066737     0.03054806     0.00011931
    -0.05329598    -0.05335479     0.00005882
     0.01981735     0.01990148    -0.00008413
    -0.01078945    -0.01084478     0.00005533
     0.00826949     0.00833308    -0.00006359
     0.02671913     0.02682347    -0.00010434
    -0.04264054    -0.04269780     0.00005726
    -0.00460509    -0.00462679     0.00002170
    -0.01993610    -0.01982627    -0.00010982
     0.03151990     0.03163878    -0.00011888
    -0.00806116    -0.00811888     0.00005773
     0.03037305     0.03029626     0.00007679
    -0.01266774    -0.01263441    -0.00003333
    -0.04546761    -0.04546937     0.00000176
     0.03223962     0.03241251    -0.00017289
     0.03424629     0.03432224    -0.00007595
    -0.02179814    -0.02178375    -0.00001439
     0.00012560     0.00006937     0.00014828     0.00045484     0.00207550
