    -0.00103343    -0.00103318    -0.00000025
    -0.00747023    -0.00755636     0.00008613
    -0.00563668    -0.00559362    -0.00004306
    -0.00095749    -0.00098850     0.00003101
    -0.00051163    -0.00050464    -0.00000699
     0.02273479     0.02273167     0.00000312
     0.02194552     0.02198239    -0.00003687
    -0.02411051    -0.02408357    -0.00002695
    -0.01091158    -0.01090827    -0.00000330
    -0.00047024    -0.00048379     0.00001355
     0.01570511     0.01571625    -0.00001115
    -0.02315901    -0.02318372     0.00002471
    -0.03150341    -0.03158502     0.00008161
    -0.00047141    -0.00046896    -0.00000245
    -0.01143482    -0.01147203     0.00003721
    -0.00247240    -0.00245594    -0.00001646
    -0.01208986    -0.01202268    -0.00006717
    -0.01363641    -0.01373134     0.00009492
     0.02277601     0.02272386     0.00005215
     0.00002977     0.00009206    -0.00006229
     0.01393147     0.01395583    -0.00002436
    -0.00030360    -0.00025977    -0.00004383
     0.00007391     0.00015591    -0.00008200
     0.00893285     0.00915358    -0.00022074
     0.02382433     0.02381121     0.00001312
     0.01333850     0.01320038     0.00013812
     0.01761858     0.01765426    -0.00003568
    -0.04233945    -0.04231278    -0.00002667
     0.01439341     0.01443365    -0.00004025
     0.02824735     0.02820467     0.00004268
    -0.00027677    -0.00026376    -0.00001301
     0.00283834     0.00281007     0.00002827
    -0.00417689    -0.00417984     0.00000295
     0.02639518     0.02636347     0.00003171
    -0.00053179    -0.00053729     0.00000549
    -0.01616269    -0.01613081    -0.00003188
    -0.00479927    -0.00484139     0.00004212
    -0.00048191    -0.00048448     0.00000256
    -0.02854991    -0.02851953    -0.00003038
     0.01998067     0.01999470    -0.00001404
     0.01113640     0.01120366    -0.00006726
    -0.00666434    -0.00666544     0.00000110
    -0.00051879    -0.00054526     0.00002647
    -0.01757262    -0.01751476    -0.00005787
     0.02201864     0.02198712     0.00003152
    -0.00047721    -0.00045719    -0.00002001
    -0.02422047    -0.02417842    -0.00004206
     0.01964436     0.01966818    -0.00002382
     0.00225008     0.00220419     0.00004589
     0.03225586     0.03229069    -0.00003483
     0.02913561     0.02914435    -0.00000874
    -0.01619056    -0.01614496    -0.00004560
    -0.00200548    -0.00193292    -0.00007256
    -0.00045595    -0.00049148     0.00003553
     0.01208009     0.01198565     0.00009444
    -0.00896974    -0.00902836     0.00005862
     0.02620465     0.02619346     0.00001119
    -0.00098935    -0.00096618    -0.00002317
    -0.00859779    -0.00857505    -0.00002274
     0.03272107     0.03271133     0.00000974
    -0.03343134    -0.03336450    -0.00006684
     0.02419492     0.02416320     0.00003172
     0.00007391     0.00015591    -0.00008200
    -0.00065571    -0.00055956    -0.00009615
     0.01074531     0.01076012    -0.00001481
    -0.00058205    -0.00050099    -0.00008106
    -0.00084671    -0.00074971    -0.00009700
    -0.03750039    -0.03756806     0.00006767
     0.01409792     0.01413391    -0.00003599
    -0.02057867    -0.02058095     0.00000229
     0.02537503     0.02539627    -0.00002124
    -0.00045296    -0.00046963     0.00001667
    -0.01578070    -0.01583499     0.00005429
     0.01248524     0.01254475    -0.00005952
    -0.00284914    -0.00285741     0.00000827
    -0.00600493    -0.00592748    -0.00007745
    -0.00050039    -0.00044092    -0.00005947
    -0.00059745    -0.00052119    -0.00007627
    -0.00019290    -0.00014240    -0.00005050
     0.03147427     0.03148628    -0.00001201
     0.00795645     0.00800029    -0.00004384
    -0.00189810    -0.00200620     0.00010810
     0.03498712     0.03491270     0.00007442
     0.02151101     0.02140258     0.00010843
     0.01645249     0.01647771    -0.00002521
     0.02972218     0.02968551     0.00003667
    -0.00037407    -0.00031535    -0.00005873
    -0.00654121    -0.00662106     0.00007985
    -0.00045661    -0.00047059     0.00001399
     0.02942996     0.02947870    -0.00004874
    -0.00057990    -0.00053758    -0.00004232
    -0.00422854    -0.00420697    -0.00002157
     0.00193402     0.00195155    -0.00001753
     0.00932221     0.00935592    -0.00003371
    -0.01980126    -0.01981244     0.00001118
     0.02062277     0.02072470    -0.00010193
    -0.00179149    -0.00170415    -0.00008734
    -0.00602283    -0.00601637    -0.00000646
    -0.00168770    -0.00157082    -0.00011688
     0.01996570     0.01993147     0.00003423
    -0.00504905    -0.00504724    -0.00000180
    -0.00656624    -0.00657727     0.00001102
    -0.00377373    -0.00376570    -0.00000803
    -0.01289695    -0.01292161     0.00002466
    -0.00199840    -0.00202465     0.00002625
    -0.00199840    -0.00202465     0.00002625
    -0.00199840    -0.00202465     0.00002625
    -0.00199840    -0.00202465     0.00002625
    -0.00199813    -0.00202465     0.00002652
    -0.00199813    -0.00202465     0.00002652
    -0.00199813    -0.00202465     0.00002652
    -0.00199813    -0.00202465     0.00002652
    -0.00199813    -0.00202465     0.00002652
    -0.00199813    -0.00202465     0.00002652
    -0.00199813    -0.00202465     0.00002652
    -0.00199813    -0.00202465     0.00002652
     0.02287517     0.02290089    -0.00002572
    -0.00401749    -0.00398499    -0.00003250
    -0.00371278    -0.00371261    -0.00000017
    -0.00423755    -0.00423313    -0.00000442
    -0.00366341    -0.00367110     0.00000769
    -0.00360031    -0.00360523     0.00000492
     0.02466241     0.02465423     0.00000818
    -0.00535474    -0.00537845     0.00002371
    -0.00600618    -0.00600740     0.00000122
    -0.00345293    -0.00345160    -0.00000134
    -0.00978497    -0.00979653     0.00001156
    -0.00331184    -0.00330758    -0.00000426
    -0.00814437    -0.00813518    -0.00000919
    -0.00640229    -0.00644137     0.00003907
    -0.00378622    -0.00377262    -0.00001359
    -0.01449997    -0.01450938     0.00000941
    -0.00324942    -0.00325395     0.00000453
    -0.00326196    -0.00326928     0.00000732
    -0.00570280    -0.00568377    -0.00001903
    -0.00596259    -0.00594467    -0.00001792
    -0.01144544    -0.01144517    -0.00000027
    -0.00646189    -0.00644297    -0.00001892
    -0.00976045    -0.00971818    -0.00004227
    -0.01326027    -0.01328674     0.00002647
    -0.00369776    -0.00369714    -0.00000061
    -0.00295189    -0.00296890     0.00001701
    -0.00518410    -0.00519700     0.00001291
    -0.00361367    -0.00361390     0.00000023
    -0.00386421    -0.00384561    -0.00001859
    -0.00317981    -0.00318534     0.00000552
    -0.00313543    -0.00314167     0.00000624
    -0.00417466    -0.00416197    -0.00001270
    -0.01162019    -0.01164499     0.00002480
    -0.00351593    -0.00351526    -0.00000067
    -0.00784039    -0.00783358    -0.00000681
    -0.00615600    -0.00613307    -0.00002294
    -0.01331663    -0.01327043    -0.00004620
    -0.00777925    -0.00780915     0.00002991
    -0.00395591    -0.00392869    -0.00002722
    -0.00475271    -0.00474589    -0.00000682
    -0.00722070    -0.00720441    -0.00001629
    -0.00327339    -0.00327251    -0.00000088
    -0.00413349    -0.00408448    -0.00004901
    -0.00375493    -0.00374153    -0.00001339
    -0.00357786    -0.00351784    -0.00006002
    -0.00697896    -0.00702531     0.00004635
    -0.00404827    -0.00401558    -0.00003268
    -0.00246312    -0.00247051     0.00000739
    -0.00246285    -0.00247051     0.00000766
    -0.00246285    -0.00247051     0.00000766
    -0.00246285    -0.00247051     0.00000766
    -0.00246285    -0.00247051     0.00000766
    -0.00246285    -0.00247051     0.00000766
    -0.00246285    -0.00247051     0.00000766
    -0.00246285    -0.00247051     0.00000766
    -0.00246285    -0.00247051     0.00000766
    -0.00246285    -0.00247051     0.00000766
    -0.00246285    -0.00247051     0.00000766
    -0.00246285    -0.00247051     0.00000766
    -0.00605170    -0.00608719     0.00003548
    -0.00687790    -0.00691490     0.00003701
    -0.00381071    -0.00382837     0.00001766
    -0.00740713    -0.00740934     0.00000221
    -0.00347228    -0.00346684    -0.00000544
    -0.00728386    -0.00730244     0.00001857
    -0.00676149    -0.00678186     0.00002038
    -0.00649710    -0.00648406    -0.00001304
    -0.00663351    -0.00663595     0.00000244
    -0.00492668    -0.00494836     0.00002168
    -0.00226807    -0.00225692    -0.00001114
    -0.00226807    -0.00225692    -0.00001114
    -0.00226807    -0.00225692    -0.00001114
    -0.00226780    -0.00225692    -0.00001087
    -0.00226780    -0.00225692    -0.00001087
    -0.00226780    -0.00225692    -0.00001087
    -0.00226780    -0.00225692    -0.00001087
    -0.00226780    -0.00225692    -0.00001087
    -0.00226780    -0.00225692    -0.00001087
    -0.00226780    -0.00225692    -0.00001087
    -0.00226780    -0.00225692    -0.00001087
    -0.00226780    -0.00225692    -0.00001087
    -0.00326392    -0.00325451    -0.00000941
    -0.00454144    -0.00455714     0.00001570
    -0.00414574    -0.00412589    -0.00001985
    -0.02933287    -0.02934117     0.00000831
    -0.05325783    -0.05333108     0.00007326
     0.06033891     0.06034679    -0.00000788
     0.05203029     0.05204398    -0.00001369
     0.02469017     0.02470791    -0.00001774
    -0.03290368    -0.03283969    -0.00006399
    -0.03169354    -0.03170315     0.00000961
    -0.03195262    -0.03193081    -0.00002180
    -0.04179487    -0.04181558     0.00002071
    -0.03662791    -0.03656298    -0.00006494
    -0.05422111    -0.05419868    -0.00002243
    -0.02810754    -0.02833306     0.00022552
    -0.04178006    -0.04180840     0.00002834
    -0.02668964    -0.02671415     0.00002452
    -0.04171372    -0.04170112    -0.00001260
     0.04715559     0.04712164     0.00003395
    -0.03008572    -0.02998365    -0.00010208
    -0.02983965    -0.02982079    -0.00001886
    -0.02888276    -0.02897208     0.00008931
     0.04762423     0.04758048     0.00004374
    -0.05690100    -0.05688447    -0.00001653
    -0.02532849    -0.02528991    -0.00003859
    -0.04292885    -0.04285722    -0.00007163
    -0.03570547    -0.03572733     0.00002186
     0.02515927     0.02516916    -0.00000989
    -0.02895049    -0.02895429     0.00000380
    -0.05104764    -0.05110318     0.00005555
    -0.05818524    -0.05810719    -0.00007805
    -0.03156026    -0.03156732     0.00000707
    -0.03942231    -0.03944609     0.00002379
    -0.05054069    -0.05049971    -0.00004098
    -0.02949703    -0.02952092     0.00002388
    -0.04102963    -0.04100793    -0.00002170
    -0.03389058    -0.03388126    -0.00000932
    -0.04916967    -0.04915204    -0.00001763
    -0.03107216    -0.03103938    -0.00003279
    -0.04177419    -0.04178616     0.00001198
    -0.03017476    -0.03013676    -0.00003800
    -0.03164388    -0.03158148    -0.00006239
    -0.05028784    -0.05027397    -0.00001387
    -0.03255078    -0.03252024    -0.00003054
    -0.04352793    -0.04347761    -0.00005033
    -0.04456316    -0.04458468     0.00002152
    -0.04455347    -0.04455223    -0.00000124
    -0.03846041    -0.03841436    -0.00004605
    -0.04068178    -0.04071199     0.00003021
    -0.03427456    -0.03429173     0.00001716
    -0.06052406    -0.06054653     0.00002247
    -0.04939397    -0.04942059     0.00002662
     0.01642659     0.01639591     0.00003068
    -0.05031954    -0.05031494    -0.00000460
    -0.03495697    -0.03484421    -0.00011276
    -0.04536685    -0.04533080    -0.00003605
    -0.04780807    -0.04778722    -0.00002084
    -0.05232309    -0.05231169    -0.00001139
    -0.04021418    -0.04020844    -0.00000575
    -0.04318812    -0.04312779    -0.00006033
    -0.03361874    -0.03361147    -0.00000727
    -0.03018575    -0.03019119     0.00000544
    -0.03876126    -0.03876416     0.00000290
    -0.04694789    -0.04695943     0.00001154
    -0.03809042    -0.03812257     0.00003215
    -0.03654217    -0.03660094     0.00005877
    -0.03205501    -0.03207059     0.00001558
    -0.03261200    -0.03269046     0.00007846
    -0.05618381    -0.05617466    -0.00000915
     0.05745499     0.05748563    -0.00003064
     0.04562843     0.04563176    -0.00000333
     0.04791702     0.04790891     0.00000811
    -0.04559877    -0.04559063    -0.00000814
    -0.03918372    -0.03920497     0.00002125
    -0.05799005    -0.05794417    -0.00004588
    -0.04264054    -0.04257633    -0.00006422
    -0.03403181    -0.03404578     0.00001397
    -0.03887693    -0.03884799    -0.00002894
    -0.04489071    -0.04492651     0.00003581
    -0.04467176    -0.04472574     0.00005398
    -0.04204690    -0.04200553    -0.00004137
    -0.04610433    -0.04610305    -0.00000128
    -0.03643199    -0.03643743     0.00000544
    -0.05329598    -0.05323813    -0.00005785
    -0.05926243    -0.05927808     0.00001566
    -0.04013609    -0.04012609    -0.00001000
    -0.03807393    -0.03807746     0.00000353
    -0.04255039    -0.04238054    -0.00016985
    -0.04546761    -0.04547044     0.00000283
    -0.04598460    -0.04597821    -0.00000639
    -0.04308466    -0.04307617    -0.00000849
    -0.05111599    -0.05109151    -0.00002448
    -0.03878335    -0.03877889    -0.00000446
    -0.04133355    -0.04133693     0.00000338
    -0.04490042    -0.04490993     0.00000951
    -0.05407624    -0.05412072     0.00004448
    -0.06420916    -0.06431171     0.00010255
    -0.05506420    -0.05508367     0.00001947
    -0.06777222    -0.06772584    -0.00004637
    -0.06704431    -0.06700738    -0.00003693
    -0.06867857    -0.06869034     0.00001176
    -0.06441868    -0.06441543    -0.00000326
    -0.06949418    -0.06947848    -0.00001570
    -0.03355613    -0.03351191    -0.00004421
     0.04867733     0.04866416     0.00001318
     0.03045659     0.03044305     0.00001354
     0.05049405     0.05046860     0.00002545
     0.02730608     0.02732355    -0.00001746
     0.00673204     0.00681482    -0.00008278
    -0.00162923    -0.00159579    -0.00003343
     0.04036219     0.04042049    -0.00005831
     0.03132730     0.03126270     0.00006459
     0.02635880     0.02640115    -0.00004235
     0.04489479     0.04491550    -0.00002072
     0.04146887     0.04147119    -0.00000232
     0.04037329     0.04033351     0.00003978
     0.03651635     0.03651292     0.00000343
     0.03297130     0.03298562    -0.00001431
     0.03064579     0.03061045     0.00003534
     0.01037712     0.01031367     0.00006344
     0.00122612     0.00116915     0.00005697
     0.00494888     0.00492268     0.00002620
     0.02572850     0.02571536     0.00001315
     0.04244427     0.04245345    -0.00000919
     0.02155068     0.02152908     0.00002160
     0.04116038     0.04115579     0.00000459
     0.04152409     0.04152146     0.00000262
    -0.00217457    -0.00216887    -0.00000570
     0.02609801     0.02604744     0.00005057
     0.00373316     0.00374377    -0.00001061
     0.01981735     0.01973307     0.00008427
     0.00941201     0.00940745     0.00000456
     0.04567706     0.04567501     0.00000205
     0.03151990     0.03158736    -0.00006746
     0.04490611     0.04487774     0.00002837
     0.04584670     0.04585115    -0.00000445
     0.05068028     0.05068640    -0.00000611
     0.02576148     0.02579791    -0.00003643
     0.04287608     0.04288259    -0.00000651
     0.04473628     0.04473287     0.00000342
     0.03453598     0.03449853     0.00003745
     0.02604674     0.02604374     0.00000300
     0.03749073     0.03756042    -0.00006968
     0.05028370     0.05034781    -0.00006410
     0.05919864     0.05923709    -0.00003845
     0.00980619     0.00978621     0.00001998
     0.01925829     0.01925280     0.00000549
     0.04380396     0.04381878    -0.00001481
     0.04677580     0.04676061     0.00001519
     0.02223663     0.02222820     0.00000843
    -0.00188338    -0.00190541     0.00002202
     0.00153646     0.00148530     0.00005117
     0.05163086     0.05161132     0.00001953
     0.02591289     0.02594349    -0.00003060
     0.02262610     0.02258814     0.00003796
     0.03210440     0.03210291     0.00000149
    -0.03468137    -0.03466117    -0.00002021
     0.01001278     0.01008640    -0.00007361
     0.04768287     0.04764341     0.00003946
    -0.00069756    -0.00063192    -0.00006565
     0.02325744     0.02323010     0.00002733
     0.01946833     0.01946941    -0.00000107
     0.04512802     0.04514500    -0.00001698
    -0.00019380    -0.00022961     0.00003581
     0.02209075     0.02212937    -0.00003862
     0.03497964     0.03497680     0.00000284
     0.03626197     0.03628621    -0.00002424
     0.02777325     0.02779071    -0.00001747
     0.01011172     0.01019473    -0.00008301
     0.02895757     0.02895159     0.00000597
     0.01607913     0.01606225     0.00001687
     0.01554867     0.01556369    -0.00001502
     0.04641337     0.04642684    -0.00001347
     0.03424629     0.03424628     0.00000002
     0.02764568     0.02764487     0.00000081
     0.02873648     0.02874692    -0.00001045
     0.04610210     0.04608580     0.00001630
     0.03055485     0.03051709     0.00003776
     0.02965636     0.02964775     0.00000861
     0.01531492     0.01530770     0.00000722
     0.02899809     0.02897406     0.00002402
     0.02757645     0.02754829     0.00002817
     0.01088390     0.01089488    -0.00001098
     0.04018376     0.04018348     0.00000028
    -0.03579922    -0.03581828     0.00001906
    -0.03577168    -0.03579079     0.00001911
     0.01771992     0.01771326     0.00000666
     0.01825979     0.01826407    -0.00000428
     0.01602585     0.01603775    -0.00001191
    -0.00110633    -0.00113625     0.00002992
     0.01104012     0.01104370    -0.00000358
     0.03440205     0.03437980     0.00002225
     0.02508060     0.02508182    -0.00000123
     0.04305285     0.04304663     0.00000622
     0.01801429     0.01804378    -0.00002949
     0.00941917     0.00939319     0.00002598
     0.03303740     0.03303768    -0.00000028
     0.03381793     0.03382185    -0.00000392
     0.02081181     0.02082116    -0.00000935
     0.04130144     0.04128980     0.00001164
     0.03236816     0.03238284    -0.00001468
     0.03643583     0.03644662    -0.00001079
     0.02929654     0.02928948     0.00000706
    -0.00964976    -0.00967421     0.00002445
    -0.00459698    -0.00451758    -0.00007941
     0.00102818     0.00100965     0.00001853
     0.00622109     0.00623179    -0.00001070
     0.01350136     0.01353984    -0.00003847
    -0.01726048    -0.01726372     0.00000323
     0.02487306     0.02489214    -0.00001908
    -0.02687927    -0.02685012    -0.00002915
    -0.00430702    -0.00434712     0.00004010
    -0.03038407    -0.03034380    -0.00004027
    -0.03815679    -0.03814755    -0.00000923
    -0.02253203    -0.02250726    -0.00002478
    -0.00372714    -0.00372003    -0.00000712
    -0.02220093    -0.02219096    -0.00000997
     0.00643500     0.00645608    -0.00002108
    -0.00592463    -0.00591511    -0.00000951
     0.00396228     0.00395788     0.00000439
    -0.01629516    -0.01632558     0.00003042
    -0.02417669    -0.02413623    -0.00004046
     0.02365214     0.02362367     0.00002847
     0.01911799     0.01909935     0.00001864
     0.01045353     0.01041067     0.00004286
    -0.00087988    -0.00084979    -0.00003009
    -0.01676371    -0.01675281    -0.00001090
     0.00130111     0.00126163     0.00003949
     0.00024330     0.00034715    -0.00010386
    -0.00748147    -0.00746019    -0.00002128
    -0.01153893    -0.01146250    -0.00007643
     0.02065624     0.02065353     0.00000272
    -0.00355119    -0.00353493    -0.00001626
     0.00902841     0.00904984    -0.00002143
     0.01158070     0.01160172    -0.00002102
    -0.01187698    -0.01188992     0.00001294
    -0.01220221    -0.01225238     0.00005017
     0.01492833     0.01490549     0.00002284
     0.00706832     0.00707926    -0.00001094
    -0.00651296    -0.00645990    -0.00005306
    -0.00645808    -0.00648550     0.00002742
     0.01971783     0.01972274    -0.00000490
    -0.01547917    -0.01545460    -0.00002457
     0.02039167     0.02036923     0.00002244
    -0.03156796    -0.03159071     0.00002276
    -0.01657546    -0.01650314    -0.00007233
     0.00665808     0.00664848     0.00000960
    -0.02625651    -0.02630249     0.00004598
     0.00221903     0.00222872    -0.00000968
     0.01079119     0.01076124     0.00002995
    -0.01704464    -0.01708144     0.00003680
     0.00956420     0.00959369    -0.00002949
    -0.00197013    -0.00199135     0.00002122
     0.00832649     0.00830611     0.00002038
     0.00171655     0.00172806    -0.00001151
    -0.01055323    -0.01053482    -0.00001840
    -0.02671636    -0.02677532     0.00005897
     0.01623200     0.01623943    -0.00000743
     0.01000418     0.01006089    -0.00005670
     0.01063127     0.01059998     0.00003129
    -0.00044899    -0.00041884    -0.00003015
    -0.02027335    -0.02024184    -0.00003151
    -0.00027421    -0.00024551    -0.00002870
     0.01466832     0.01466503     0.00000330
    -0.01398649    -0.01397152    -0.00001497
    -0.00362069    -0.00359513    -0.00002556
    -0.03537774    -0.03536329    -0.00001445
     0.01407795     0.01402028     0.00005767
     0.00122647     0.00122094     0.00000553
     0.00712623     0.00712164     0.00000459
    -0.00394056    -0.00400437     0.00006381
    -0.01097650    -0.01100852     0.00003202
     0.00805925     0.00805953    -0.00000028
    -0.01865145    -0.01864789    -0.00000355
    -0.00558084    -0.00561188     0.00003105
    -0.00422718    -0.00421192    -0.00001526
    -0.02147280    -0.02139545    -0.00007735
    -0.01381756    -0.01381101    -0.00000655
    -0.02999770    -0.03004729     0.00004960
     0.00525123     0.00526642    -0.00001519
    -0.00223525    -0.00221042    -0.00002483
    -0.02521208    -0.02516144    -0.00005064
    -0.00946407    -0.00951568     0.00005161
    -0.02203782    -0.02205003     0.00001221
    -0.00941182    -0.00942030     0.00000848
     0.01564187     0.01568247    -0.00004060
    -0.01377089    -0.01377125     0.00000036
    -0.00138699    -0.00139401     0.00000702
    -0.02177686    -0.02176211    -0.00001475
    -0.01737580    -0.01738793     0.00001213
    -0.01160234    -0.01157740    -0.00002494
    -0.02103761    -0.02107078     0.00003317
    -0.00579676    -0.00578394    -0.00001282
    -0.01584750    -0.01511168    -0.00073583
    -0.01752661    -0.01753034     0.00000373
    -0.03256680    -0.03253611    -0.00003069
    -0.02233549    -0.02233295    -0.00000254
    -0.02202819    -0.02202708    -0.00000111
    -0.01482022    -0.01479028    -0.00002994
    -0.01577618    -0.01576197    -0.00001421
    -0.00439352    -0.00444578     0.00005226
    -0.01136451    -0.01138888     0.00002437
    -0.01543770    -0.01543831     0.00000061
    -0.03226533    -0.03224564    -0.00001969
    -0.03541747    -0.03542703     0.00000956
    -0.02817154    -0.02814685    -0.00002469
    -0.03384079    -0.03383372    -0.00000706
    -0.02923284    -0.02921340    -0.00001944
    -0.01120159    -0.01119316    -0.00000844
    -0.01141882    -0.01140611    -0.00001272
     0.01612130     0.01617719    -0.00005588
     0.00565953     0.00565106     0.00000847
    -0.01701484    -0.01698155    -0.00003329
    -0.00072418    -0.00066907    -0.00005511
    -0.01299118    -0.01299137     0.00000019
    -0.02854042    -0.02860379     0.00006338
    -0.03032636    -0.03030182    -0.00002453
    -0.03360652    -0.03363688     0.00003035
    -0.01372161    -0.01371582    -0.00000580
    -0.01369236    -0.01366943    -0.00002293
    -0.03568515    -0.03568601     0.00000087
    -0.03794922    -0.03793810    -0.00001112
    -0.01193317    -0.01200771     0.00007453
    -0.01707705    -0.01711465     0.00003760
    -0.00732531    -0.00729494    -0.00003037
    -0.02146557    -0.02150571     0.00004015
    -0.03099401    -0.03091588    -0.00007813
    -0.02482250    -0.02476768    -0.00005482
    -0.01018503    -0.01014073    -0.00004430
    -0.03471422    -0.03473802     0.00002380
    -0.03526106    -0.03522520    -0.00003586
    -0.01916234    -0.01918385     0.00002151
    -0.02291052    -0.02290504    -0.00000548
    -0.01806735    -0.01801328    -0.00005407
    -0.02763022    -0.02759777    -0.00003246
    -0.02882431    -0.02881857    -0.00000575
    -0.01348828    -0.01345653    -0.00003175
    -0.02123857    -0.02117513    -0.00006344
    -0.01210327    -0.01206059    -0.00004268
    -0.02387249    -0.02398786     0.00011537
    -0.00912621    -0.00913432     0.00000811
    -0.01133047    -0.01131699    -0.00001347
    -0.02871887    -0.02868072    -0.00003815
    -0.01885499    -0.01888555     0.00003056
    -0.01944836    -0.01938333    -0.00006502
    -0.02629227    -0.02631863     0.00002636
    -0.03230854    -0.03228528    -0.00002326
    -0.04100367    -0.04101772     0.00001405
    -0.01170449    -0.01171164     0.00000715
    -0.02222762    -0.02228027     0.00005265
    -0.02308347    -0.02311246     0.00002898
    -0.00905715    -0.00908056     0.00002341
    -0.01691879    -0.01693820     0.00001941
    -0.01356863    -0.01363335     0.00006472
    -0.01913940    -0.01915550     0.00001610
    -0.03132578    -0.03133769     0.00001192
     0.00441137     0.00442866    -0.00001729
    -0.03537888    -0.03537462    -0.00000426
    -0.02691750    -0.02693586     0.00001835
    -0.03236590    -0.03239107     0.00002517
    -0.03793958    -0.03795806     0.00001848
    -0.00987028    -0.00984885    -0.00002143
    -0.02147642    -0.02142641    -0.00005002
    -0.02044318    -0.02042829    -0.00001489
    -0.01704363    -0.01700113    -0.00004250
    -0.00869967    -0.00862442    -0.00007525
    -0.01902424    -0.01912780     0.00010356
    -0.01756095    -0.01754895    -0.00001200
    -0.01155308    -0.01159995     0.00004686
    -0.02911863    -0.02914629     0.00002766
    -0.02132730    -0.02132881     0.00000151
    -0.02227135    -0.02233732     0.00006597
    -0.03048761    -0.03043974    -0.00004787
    -0.02529004    -0.02528007    -0.00000998
    -0.02254278    -0.02246111    -0.00008167
    -0.02681693    -0.02675748    -0.00005945
    -0.01522594    -0.01526125     0.00003531
    -0.01848067    -0.01848844     0.00000778
    -0.02565163    -0.02562455    -0.00002708
    -0.01544627    -0.01545599     0.00000972
    -0.02792076    -0.02786368    -0.00005708
    -0.01989000    -0.01991116     0.00002116
    -0.02038149    -0.02039980     0.00001831
    -0.02778699    -0.02775354    -0.00003345
    -0.01371073    -0.01373331     0.00002258
    -0.02383761    -0.02385966     0.00002205
    -0.01665949    -0.01661607    -0.00004342
    -0.03215787    -0.03216980     0.00001193
    -0.03285652    -0.03287420     0.00001768
    -0.01478781    -0.01476589    -0.00002192
    -0.02721759    -0.02719230    -0.00002529
    -0.02557601    -0.02558599     0.00000998
    -0.01659016    -0.01660966     0.00001951
    -0.03283925    -0.03282557    -0.00001368
    -0.02374607    -0.02375781     0.00001174
    -0.02879699    -0.02879952     0.00000253
    -0.02206865    -0.02203001    -0.00003864
    -0.02594543    -0.02593486    -0.00001057
    -0.01957182    -0.01953835    -0.00003347
    -0.01829163    -0.01828775    -0.00000388
    -0.02075037    -0.02074340    -0.00000697
    -0.02116942    -0.02120545     0.00003603
    -0.00316191    -0.00317558     0.00001367
    -0.00171837    -0.00167327    -0.00004511
    -0.02942359    -0.02943939     0.00001580
    -0.00164340    -0.00159562    -0.00004779
    -0.01831811    -0.01830486    -0.00001325
     0.03689978     0.03674126     0.00015852
     0.02867261     0.02865035     0.00002226
     0.04027941     0.04025350     0.00002591
    -0.02622138    -0.02622342     0.00000204
     0.03808187     0.03807364     0.00000823
    -0.00132457    -0.00130075    -0.00002382
     0.03749231     0.03750626    -0.00001395
     0.05108943     0.05111133    -0.00002190
     0.03787403     0.03793004    -0.00005601
    -0.02683851    -0.02683059    -0.00000792
    -0.02334906    -0.02336228     0.00001323
     0.04251801     0.04255866    -0.00004065
     0.04518875     0.04518212     0.00000663
     0.04610022     0.04612240    -0.00002217
    -0.02399144    -0.02401422     0.00002278
    -0.02395519    -0.02397203     0.00001684
    -0.02395519    -0.02397203     0.00001684
     0.03975605     0.03975543     0.00000062
     0.04622238     0.04628614    -0.00006377
    -0.03730929    -0.03729839    -0.00001090
     0.01515484     0.01515592    -0.00000108
    -0.01958771    -0.01956630    -0.00002140
    -0.02793815    -0.02794222     0.00000407
     0.03809553     0.03810003    -0.00000450
    -0.02208784    -0.02209224     0.00000441
     0.01667990     0.01670529    -0.00002539
    -0.02518607    -0.02520172     0.00001565
     0.05688921     0.05691977    -0.00003055
     0.05214053     0.05223898    -0.00009845
     0.01356436     0.01356666    -0.00000230
     0.04167043     0.04163399     0.00003643
    -0.03021460    -0.03041221     0.00019761
    -0.02147367    -0.02167982     0.00020615
    -0.01991182    -0.01991667     0.00000484
    -0.01421770    -0.01420540    -0.00001230
    -0.02089633    -0.02086998    -0.00002635
     0.05296786     0.05297500    -0.00000714
    -0.02647360    -0.02646554    -0.00000807
    -0.02020007    -0.02020546     0.00000539
    -0.02346743    -0.02347634     0.00000891
    -0.03990270    -0.03989063    -0.00001206
     0.01417857     0.01419796    -0.00001939
     0.04170629     0.04181273    -0.00010644
     0.04882457     0.04885351    -0.00002893
     0.04438248     0.04439059    -0.00000811
    -0.02082558    -0.02083016     0.00000457
     0.05037628     0.05042437    -0.00004810
    -0.03728978    -0.03729527     0.00000550
    -0.03571492    -0.03571979     0.00000488
    -0.02641349    -0.02642431     0.00001081
     0.05312329     0.05307678     0.00004652
    -0.02224215    -0.02221433    -0.00002782
    -0.02503382    -0.02501553    -0.00001829
     0.00816872     0.00817838    -0.00000965
     0.04048801     0.04049883    -0.00001082
    -0.02905362    -0.02907863     0.00002500
    -0.02362239    -0.02359717    -0.00002523
    -0.03433133    -0.03434606     0.00001473
    -0.02163088    -0.02162983    -0.00000104
     0.04766229     0.04770199    -0.00003969
     0.00977044     0.00975823     0.00001221
    -0.02767191    -0.02768020     0.00000829
     0.05906621     0.05898153     0.00008468
    -0.03296083    -0.03297687     0.00001604
    -0.02961217    -0.02960337    -0.00000880
    -0.03160651    -0.03161994     0.00001343
    -0.02895898    -0.02896702     0.00000804
    -0.03027158    -0.03028162     0.00001004
    -0.02166456    -0.02164853    -0.00001603
     0.05976654     0.05976093     0.00000561
     0.02680221     0.02684214    -0.00003994
     0.04557548     0.04559234    -0.00001686
    -0.03417867    -0.03414638    -0.00003229
     0.05636096     0.05633769     0.00002327
     0.04042741     0.04046531    -0.00003790
     0.06032068     0.06033735    -0.00001667
    -0.02059584    -0.02080942     0.00021358
     0.05968823     0.05966217     0.00002606
    -0.02240768    -0.02241455     0.00000688
     0.04137304     0.04138870    -0.00001567
    -0.02489445    -0.02487503    -0.00001941
     0.04609919     0.04612626    -0.00002707
    -0.03129701    -0.03161961     0.00032259
     0.03046541     0.03043924     0.00002616
    -0.03443312    -0.03444110     0.00000797
    -0.00981833    -0.00983808     0.00001975
    -0.05612806    -0.05611214    -0.00001591
     0.06027646     0.06017954     0.00009692
     0.00274019     0.00276827    -0.00002808
     0.05797171     0.05804051    -0.00006881
    -0.02464103    -0.02507201     0.00043098
    -0.04425257    -0.04426911     0.00001654
    -0.04753922    -0.04685790    -0.00068132
    -0.00979136    -0.00977592    -0.00001544
     0.01749151     0.01749564    -0.00000413
    -0.04098878    -0.04097613    -0.00001265
    -0.00111523    -0.00109926    -0.00001598
    -0.00111523    -0.00109926    -0.00001598
    -0.00111523    -0.00109926    -0.00001598
    -0.00111523    -0.00109926    -0.00001598
    -0.00111523    -0.00109926    -0.00001598
    -0.03900845    -0.03897821    -0.00003024
    -0.01374619    -0.01371227    -0.00003391
     0.03284667     0.03277862     0.00006806
    -0.00189266    -0.00187698    -0.00001568
     0.03284403     0.03277611     0.00006793
    -0.00184311    -0.00183288    -0.00001023
     0.01597208     0.01595725     0.00001483
     0.01199181     0.01205132    -0.00005951
    -0.03096509    -0.03096994     0.00000485
     0.00272949     0.00274348    -0.00001399
    -0.00145361    -0.00148253     0.00002892
    -0.03257940    -0.03261304     0.00003363
    -0.03444613    -0.03432181    -0.00012432
    -0.00168526    -0.00169284     0.00000758
     0.01388521     0.01394678    -0.00006157
    -0.00139720    -0.00139911     0.00000192
    -0.00131426    -0.00133262     0.00001836
    -0.00147078    -0.00149806     0.00002728
    -0.00155083    -0.00156984     0.00001901
    -0.00177982    -0.00174780    -0.00003202
    -0.00137605    -0.00138198     0.00000593
    -0.02442214    -0.02443381     0.00001167
    -0.00160446    -0.00161575     0.00001129
    -0.00175592    -0.00173705    -0.00001888
    -0.00082600    -0.00081808    -0.00000792
    -0.00082600    -0.00081808    -0.00000792
    -0.00082600    -0.00081808    -0.00000792
    -0.00082600    -0.00081808    -0.00000792
    -0.00082600    -0.00081808    -0.00000792
    -0.00082600    -0.00081808    -0.00000792
    -0.00082600    -0.00081808    -0.00000792
    -0.00082600    -0.00081808    -0.00000792
    -0.00082600    -0.00081808    -0.00000792
    -0.00082600    -0.00081808    -0.00000792
    -0.00082600    -0.00081808    -0.00000792
    -0.00082600    -0.00081808    -0.00000792
     0.00290427     0.00288000     0.00002427
    -0.00137091    -0.00139322     0.00002231
    -0.03938783    -0.03939772     0.00000989
    -0.00186991    -0.00183900    -0.00003091
    -0.01505141    -0.01502568    -0.00002572
     0.04663828     0.04642371     0.00021457
    -0.02179814    -0.02179989     0.00000174
    -0.00141635    -0.00142513     0.00000878
    -0.03592861    -0.03592019    -0.00000842
    -0.00157491    -0.00157755     0.00000264
    -0.00155429    -0.00155743     0.00000314
     0.01531242     0.01536646    -0.00005404
    -0.02966025    -0.02963480    -0.00002544
    -0.03510291    -0.03511663     0.00001372
     0.01312726     0.01316480    -0.00003754
    -0.03641681    -0.03640637    -0.00001044
    -0.02210452    -0.02208626    -0.00001825
    -0.03206339    -0.03205495    -0.00000844
    -0.03836079    -0.03833778    -0.00002301
    -0.00045536    -0.00047881     0.00002345
    -0.00339261    -0.00333761    -0.00005500
    -0.00243839    -0.00239132    -0.00004707
     0.00146022     0.00147432    -0.00001411
    -0.03850623    -0.03846175    -0.00004448
     0.00982532     0.00975894     0.00006638
    -0.01095533    -0.01099723     0.00004189
    -0.01935622    -0.01932405    -0.00003217
    -0.03566161    -0.03568478     0.00002317
    -0.03394400    -0.03394330    -0.00000070
     0.00176988     0.00178778    -0.00001790
     0.01010669     0.01007688     0.00002981
    -0.03434744    -0.03432416    -0.00002327
    -0.02746456    -0.02746611     0.00000155
     0.00348464     0.00347200     0.00001264
    -0.02617991    -0.02615153    -0.00002838
    -0.00862936    -0.00859726    -0.00003210
    -0.03484851    -0.03485398     0.00000547
    -0.02632748    -0.02637358     0.00004610
    -0.04742732    -0.04744587     0.00001855
    -0.01375873    -0.01375680    -0.00000193
    -0.03719318    -0.03718536    -0.00000782
    -0.01931641    -0.01929607    -0.00002034
    -0.03915011    -0.03910182    -0.00004829
    -0.03719258    -0.03717693    -0.00001564
    -0.03806451    -0.03804100    -0.00002351
    -0.02513951    -0.02519445     0.00005494
    -0.01351323    -0.01355658     0.00004335
    -0.01048746    -0.01055770     0.00007024
    -0.03902586    -0.03902749     0.00000162
    -0.02791417    -0.02788544    -0.00002873
    -0.03515907    -0.03512465    -0.00003442
    -0.03320965    -0.03319970    -0.00000994
    -0.03469950    -0.03468645    -0.00001305
    -0.03207063    -0.03202642    -0.00004421
    -0.03149013    -0.03146162    -0.00002852
    -0.02740361    -0.02745339     0.00004978
    -0.03239371    -0.03239528     0.00000157
    -0.03311087    -0.03315704     0.00004617
    -0.03746532    -0.03754439     0.00007907
    -0.00180025    -0.00183931     0.00003906
    -0.00180025    -0.00183931     0.00003906
    -0.00276389    -0.00277632     0.00001243
    -0.00209811    -0.00202983    -0.00006828
     0.03009152     0.03008952     0.00000201
     0.03742134     0.03729877     0.00012257
    -0.00251754    -0.00249436    -0.00002319
     0.00060042     0.00060171    -0.00000129
     0.02943091     0.02946219    -0.00003128
    -0.01807519    -0.01801144    -0.00006375
     0.00362287     0.00364639    -0.00002352
     0.01397792     0.01396204     0.00001587
    -0.00231436    -0.00225867    -0.00005569
    -0.00543387    -0.00539822    -0.00003565
    -0.00142267    -0.00140113    -0.00002154
    -0.00142294    -0.00140113    -0.00002181
    -0.00216453    -0.00219226     0.00002773
    -0.00271847    -0.00274101     0.00002254
     0.01718399     0.01720740    -0.00002341
    -0.00703284    -0.00699617    -0.00003667
    -0.00228023    -0.00222360    -0.00005663
    -0.00221049    -0.00214791    -0.00006258
    -0.01262135    -0.01256130    -0.00006005
    -0.00208066    -0.00203218    -0.00004848
    -0.01610688    -0.01603274    -0.00007414
     0.00665838     0.00670263    -0.00004425
    -0.00161230    -0.00161687     0.00000457
    -0.00161230    -0.00161687     0.00000457
    -0.00190257    -0.00188742    -0.00001514
    -0.00210162    -0.00205594    -0.00004567
    -0.00250407    -0.00253157     0.00002750
     0.03054171     0.03052731     0.00001439
    -0.00205304    -0.00205982     0.00000677
     0.03527096     0.03501244     0.00025853
    -0.00252369    -0.00254287     0.00001917
    -0.01251906    -0.01246266    -0.00005640
    -0.00910637    -0.00920133     0.00009496
     0.02964044     0.02966626    -0.00002582
     0.03543154     0.03534322     0.00008832
    -0.00247822    -0.00248452     0.00000629
    -0.00198850    -0.00200975     0.00002125
    -0.00747848    -0.00753946     0.00006099
    -0.00237055    -0.00236538    -0.00000517
    -0.00224687    -0.00222125    -0.00002562
    -0.01175053    -0.01181792     0.00006739
    -0.00230883    -0.00228800    -0.00002084
     0.00014985     0.00018841    -0.00003856
     0.02401688     0.02397010     0.00004678
     0.00945688     0.00952986    -0.00007298
     0.01622196     0.01620966     0.00001230
    -0.00385694    -0.00383847    -0.00001848
     0.02818177     0.02822238    -0.00004061
     0.00474890     0.00480433    -0.00005542
    -0.02610625    -0.02608725    -0.00001900
     0.02285166     0.02281294     0.00003872
     0.00751750     0.00753837    -0.00002087
     0.03044105     0.03044387    -0.00000282
     0.03056900     0.03059006    -0.00002106
     0.01208496     0.01194177     0.00014318
     0.02030190     0.02031662    -0.00001472
    -0.02296943    -0.02293260    -0.00003683
    -0.01140339    -0.01142411     0.00002071
     0.03698800     0.03702391    -0.00003591
     0.03256468     0.03253723     0.00002746
     0.02695054     0.02698093    -0.00003039
     0.05616743     0.05616447     0.00000296
     0.02790675     0.02790323     0.00000352
     0.03150883     0.03152452    -0.00001569
     0.03063091     0.03059061     0.00004030
     0.02409862     0.02410780    -0.00000917
     0.02807203     0.02800877     0.00006326
     0.00561727     0.00555561     0.00006166
     0.01179682     0.01175965     0.00003716
     0.00018749     0.00019612    -0.00000863
    -0.00067710    -0.00068144     0.00000434
    -0.00894204    -0.00892402    -0.00001802
    -0.04658132    -0.04658670     0.00000537
     0.03232884     0.03229474     0.00003410
     0.03246016     0.03246957    -0.00000941
     0.03094052     0.03093345     0.00000707
    -0.02974702    -0.02970999    -0.00003703
     0.02793066     0.02792082     0.00000985
     0.00882860     0.00882967    -0.00000107
    -0.00177252    -0.00176764    -0.00000488
     0.03342301     0.03342515    -0.00000214
    -0.00249284    -0.00248025    -0.00001258
     0.03439734     0.03439120     0.00000614
     0.00173445     0.00171977     0.00001468
    -0.01821892    -0.01824211     0.00002319
     0.03538248     0.03536765     0.00001482
     0.03637912     0.03635446     0.00002466
    -0.02433732    -0.02437349     0.00003617
    -0.04656203    -0.04656510     0.00000307
     0.02332380     0.02334437    -0.00002056
    -0.04705929    -0.04705894    -0.00000035
     0.02840741     0.02836754     0.00003987
    -0.02415280    -0.02415922     0.00000642
    -0.02419748    -0.02418418    -0.00001330
    -0.02223508    -0.02222318    -0.00001190
    -0.02567721    -0.02567361    -0.00000360
    -0.00066401    -0.00068093     0.00001691
    -0.00084913    -0.00087762     0.00002849
    -0.00066374    -0.00068093     0.00001719
    -0.00066374    -0.00068093     0.00001719
    -0.00066374    -0.00068093     0.00001719
    -0.00066374    -0.00068093     0.00001719
    -0.00066374    -0.00068093     0.00001719
    -0.00088037    -0.00091058     0.00003021
     0.02944920     0.02948132    -0.00003213
    -0.00147769    -0.00148722     0.00000953
     0.02290880     0.02289187     0.00001693
    -0.00142073    -0.00143369     0.00001296
    -0.00108530    -0.00114542     0.00006012
     0.03548438     0.03551761    -0.00003323
    -0.00150874    -0.00151635     0.00000762
    -0.00143932    -0.00144965     0.00001033
     0.03303590     0.03308148    -0.00004558
    -0.00160800    -0.00161441     0.00000640
     0.02464519     0.02474282    -0.00009763
     0.05745750     0.05741661     0.00004088
     0.02682273     0.02685192    -0.00002920
    -0.00164901    -0.00165087     0.00000186
    -0.00111126    -0.00114861     0.00003735
    -0.00025527    -0.00027097     0.00001570
    -0.00113471    -0.00116475     0.00003003
    -0.00158286    -0.00158789     0.00000503
    -0.00145004    -0.00146102     0.00001098
     0.03183297     0.03185878    -0.00002581
    -0.00145290    -0.00146258     0.00000969
    -0.00162283    -0.00162725     0.00000441
     0.02674313     0.02669757     0.00004557
     0.03720613     0.03723871    -0.00003258
     0.03148200     0.03147364     0.00000836
    -0.00131684    -0.00133984     0.00002300
    -0.00108421    -0.00109643     0.00001222
     0.03498252     0.03500324    -0.00002071
    -0.00108255    -0.00115229     0.00006974
     0.02425767     0.02434586    -0.00008819
     0.03192775     0.03198853    -0.00006078
     0.03372242     0.03367453     0.00004789
    -0.00142816    -0.00143952     0.00001136
    -0.00035742    -0.00037303     0.00001561
    -0.00047582    -0.00049341     0.00001759
     0.02886927     0.02883837     0.00003090
     0.02753735     0.02758848    -0.00005113
    -0.00093066    -0.00095118     0.00002052
    -0.04074018    -0.04073093    -0.00000925
    -0.00113828    -0.00116899     0.00003071
    -0.00125439    -0.00126974     0.00001535
    -0.00095049    -0.00097826     0.00002776
    -0.00105939    -0.00114657     0.00008717
    -0.00130949    -0.00132482     0.00001533
     0.03165947     0.03160963     0.00004984
     0.02534278     0.02528726     0.00005552
    -0.00136468    -0.00138174     0.00001706
     0.02311161     0.02299256     0.00011905
    -0.00117882    -0.00120696     0.00002813
    -0.00098432    -0.00101058     0.00002626
    -0.01359342    -0.01359182    -0.00000160
    -0.00144209    -0.00145499     0.00001289
    -0.00128255    -0.00129830     0.00001574
    -0.00102946    -0.00104751     0.00001805
    -0.00126288    -0.00128557     0.00002269
     0.03468524     0.03465643     0.00002881
    -0.02530814    -0.02527784    -0.00003030
    -0.00104519    -0.00106557     0.00002038
     0.03325925     0.03323907     0.00002019
    -0.00131396    -0.00133283     0.00001887
    -0.00122666    -0.00124371     0.00001705
    -0.00108029    -0.00110752     0.00002723
    -0.00112642    -0.00114507     0.00001865
     0.02388357     0.02387090     0.00001267
    -0.00131279    -0.00132950     0.00001671
    -0.00114748    -0.00116628     0.00001881
     0.01057658     0.01058556    -0.00000899
     0.03626195     0.03628263    -0.00002068
     0.03617871     0.03619291    -0.00001420
    -0.01649824    -0.01647106    -0.00002717
     0.02860311     0.02859407     0.00000905
    -0.00124405    -0.00126341     0.00001936
    -0.00119613    -0.00121883     0.00002270
     0.02626838     0.02629406    -0.00002568
     0.03173947     0.03173249     0.00000698
    -0.00507933    -0.00507871    -0.00000062
     0.03187653     0.03188712    -0.00001059
     0.01105969     0.01102964     0.00003005
     0.04086693     0.04087940    -0.00001247
     0.03629765     0.03624898     0.00004867
     0.02698287     0.02702569    -0.00004283
     0.03022940     0.03022442     0.00000498
     0.03648669     0.03651696    -0.00003028
     0.01972975     0.01973758    -0.00000783
     0.04369928     0.04378927    -0.00008999
     0.04855978     0.04855323     0.00000655
     0.03706155     0.03705285     0.00000870
     0.04360189     0.04359171     0.00001018
     0.03587903     0.03591817    -0.00003915
    -0.01108154    -0.01107553    -0.00000601
     0.03804508     0.03798231     0.00006277
     0.03135916     0.03131343     0.00004573
    -0.00247890    -0.00243928    -0.00003962
     0.02366060     0.02367137    -0.00001077
     0.01876756     0.01877541    -0.00000785
     0.01237441     0.01242233    -0.00004793
     0.01185614     0.01188374    -0.00002760
    -0.00174855    -0.00180783     0.00005928
     0.01147276     0.01150429    -0.00003154
    -0.00321511    -0.00324095     0.00002584
     0.01391071     0.01388644     0.00002426
    -0.02699193    -0.02704606     0.00005414
     0.00739706     0.00734946     0.00004761
     0.01117857     0.01112669     0.00005189
     0.01629391     0.01625639     0.00003752
     0.01916860     0.01916573     0.00000287
     0.01352360     0.01351903     0.00000456
     0.01453991     0.01451143     0.00002848
     0.00570800     0.00575351    -0.00004551
     0.01463589     0.01468212    -0.00004623
     0.02387780     0.02386758     0.00001022
     0.01867466     0.01868532    -0.00001066
     0.01070227     0.01075859    -0.00005632
     0.01951957     0.01953451    -0.00001494
    -0.02036024    -0.02042604     0.00006580
     0.00698119     0.00698378    -0.00000259
     0.01789543     0.01791535    -0.00001992
    -0.01142788    -0.01168864     0.00026075
     0.01794107     0.01804050    -0.00009943
     0.00869845     0.00868192     0.00001653
     0.01249495     0.01252131    -0.00002636
     0.00705654     0.00711039    -0.00005385
     0.01619763     0.01618718     0.00001045
    -0.01869961    -0.01859089    -0.00010872
     0.02217287     0.02222545    -0.00005258
     0.01234874     0.01232697     0.00002177
    -0.00887733    -0.00887488    -0.00000245
     0.00981041     0.00988427    -0.00007386
     0.01617818     0.01619274    -0.00001456
     0.02218237     0.02214991     0.00003246
     0.02053401     0.02056403    -0.00003002
     0.00315638     0.00318342    -0.00002703
    -0.00192469    -0.00189850    -0.00002619
     0.01280252     0.01286531    -0.00006279
    -0.00810238    -0.00806339    -0.00003899
     0.01368466     0.01370090    -0.00001624
     0.03003827     0.03003405     0.00000422
     0.00309274     0.00310415    -0.00001141
    -0.01501938    -0.01499562    -0.00002376
     0.01812964     0.01814326    -0.00001362
     0.01687288     0.01685940     0.00001348
     0.01208830     0.01212509    -0.00003678
     0.01468999     0.01468885     0.00000114
     0.00516965     0.00519725    -0.00002760
     0.00033239     0.00036072    -0.00002833
     0.00450593     0.00454303    -0.00003710
     0.00407031     0.00408160    -0.00001129
     0.00924725     0.00925062    -0.00000338
     0.02105767     0.02104715     0.00001051
     0.02124401     0.02122380     0.00002021
     0.00750917     0.00749368     0.00001550
     0.04010009     0.04033638    -0.00023629
    -0.00201838    -0.00198743    -0.00003095
     0.00300898     0.00301946    -0.00001048
    -0.02679282    -0.02681350     0.00002068
     0.01843120     0.01844441    -0.00001322
     0.00393877     0.00397422    -0.00003545
     0.01751151     0.01751826    -0.00000675
     0.02403500     0.02407188    -0.00003688
     0.01631116     0.01627300     0.00003816
     0.02139248     0.02140151    -0.00000903
     0.00948344     0.00944554     0.00003790
    -0.00236932    -0.00240751     0.00003819
     0.01581324     0.01580583     0.00000741
     0.01891779     0.01887181     0.00004598
     0.01946754     0.01951295    -0.00004541
     0.02782176     0.02781598     0.00000579
     0.01617363     0.01624722    -0.00007358
    -0.01970752    -0.01953545    -0.00017207
     0.01998791     0.02006358    -0.00007567
     0.02358977     0.02359287    -0.00000310
     0.02259813     0.02263469    -0.00003656
     0.00847425     0.00848301    -0.00000876
    -0.01211982    -0.01207318    -0.00004664
     0.00772074     0.00772504    -0.00000430
     0.00675729     0.00677405    -0.00001675
     0.01436720     0.01441890    -0.00005170
    -0.00963316    -0.00958163    -0.00005153
     0.00642230     0.00643709    -0.00001480
     0.00510951     0.00511917    -0.00000966
     0.01633807     0.01629646     0.00004161
     0.01338504     0.01344093    -0.00005589
     0.00616338     0.00613924     0.00002414
     0.01601896     0.01599554     0.00002342
     0.02199358     0.02200835    -0.00001477
    -0.00732560    -0.00730403    -0.00002158
     0.01231201     0.01230161     0.00001040
     0.01178522     0.01182497    -0.00003974
    -0.02020739    -0.02031330     0.00010591
     0.01935189     0.01936691    -0.00001501
     0.01514945     0.01513668     0.00001277
     0.01514276     0.01516524    -0.00002248
    -0.02728399    -0.02725567    -0.00002831
     0.01874320     0.01871767     0.00002554
    -0.02552039    -0.02549226    -0.00002813
    -0.03211433    -0.03210790    -0.00000644
    -0.01222371    -0.01229074     0.00006703
    -0.03852996    -0.03852758    -0.00000238
    -0.02816161    -0.02815193    -0.00000968
    -0.02067897    -0.02069642     0.00001745
    -0.03224843    -0.03218833    -0.00006010
    -0.02551329    -0.02548805    -0.00002524
    -0.01564244    -0.01566869     0.00002626
    -0.02193757    -0.02194375     0.00000618
    -0.02881569    -0.02883738     0.00002169
     0.00047127     0.00053214    -0.00006087
    -0.02459727    -0.02461108     0.00001381
    -0.03455979    -0.03453000    -0.00002980
    -0.01494634    -0.01491456    -0.00003178
    -0.02587000    -0.02580823    -0.00006177
    -0.02748236    -0.02750740     0.00002504
    -0.01853808    -0.01849539    -0.00004269
    -0.02577533    -0.02579432     0.00001898
    -0.01641279    -0.01643804     0.00002525
    -0.01934545    -0.01936724     0.00002179
    -0.02488342    -0.02481810    -0.00006533
    -0.02126641    -0.02122594    -0.00004047
     0.02714268     0.02718798    -0.00004531
     0.02792781     0.02790094     0.00002687
    -0.01208485    -0.01210612     0.00002127
     0.01066447     0.01063298     0.00003149
    -0.03421225    -0.03418225    -0.00003000
    -0.01890261    -0.01892999     0.00002739
    -0.00715774    -0.00733211     0.00017437
    -0.00795533    -0.00794975    -0.00000558
     0.02671913     0.02669565     0.00002348
     0.03437416     0.03452547    -0.00015131
    -0.02034255    -0.02027595    -0.00006660
    -0.00472735    -0.00470052    -0.00002683
    -0.02312791    -0.02315470     0.00002679
    -0.02540545    -0.02543512     0.00002967
     0.03615898     0.03617499    -0.00001601
    -0.02840754    -0.02841593     0.00000838
     0.01025823     0.01027469    -0.00001646
    -0.02090779    -0.02089993    -0.00000786
    -0.02901226    -0.02898359    -0.00002867
    -0.01402820    -0.01402085    -0.00000736
    -0.02667619    -0.02667054    -0.00000565
     0.01459205     0.01464412    -0.00005207
    -0.01992652    -0.01990756    -0.00001896
    -0.01986736    -0.01983978    -0.00002758
    -0.01652183    -0.01657935     0.00005752
     0.01982537     0.01980246     0.00002291
    -0.00150471    -0.00148424    -0.00002047
     0.03589190     0.03595146    -0.00005956
    -0.02634800    -0.02634912     0.00000113
    -0.01013496    -0.01011885    -0.00001611
    -0.02431577    -0.02431963     0.00000387
     0.02512226     0.02515812    -0.00003586
    -0.03442273    -0.03440347    -0.00001926
    -0.03322859    -0.03311212    -0.00011646
    -0.02555100    -0.02552588    -0.00002512
    -0.02425318    -0.02429287     0.00003968
     0.01091865     0.01092900    -0.00001035
    -0.03580191    -0.03580017    -0.00000174
    -0.01572453    -0.01574316     0.00001862
    -0.00000961    -0.00007450     0.00006489
    -0.00522404    -0.00526491     0.00004087
     0.00692658     0.00693663    -0.00001005
    -0.03286452    -0.03287364     0.00000912
    -0.03587555    -0.03589923     0.00002368
     0.02124662     0.02121597     0.00003065
     0.00603804     0.00603947    -0.00000143
    -0.03032227    -0.03033480     0.00001253
    -0.01930803    -0.01930178    -0.00000625
    -0.02511350    -0.02513646     0.00002297
    -0.01548619    -0.01551605     0.00002986
    -0.04927424    -0.04927204    -0.00000220
    -0.04318423    -0.04319780     0.00001358
    -0.00273790    -0.00268954    -0.00004836
    -0.03473261    -0.03474545     0.00001284
     0.00048142     0.00047318     0.00000824
    -0.00695305    -0.00700267     0.00004962
    -0.02622435    -0.02623361     0.00000926
    -0.01634406    -0.01637462     0.00003056
     0.00395537     0.00401821    -0.00006285
    -0.01684554    -0.01690085     0.00005531
    -0.00817686    -0.00867527     0.00049841
    -0.02605866    -0.02608310     0.00002444
     0.04141246     0.04133881     0.00007365
     0.00943158     0.00941655     0.00001503
    -0.01976009    -0.01970502    -0.00005507
    -0.01587814    -0.01590923     0.00003109
    -0.02772108    -0.02754180    -0.00017929
     0.01018996     0.01019643    -0.00000647
    -0.00092132    -0.00088620    -0.00003513
     0.01576840     0.01577574    -0.00000734
     0.02275634     0.02241132     0.00034502
    -0.00565591    -0.00533209    -0.00032382
    -0.00315690    -0.00309304    -0.00006386
    -0.01043187    -0.01040950    -0.00002236
    -0.00609704    -0.00607258    -0.00002446
    -0.00117156    -0.00113446    -0.00003709
    -0.00116408    -0.00111099    -0.00005309
    -0.00091096    -0.00085650    -0.00005446
    -0.00085672    -0.00090627     0.00004954
     0.02845925     0.02838571     0.00007354
     0.02639415     0.02634730     0.00004684
    -0.03335874    -0.03339367     0.00003493
    -0.00086603    -0.00090734     0.00004131
    -0.00086595    -0.00090733     0.00004139
    -0.00112533    -0.00107951    -0.00004581
    -0.03227583    -0.03227552    -0.00000032
    -0.03227583    -0.03227552    -0.00000032
    -0.00082524    -0.00086307     0.00003783
    -0.02521061    -0.02518282    -0.00002780
    -0.00335397    -0.00321862    -0.00013535
    -0.00038559    -0.00045047     0.00006489
    -0.00056543    -0.00068009     0.00011467
    -0.02639771    -0.02642708     0.00002937
    -0.00091974    -0.00088497    -0.00003477
    -0.00099150    -0.00099404     0.00000254
    -0.00097716    -0.00095402    -0.00002314
     0.01531598     0.01535736    -0.00004138
    -0.00088252    -0.00090783     0.00002532
    -0.02721073    -0.02722764     0.00001691
     0.00489797     0.00571000    -0.00081203
    -0.00048491    -0.00042786    -0.00005705
    -0.02010609    -0.02017207     0.00006598
     0.02828273     0.02817676     0.00010597
    -0.00089730    -0.00090601     0.00000872
    -0.03185000    -0.03183198    -0.00001802
    -0.00091294    -0.00089856    -0.00001438
     0.02506231     0.02509498    -0.00003266
     0.03203858     0.03201849     0.00002009
     0.00171489     0.00175081    -0.00003592
     0.00005508     0.00010689    -0.00005182
    -0.02018405    -0.02006367    -0.00012037
     0.02823255     0.02815224     0.00008030
     0.02475319     0.02465740     0.00009579
    -0.03209191    -0.03208947    -0.00000244
     0.00362994     0.00355726     0.00007268
     0.01118603     0.01116419     0.00002184
     0.01137431     0.01139608    -0.00002178
     0.02140962     0.02150549    -0.00009587
     0.03136052     0.03127334     0.00008718
     0.03431718     0.03435491    -0.00003773
    -0.03430373    -0.03428814    -0.00001559
    -0.00117757    -0.00114378    -0.00003380
    -0.00047103    -0.00045098    -0.00002005
    -0.00043435    -0.00045771     0.00002336
    -0.02948318    -0.02949217     0.00000898
     0.04809811     0.04807191     0.00002620
     0.00978015     0.00978011     0.00000004
     0.01493652     0.01500183    -0.00006531
    -0.00090581    -0.00093091     0.00002509
     0.00006955    -0.00003291     0.00010246
    -0.02398564    -0.02380529    -0.00018035
     0.01704578     0.01700967     0.00003611
    -0.03822764    -0.03821462    -0.00001302
    -0.00074954    -0.00081306     0.00006353
    -0.02379856    -0.02377664    -0.00002192
     0.01479132     0.01477188     0.00001944
    -0.02923393    -0.02920272    -0.00003121
    -0.00083090    -0.00087477     0.00004387
     0.00715347     0.00723919    -0.00008572
    -0.03183324    -0.03183094    -0.00000230
    -0.00070698    -0.00078080     0.00007382
    -0.00016942    -0.00020945     0.00004003
     0.01749899     0.01745274     0.00004625
     0.01901464     0.01902053    -0.00000589
     0.01502964     0.01500197     0.00002766
    -0.02736682    -0.02732858    -0.00003824
     0.02787077     0.02786364     0.00000713
     0.01820164     0.01825980    -0.00005816
     0.01386534     0.01389865    -0.00003331
     0.04242941     0.04243511    -0.00000570
     0.01980632     0.01981233    -0.00000601
    -0.03587544    -0.03587736     0.00000193
     0.01538388     0.01542602    -0.00004214
     0.01084273     0.01079663     0.00004610
    -0.00005293    -0.00012221     0.00006928
    -0.01253093    -0.01240913    -0.00012179
     0.00778186     0.00776472     0.00001714
    -0.02273764    -0.02278684     0.00004920
     0.02621569     0.02614913     0.00006656
    -0.02538428    -0.02536934    -0.00001494
     0.02076868     0.02076947    -0.00000079
     0.01452095     0.01453859    -0.00001764
     0.01023186     0.01022214     0.00000972
     0.00597323     0.00598516    -0.00001193
     0.01314141     0.01310400     0.00003742
    -0.03519649    -0.03520687     0.00001038
    -0.03099693    -0.03097874    -0.00001819
    -0.00301742    -0.00306199     0.00004458
     0.04506252     0.04504577     0.00001675
    -0.00003586    -0.00006441     0.00002855
    -0.00909856    -0.00908627    -0.00001229
     0.02456892     0.02471619    -0.00014728
     0.00170098     0.00168335     0.00001763
     0.02875778     0.02873172     0.00002606
    -0.03088201    -0.03087826    -0.00000375
     0.02398991     0.02393564     0.00005427
    -0.01840736    -0.01842696     0.00001960
    -0.01840774    -0.01842696     0.00001922
    -0.01736130    -0.01735057    -0.00001073
     0.00726160     0.00715137     0.00011023
    -0.03482562    -0.03483074     0.00000512
    -0.03124020    -0.03116120    -0.00007900
     0.01963922     0.01950276     0.00013646
    -0.01047138    -0.01048561     0.00001423
     0.02923401     0.02919417     0.00003984
    -0.01529666    -0.01530301     0.00000635
    -0.01529683    -0.01530302     0.00000619
    -0.00707208    -0.00704123    -0.00003085
    -0.03396332    -0.03392497    -0.00003835
    -0.02181360    -0.02178690    -0.00002670
    -0.03276667    -0.03274556    -0.00002111
    -0.03190704    -0.03192916     0.00002212
     0.00181543     0.00179693     0.00001850
    -0.01760326    -0.01760997     0.00000671
    -0.01604694    -0.01604866     0.00000172
    -0.01010873    -0.01010722    -0.00000151
    -0.01681582    -0.01681741     0.00000159
    -0.01681626    -0.01681741     0.00000115
    -0.01175282    -0.01176259     0.00000977
    -0.02349766    -0.02346757    -0.00003009
     0.00527539     0.00524671     0.00002868
     0.03032385     0.03030757     0.00001628
    -0.01666085    -0.01667407     0.00001322
     0.01669650     0.01662076     0.00007574
     0.01274492     0.01277211    -0.00002719
     0.00437276     0.00452459    -0.00015183
    -0.01360210    -0.01357120    -0.00003090
    -0.03207360    -0.03198576    -0.00008783
    -0.00774197    -0.00771772    -0.00002424
     0.01202384     0.01210824    -0.00008439
     0.01303736     0.01306364    -0.00002629
    -0.01590658    -0.01591310     0.00000652
     0.00404171     0.00401697     0.00002474
    -0.00789794    -0.00787058    -0.00002736
    -0.02822509    -0.02815661    -0.00006849
     0.00711866     0.00707613     0.00004253
    -0.01214180    -0.01218386     0.00004206
    -0.01544456    -0.01544507     0.00000051
    -0.01523854    -0.01523903     0.00000049
     0.01962629     0.01962919    -0.00000289
     0.00488341     0.00484429     0.00003912
    -0.01135183    -0.01132656    -0.00002526
    -0.01394281    -0.01393809    -0.00000472
    -0.01495040    -0.01495498     0.00000458
    -0.01121003    -0.01121259     0.00000256
    -0.02176533    -0.02175258    -0.00001275
    -0.02126047    -0.02129858     0.00003811
    -0.00932434    -0.00930197    -0.00002237
     0.02914209     0.02926034    -0.00011826
    -0.01295281    -0.01294712    -0.00000569
    -0.01056643    -0.01056313    -0.00000329
    -0.01149746    -0.01148370    -0.00001376
     0.01600557     0.01612707    -0.00012149
    -0.01323627    -0.01323793     0.00000165
    -0.00405031    -0.00399775    -0.00005256
    -0.03047259    -0.03046467    -0.00000792
    -0.01117612    -0.01116940    -0.00000673
     0.01147589     0.01150604    -0.00003016
    -0.01187943    -0.01187754    -0.00000189
     0.02843057     0.02844523    -0.00001466
     0.01312013     0.01311056     0.00000957
     0.00867907     0.00869023    -0.00001116
    -0.03547870    -0.03550407     0.00002538
     0.00297788     0.00300724    -0.00002936
    -0.00225531    -0.00224674    -0.00000857
     0.02806041     0.02797030     0.00009011
     0.01991454     0.01976137     0.00015317
     0.02835584     0.02829667     0.00005917
     0.01194313     0.01196426    -0.00002113
    -0.00721192    -0.00719711    -0.00001481
    -0.03831706    -0.03830619    -0.00001087
    -0.04286245    -0.04283460    -0.00002785
    -0.04102146    -0.04107545     0.00005399
     0.00234451     0.00230283     0.00004168
     0.01330242     0.01325173     0.00005069
    -0.04163965    -0.04160615    -0.00003350
    -0.03473397    -0.03473581     0.00000184
    -0.04435298    -0.04432321    -0.00002977
    -0.04563515    -0.04566253     0.00002737
     0.02835758     0.02842862    -0.00007103
    -0.01727858    -0.01733363     0.00005505
    -0.03097995    -0.03100384     0.00002390
    -0.00066578    -0.00065664    -0.00000914
    -0.03891650    -0.03897338     0.00005688
    -0.02322897    -0.02324154     0.00001257
    -0.03441231    -0.03444311     0.00003081
    -0.01894114    -0.01898292     0.00004178
    -0.00123281    -0.00122768    -0.00000513
    -0.00530666    -0.00527464    -0.00003201
    -0.01638887    -0.01641122     0.00002235
    -0.00280702    -0.00280814     0.00000112
     0.02867939     0.02877660    -0.00009721
     0.02815483     0.02814036     0.00001447
     0.02846314     0.02847160    -0.00000846
    -0.01628035    -0.01623464    -0.00004571
     0.02221665     0.02222017    -0.00000352
     0.02287356     0.02294307    -0.00006950
    -0.00571167    -0.00568282    -0.00002885
    -0.01480025    -0.01483774     0.00003749
    -0.00070431    -0.00066174    -0.00004257
    -0.00070431    -0.00066174    -0.00004257
     0.02590761     0.02591518    -0.00000757
    -0.02510484    -0.02506244    -0.00004241
    -0.00173633    -0.00179076     0.00005443
     0.01322579     0.01321128     0.00001452
     0.00307891     0.00310522    -0.00002631
    -0.00187353    -0.00185810    -0.00001543
     0.03278371     0.03277509     0.00000862
     0.01727128     0.01725279     0.00001850
    -0.02034555    -0.02030670    -0.00003885
    -0.00111648    -0.00110397    -0.00001252
     0.02689895     0.02699796    -0.00009901
    -0.00439894    -0.00437537    -0.00002357
     0.02074555     0.02080145    -0.00005589
    -0.00060850    -0.00057711    -0.00003139
    -0.00060877    -0.00057711    -0.00003166
    -0.01944607    -0.01952685     0.00008078
    -0.02480176    -0.02469052    -0.00011124
     0.00322869     0.00325189    -0.00002321
     0.00401607     0.00398339     0.00003268
     0.02937589     0.02940699    -0.00003111
    -0.00943329    -0.00941768    -0.00001561
     0.00338110     0.00339919    -0.00001809
    -0.00066711    -0.00063355    -0.00003357
    -0.00066711    -0.00063355    -0.00003357
     0.02892755     0.02896936    -0.00004180
     0.03405919     0.03404828     0.00001091
     0.00385379     0.00383928     0.00001451
    -0.00283907    -0.00281678    -0.00002230
     0.00353636     0.00354657    -0.00001021
    -0.05094361    -0.05096092     0.00001731
     0.00369392     0.00369346     0.00000046
    -0.00256954    -0.00257428     0.00000474
     0.00420661     0.00433656    -0.00012995
     0.02007977     0.02016285    -0.00008308
    -0.00138852    -0.00134831    -0.00004021
    -0.02641616    -0.02635959    -0.00005657
    -0.00203340    -0.00202880    -0.00000460
    -0.03276254    -0.03280681     0.00004428
    -0.03394593    -0.03396434     0.00001840
    -0.00711338    -0.00711149    -0.00000189
     0.01458533     0.01459265    -0.00000732
     0.01815568     0.01804013     0.00011555
    -0.03487379    -0.03488635     0.00001256
    -0.00582076    -0.00579372    -0.00002704
     0.00746787     0.00753510    -0.00006723
    -0.01687530    -0.01688565     0.00001035
    -0.01674975    -0.01670472    -0.00004503
    -0.00227027    -0.00228667     0.00001639
     0.03046404     0.03042210     0.00004195
     0.01888688     0.01886803     0.00001885
     0.00316169     0.00313722     0.00002447
    -0.00060181    -0.00068898     0.00008717
     0.01473211     0.01473879    -0.00000668
    -0.02608791    -0.02595933    -0.00012858
     0.01404641     0.01396332     0.00008309
     0.01851672     0.01851067     0.00000606
     0.00401047     0.00393369     0.00007678
    -0.00445216    -0.00443518    -0.00001699
    -0.01837977    -0.01844559     0.00006582
     0.01597297     0.01586949     0.00010348
     0.01159600     0.01158427     0.00001173
     0.01386260     0.01392782    -0.00006522
     0.00532159     0.00533392    -0.00001232
    -0.00125581    -0.00121779    -0.00003801
    -0.00036836    -0.00038331     0.00001495
    -0.01923418    -0.01925853     0.00002435
     0.04727622     0.04732964    -0.00005342
    -0.01834964    -0.01835818     0.00000854
     0.01260325     0.01264437    -0.00004111
     0.01769437     0.01763312     0.00006125
     0.00074935     0.00080708    -0.00005773
    -0.00030931    -0.00034664     0.00003733
     0.00252865     0.00253825    -0.00000961
    -0.01933951    -0.01933819    -0.00000132
     0.00357155     0.00358737    -0.00001583
     0.01415860     0.01410607     0.00005253
     0.02152260     0.02153215    -0.00000955
     0.01057595     0.01049301     0.00008294
    -0.01538461    -0.01538085    -0.00000376
    -0.02058155    -0.02062380     0.00004225
     0.02422994     0.02425418    -0.00002424
     0.00508211     0.00510024    -0.00001814
    -0.01835677    -0.01841795     0.00006118
     0.00403958     0.00402275     0.00001683
    -0.01589782    -0.01593172     0.00003391
    -0.01309605    -0.01307175    -0.00002430
     0.03307400     0.03314873    -0.00007473
    -0.00310436    -0.00308368    -0.00002068
     0.02967372     0.02966332     0.00001040
     0.04478341     0.04477134     0.00001207
     0.02769817     0.02772388    -0.00002571
     0.04119442     0.04120847    -0.00001405
    -0.01661269    -0.01661672     0.00000403
     0.02351970     0.02360122    -0.00008152
     0.00005947     0.00003784     0.00012261     0.00017296     0.00081203
