    -0.00103343    -0.00105797     0.00002454
    -0.00747023    -0.00753274     0.00006250
    -0.00563668    -0.00561700    -0.00001967
    -0.00095749    -0.00099258     0.00003510
    -0.00051163    -0.00052131     0.00000969
     0.02273479     0.02275353    -0.00001875
     0.02194552     0.02192506     0.00002046
    -0.02411051    -0.02409771    -0.00001280
    -0.01091158    -0.01087980    -0.00003177
    -0.00047024    -0.00049130     0.00002106
     0.01570511     0.01573099    -0.00002588
    -0.02315901    -0.02317165     0.00001264
    -0.03150341    -0.03156833     0.00006492
    -0.00047141    -0.00046154    -0.00000987
    -0.01143482    -0.01148368     0.00004886
    -0.00247240    -0.00245235    -0.00002005
    -0.01208986    -0.01203579    -0.00005407
    -0.01363641    -0.01371257     0.00007615
     0.02277601     0.02272932     0.00004669
     0.00002977     0.00006350    -0.00003373
     0.01393147     0.01392658     0.00000488
    -0.00030360    -0.00031224     0.00000865
     0.00007391     0.00017928    -0.00010538
     0.00893285     0.00904632    -0.00011347
     0.02382433     0.02381868     0.00000565
     0.01333850     0.01324746     0.00009104
     0.01761858     0.01761989    -0.00000131
    -0.04233945    -0.04231946    -0.00001999
     0.01439341     0.01441237    -0.00001896
     0.02824735     0.02819889     0.00004847
    -0.00027677    -0.00027955     0.00000278
     0.00283834     0.00284195    -0.00000361
    -0.00417689    -0.00416489    -0.00001200
     0.02639518     0.02635084     0.00004434
    -0.00053179    -0.00054501     0.00001322
    -0.01616269    -0.01617149     0.00000879
    -0.00479927    -0.00482861     0.00002934
    -0.00048191    -0.00048321     0.00000129
    -0.02854991    -0.02853183    -0.00001808
     0.01998067     0.01995344     0.00002722
     0.01113640     0.01114401    -0.00000761
    -0.00666434    -0.00665758    -0.00000676
    -0.00051879    -0.00055536     0.00003658
    -0.01757262    -0.01751151    -0.00006112
     0.02201864     0.02199971     0.00001893
    -0.00047721    -0.00045438    -0.00002282
    -0.02422047    -0.02416592    -0.00005455
     0.01964436     0.01973649    -0.00009212
     0.00225008     0.00225025    -0.00000017
     0.03225586     0.03221417     0.00004169
     0.02913561     0.02913982    -0.00000421
    -0.01619056    -0.01615623    -0.00003433
    -0.00200548    -0.00195985    -0.00004563
    -0.00045595    -0.00049998     0.00004403
     0.01208009     0.01208708    -0.00000699
    -0.00896974    -0.00895272    -0.00001702
     0.02620465     0.02619930     0.00000535
    -0.00098935    -0.00098585    -0.00000350
    -0.00859779    -0.00862768     0.00002989
     0.03272107     0.03271742     0.00000364
    -0.03343134    -0.03340652    -0.00002482
     0.02419492     0.02411486     0.00008006
     0.00007391     0.00017928    -0.00010538
    -0.00065571    -0.00060159    -0.00005413
     0.01074531     0.01073564     0.00000967
    -0.00058205    -0.00052158    -0.00006047
    -0.00084671    -0.00079559    -0.00005112
    -0.03750039    -0.03752436     0.00002397
     0.01409792     0.01411777    -0.00001985
    -0.02057867    -0.02060503     0.00002636
     0.02537503     0.02540916    -0.00003414
    -0.00045296    -0.00045795     0.00000499
    -0.01578070    -0.01573096    -0.00004974
     0.01248524     0.01247182     0.00001341
    -0.00284914    -0.00288687     0.00003772
    -0.00600493    -0.00600186    -0.00000307
    -0.00050039    -0.00043637    -0.00006402
    -0.00059745    -0.00056891    -0.00002854
    -0.00019290    -0.00018263    -0.00001027
     0.03147427     0.03149088    -0.00001661
     0.00795645     0.00792089     0.00003555
    -0.00189810    -0.00197018     0.00007207
     0.03498712     0.03499278    -0.00000565
     0.02151101     0.02138892     0.00012209
     0.01645249     0.01646004    -0.00000755
     0.02972218     0.02966940     0.00005278
    -0.00037407    -0.00032948    -0.00004459
    -0.00654121    -0.00650913    -0.00003208
    -0.00045661    -0.00044921    -0.00000739
     0.02942996     0.02948814    -0.00005818
    -0.00057990    -0.00055589    -0.00002401
    -0.00422854    -0.00427358     0.00004504
     0.00193402     0.00200006    -0.00006604
     0.00932221     0.00936596    -0.00004374
    -0.01980126    -0.01974377    -0.00005749
     0.02062277     0.02063505    -0.00001228
    -0.00179149    -0.00172703    -0.00006446
    -0.00602283    -0.00605859     0.00003575
    -0.00168770    -0.00152456    -0.00016314
     0.01996570     0.01998109    -0.00001539
    -0.00504905    -0.00500760    -0.00004144
    -0.00656624    -0.00655142    -0.00001482
    -0.00377373    -0.00375515    -0.00001858
    -0.01289695    -0.01286762    -0.00002932
    -0.00199840    -0.00201401     0.00001561
    -0.00199840    -0.00201401     0.00001561
    -0.00199840    -0.00201401     0.00001561
    -0.00199840    -0.00201401     0.00001561
    -0.00199813    -0.00201401     0.00001588
    -0.00199813    -0.00201401     0.00001588
    -0.00199813    -0.00201401     0.00001588
    -0.00199813    -0.00201401     0.00001588
    -0.00199813    -0.00201401     0.00001588
    -0.00199813    -0.00201401     0.00001588
    -0.00199813    -0.00201401     0.00001588
    -0.00199813    -0.00201401     0.00001588
     0.02287517     0.02287195     0.00000322
    -0.00401749    -0.00399593    -0.00002156
    -0.00371278    -0.00368750    -0.00002528
    -0.00423755    -0.00420219    -0.00003536
    -0.00366341    -0.00366177    -0.00000164
    -0.00360031    -0.00359961    -0.00000070
     0.02466241     0.02465304     0.00000937
    -0.00535474    -0.00532755    -0.00002719
    -0.00600618    -0.00599301    -0.00001317
    -0.00345293    -0.00345298     0.00000005
    -0.00978497    -0.00978085    -0.00000412
    -0.00331184    -0.00331122    -0.00000063
    -0.00814437    -0.00809656    -0.00004781
    -0.00640229    -0.00639503    -0.00000726
    -0.00378622    -0.00376716    -0.00001906
    -0.01449997    -0.01453208     0.00003211
    -0.00324942    -0.00324107    -0.00000835
    -0.00326196    -0.00325137    -0.00001059
    -0.00570280    -0.00567342    -0.00002938
    -0.00596259    -0.00593344    -0.00002914
    -0.01144544    -0.01144369    -0.00000175
    -0.00646189    -0.00642673    -0.00003516
    -0.00976045    -0.00979212     0.00003167
    -0.01326027    -0.01329829     0.00003801
    -0.00369776    -0.00369412    -0.00000364
    -0.00295189    -0.00296206     0.00001017
    -0.00518410    -0.00515880    -0.00002530
    -0.00361367    -0.00361162    -0.00000206
    -0.00386421    -0.00384462    -0.00001958
    -0.00317981    -0.00317323    -0.00000659
    -0.00313543    -0.00313094    -0.00000449
    -0.00417466    -0.00416138    -0.00001329
    -0.01162019    -0.01164545     0.00002527
    -0.00351593    -0.00349879    -0.00001714
    -0.00784039    -0.00782262    -0.00001777
    -0.00615600    -0.00612729    -0.00002871
    -0.01331663    -0.01335235     0.00003572
    -0.00777925    -0.00778408     0.00000483
    -0.00395591    -0.00393525    -0.00002066
    -0.00475271    -0.00476470     0.00001199
    -0.00722070    -0.00719692    -0.00002379
    -0.00327339    -0.00326628    -0.00000712
    -0.00413349    -0.00414408     0.00001059
    -0.00375493    -0.00374832    -0.00000660
    -0.00357786    -0.00359376     0.00001590
    -0.00697896    -0.00698295     0.00000399
    -0.00404827    -0.00402656    -0.00002171
    -0.00246312    -0.00244953    -0.00001359
    -0.00246285    -0.00244953    -0.00001332
    -0.00246285    -0.00244953    -0.00001332
    -0.00246285    -0.00244953    -0.00001332
    -0.00246285    -0.00244953    -0.00001332
    -0.00246285    -0.00244953    -0.00001332
    -0.00246285    -0.00244953    -0.00001332
    -0.00246285    -0.00244953    -0.00001332
    -0.00246285    -0.00244953    -0.00001332
    -0.00246285    -0.00244953    -0.00001332
    -0.00246285    -0.00244953    -0.00001332
    -0.00246285    -0.00244953    -0.00001332
    -0.00605170    -0.00603697    -0.00001473
    -0.00687790    -0.00687192    -0.00000598
    -0.00381071    -0.00381521     0.00000450
    -0.00740713    -0.00736184    -0.00004529
    -0.00347228    -0.00347529     0.00000301
    -0.00728386    -0.00726793    -0.00001593
    -0.00676149    -0.00674818    -0.00001330
    -0.00649710    -0.00647315    -0.00002395
    -0.00663351    -0.00661442    -0.00001909
    -0.00492668    -0.00490923    -0.00001745
    -0.00226807    -0.00226271    -0.00000536
    -0.00226807    -0.00226271    -0.00000536
    -0.00226807    -0.00226271    -0.00000536
    -0.00226780    -0.00226271    -0.00000509
    -0.00226780    -0.00226271    -0.00000509
    -0.00226780    -0.00226271    -0.00000509
    -0.00226780    -0.00226271    -0.00000509
    -0.00226780    -0.00226271    -0.00000509
    -0.00226780    -0.00226271    -0.00000509
    -0.00226780    -0.00226271    -0.00000509
    -0.00226780    -0.00226271    -0.00000509
    -0.00226780    -0.00226271    -0.00000509
    -0.00326392    -0.00326602     0.00000209
    -0.00454144    -0.00452523    -0.00001622
    -0.00414574    -0.00412982    -0.00001592
    -0.02933287    -0.02933504     0.00000217
    -0.05325783    -0.05327301     0.00001518
     0.06033891     0.06028474     0.00005417
     0.05203029     0.05199543     0.00003487
     0.02469017     0.02467278     0.00001739
    -0.03290368    -0.03290814     0.00000446
    -0.03169354    -0.03166310    -0.00003043
    -0.03195262    -0.03190272    -0.00004990
    -0.04179487    -0.04178485    -0.00001001
    -0.03662791    -0.03658016    -0.00004775
    -0.05422111    -0.05425202     0.00003091
    -0.02810754    -0.02812272     0.00001518
    -0.04178006    -0.04175391    -0.00002615
    -0.02668964    -0.02672412     0.00003448
    -0.04171372    -0.04171310    -0.00000062
     0.04715559     0.04715781    -0.00000222
    -0.03008572    -0.03010101     0.00001528
    -0.02983965    -0.02983451    -0.00000514
    -0.02888276    -0.02886850    -0.00001426
     0.04762423     0.04766939    -0.00004516
    -0.05690100    -0.05684913    -0.00005186
    -0.02532849    -0.02533942     0.00001093
    -0.04292885    -0.04296586     0.00003702
    -0.03570547    -0.03570127    -0.00000420
     0.02515927     0.02505062     0.00010864
    -0.02895049    -0.02892144    -0.00002905
    -0.05104764    -0.05104123    -0.00000641
    -0.05818524    -0.05823100     0.00004577
    -0.03156026    -0.03158795     0.00002770
    -0.03942231    -0.03943778     0.00001547
    -0.05054069    -0.05052419    -0.00001650
    -0.02949703    -0.02948095    -0.00001609
    -0.04102963    -0.04099908    -0.00003055
    -0.03389058    -0.03389974     0.00000916
    -0.04916967    -0.04918568     0.00001601
    -0.03107216    -0.03106098    -0.00001118
    -0.04177419    -0.04181382     0.00003963
    -0.03017476    -0.03021787     0.00004311
    -0.03164388    -0.03156946    -0.00007442
    -0.05028784    -0.05031478     0.00002694
    -0.03255078    -0.03259022     0.00003944
    -0.04352793    -0.04353637     0.00000844
    -0.04456316    -0.04453499    -0.00002817
    -0.04455347    -0.04457091     0.00001744
    -0.03846041    -0.03845979    -0.00000062
    -0.04068178    -0.04073181     0.00005002
    -0.03427456    -0.03428564     0.00001107
    -0.06052406    -0.06053354     0.00000949
    -0.04939397    -0.04939465     0.00000068
     0.01642659     0.01642020     0.00000639
    -0.05031954    -0.05030771    -0.00001183
    -0.03495697    -0.03490018    -0.00005679
    -0.04536685    -0.04535115    -0.00001570
    -0.04780807    -0.04781326     0.00000520
    -0.05232309    -0.05230780    -0.00001528
    -0.04021418    -0.04022115     0.00000697
    -0.04318812    -0.04314743    -0.00004069
    -0.03361874    -0.03358464    -0.00003411
    -0.03018575    -0.03014175    -0.00004400
    -0.03876126    -0.03875509    -0.00000617
    -0.04694789    -0.04697443     0.00002654
    -0.03809042    -0.03807949    -0.00001093
    -0.03654217    -0.03659031     0.00004814
    -0.03205501    -0.03208446     0.00002945
    -0.03261200    -0.03269933     0.00008732
    -0.05618381    -0.05616876    -0.00001506
     0.05745499     0.05744835     0.00000664
     0.04562843     0.04564655    -0.00001811
     0.04791702     0.04791088     0.00000614
    -0.04559877    -0.04558394    -0.00001484
    -0.03918372    -0.03925484     0.00007113
    -0.05799005    -0.05800639     0.00001634
    -0.04264054    -0.04256894    -0.00007160
    -0.03403181    -0.03404803     0.00001621
    -0.03887693    -0.03882129    -0.00005564
    -0.04489071    -0.04488211    -0.00000860
    -0.04467176    -0.04470773     0.00003597
    -0.04204690    -0.04204142    -0.00000548
    -0.04610433    -0.04611917     0.00001484
    -0.03643199    -0.03644195     0.00000996
    -0.05329598    -0.05332604     0.00003006
    -0.05926243    -0.05887374    -0.00038869
    -0.04013609    -0.04011831    -0.00001778
    -0.03807393    -0.03805288    -0.00002105
    -0.04255039    -0.04255652     0.00000613
    -0.04546761    -0.04547259     0.00000497
    -0.04598460    -0.04596338    -0.00002123
    -0.04308466    -0.04292358    -0.00016108
    -0.05111599    -0.05111196    -0.00000403
    -0.03878335    -0.03873351    -0.00004985
    -0.04133355    -0.04136534     0.00003179
    -0.04490042    -0.04492797     0.00002755
    -0.05407624    -0.05401396    -0.00006228
    -0.06420916    -0.06421822     0.00000906
    -0.05506420    -0.05506098    -0.00000322
    -0.06777222    -0.06775653    -0.00001569
    -0.06704431    -0.06706326     0.00001895
    -0.06867857    -0.06867855    -0.00000002
    -0.06441868    -0.06439791    -0.00002077
    -0.06949418    -0.06951037     0.00001619
    -0.03355613    -0.03352527    -0.00003086
     0.04867733     0.04860049     0.00007684
     0.03045659     0.03047879    -0.00002220
     0.05049405     0.05041774     0.00007631
     0.02730608     0.02737090    -0.00006482
     0.00673204     0.00674375    -0.00001171
    -0.00162923    -0.00160663    -0.00002259
     0.04036219     0.04040891    -0.00004672
     0.03132730     0.03134229    -0.00001500
     0.02635880     0.02630440     0.00005440
     0.04489479     0.04492452    -0.00002974
     0.04146887     0.04148621    -0.00001734
     0.04037329     0.04034513     0.00002816
     0.03651635     0.03649792     0.00001843
     0.03297130     0.03297703    -0.00000573
     0.03064579     0.03051873     0.00012706
     0.01037712     0.01034175     0.00003536
     0.00122612     0.00111581     0.00011031
     0.00494888     0.00497443    -0.00002555
     0.02572850     0.02566058     0.00006793
     0.04244427     0.04243280     0.00001146
     0.02155068     0.02154549     0.00000520
     0.04116038     0.04117991    -0.00001954
     0.04152409     0.04152309     0.00000099
    -0.00217457    -0.00220002     0.00002545
     0.02609801     0.02606444     0.00003356
     0.00373316     0.00376285    -0.00002969
     0.01981735     0.01979389     0.00002345
     0.00941201     0.00942293    -0.00001092
     0.04567706     0.04567973    -0.00000267
     0.03151990     0.03154372    -0.00002382
     0.04490611     0.04495483    -0.00004872
     0.04584670     0.04586272    -0.00001602
     0.05068028     0.05069544    -0.00001515
     0.02576148     0.02581672    -0.00005524
     0.04287608     0.04290990    -0.00003382
     0.04473628     0.04466767     0.00006861
     0.03453598     0.03457241    -0.00003643
     0.02604674     0.02640183    -0.00035509
     0.03749073     0.03753661    -0.00004588
     0.05028370     0.05032331    -0.00003961
     0.05919864     0.05924327    -0.00004463
     0.00980619     0.00978974     0.00001646
     0.01925829     0.01926319    -0.00000490
     0.04380396     0.04379769     0.00000628
     0.04677580     0.04677494     0.00000086
     0.02223663     0.02219503     0.00004160
    -0.00188338    -0.00187283    -0.00001055
     0.00153646     0.00153373     0.00000273
     0.05163086     0.05164894    -0.00001808
     0.02591289     0.02592664    -0.00001376
     0.02262610     0.02256083     0.00006528
     0.03210440     0.03217872    -0.00007432
    -0.03468137    -0.03466599    -0.00001538
     0.01001278     0.01008765    -0.00007487
     0.04768287     0.04766070     0.00002216
    -0.00069756    -0.00064523    -0.00005234
     0.02325744     0.02327056    -0.00001312
     0.01946833     0.01945508     0.00001325
     0.04512802     0.04512321     0.00000481
    -0.00019380    -0.00021909     0.00002529
     0.02209075     0.02210037    -0.00000962
     0.03497964     0.03497985    -0.00000021
     0.03626197     0.03628530    -0.00002332
     0.02777325     0.02778798    -0.00001474
     0.01011172     0.01013081    -0.00001909
     0.02895757     0.02894993     0.00000764
     0.01607913     0.01604687     0.00003226
     0.01554867     0.01557819    -0.00002952
     0.04641337     0.04640381     0.00000956
     0.03424629     0.03425164    -0.00000535
     0.02764568     0.02758796     0.00005772
     0.02873648     0.02876146    -0.00002499
     0.04610210     0.04600773     0.00009438
     0.03055485     0.03048045     0.00007440
     0.02965636     0.02965745    -0.00000110
     0.01531492     0.01534617    -0.00003124
     0.02899809     0.02901905    -0.00002097
     0.02757645     0.02755859     0.00001786
     0.01088390     0.01084971     0.00003419
     0.04018376     0.04016349     0.00002027
    -0.03579922    -0.03581290     0.00001368
    -0.03577168    -0.03578409     0.00001241
     0.01771992     0.01772010    -0.00000018
     0.01825979     0.01828413    -0.00002434
     0.01602585     0.01607207    -0.00004623
    -0.00110633    -0.00119037     0.00008404
     0.01104012     0.01107488    -0.00003476
     0.03440205     0.03440785    -0.00000580
     0.02508060     0.02507270     0.00000790
     0.04305285     0.04303637     0.00001648
     0.01801429     0.01800031     0.00001399
     0.00941917     0.00943855    -0.00001938
     0.03303740     0.03303506     0.00000233
     0.03381793     0.03383151    -0.00001358
     0.02081181     0.02083273    -0.00002092
     0.04130144     0.04135132    -0.00004988
     0.03236816     0.03234348     0.00002468
     0.03643583     0.03637562     0.00006021
     0.02929654     0.02930355    -0.00000701
    -0.00964976    -0.00960986    -0.00003990
    -0.00459698    -0.00462586     0.00002888
     0.00102818     0.00106868    -0.00004050
     0.00622109     0.00622481    -0.00000372
     0.01350136     0.01354685    -0.00004548
    -0.01726048    -0.01733189     0.00007141
     0.02487306     0.02487950    -0.00000644
    -0.02687927    -0.02687850    -0.00000077
    -0.00430702    -0.00439449     0.00008747
    -0.03038407    -0.03043691     0.00005284
    -0.03815679    -0.03812056    -0.00003622
    -0.02253203    -0.02250803    -0.00002401
    -0.00372714    -0.00373560     0.00000845
    -0.02220093    -0.02218367    -0.00001726
     0.00643500     0.00644374    -0.00000874
    -0.00592463    -0.00592943     0.00000480
     0.00396228     0.00395638     0.00000590
    -0.01629516    -0.01628310    -0.00001205
    -0.02417669    -0.02418319     0.00000650
     0.02365214     0.02361979     0.00003235
     0.01911799     0.01914781    -0.00002983
     0.01045353     0.01040257     0.00005095
    -0.00087988    -0.00084145    -0.00003843
    -0.01676371    -0.01677630     0.00001259
     0.00130111     0.00129978     0.00000133
     0.00024330     0.00029989    -0.00005659
    -0.00748147    -0.00747127    -0.00001020
    -0.01153893    -0.01152483    -0.00001410
     0.02065624     0.02066819    -0.00001194
    -0.00355119    -0.00355320     0.00000200
     0.00902841     0.00903466    -0.00000625
     0.01158070     0.01160709    -0.00002639
    -0.01187698    -0.01181806    -0.00005892
    -0.01220221    -0.01233662     0.00013441
     0.01492833     0.01489908     0.00002925
     0.00706832     0.00705380     0.00001452
    -0.00651296    -0.00650326    -0.00000970
    -0.00645808    -0.00647051     0.00001243
     0.01971783     0.01966677     0.00005106
    -0.01547917    -0.01545316    -0.00002601
     0.02039167     0.02039315    -0.00000148
    -0.03156796    -0.03155710    -0.00001085
    -0.01657546    -0.01654596    -0.00002951
     0.00665808     0.00661913     0.00003895
    -0.02625651    -0.02626940     0.00001289
     0.00221903     0.00223538    -0.00001634
     0.01079119     0.01077462     0.00001657
    -0.01704464    -0.01700772    -0.00003692
     0.00956420     0.00958869    -0.00002448
    -0.00197013    -0.00197457     0.00000444
     0.00832649     0.00830629     0.00002021
     0.00171655     0.00171341     0.00000313
    -0.01055323    -0.01059765     0.00004443
    -0.02671636    -0.02671221    -0.00000415
     0.01623200     0.01624494    -0.00001294
     0.01000418     0.01004756    -0.00004337
     0.01063127     0.01060014     0.00003114
    -0.00044899    -0.00043766    -0.00001133
    -0.02027335    -0.02028185     0.00000850
    -0.00027421    -0.00026923    -0.00000497
     0.01466832     0.01469724    -0.00002891
    -0.01398649    -0.01400459     0.00001810
    -0.00362069    -0.00367308     0.00005239
    -0.03537774    -0.03537460    -0.00000314
     0.01407795     0.01405522     0.00002272
     0.00122647     0.00117334     0.00005314
     0.00712623     0.00712397     0.00000226
    -0.00394056    -0.00398704     0.00004647
    -0.01097650    -0.01100623     0.00002973
     0.00805925     0.00807018    -0.00001093
    -0.01865145    -0.01866310     0.00001165
    -0.00558084    -0.00557644    -0.00000439
    -0.00422718    -0.00418865    -0.00003853
    -0.02147280    -0.02146513    -0.00000768
    -0.01381756    -0.01382560     0.00000804
    -0.02999770    -0.03008027     0.00008258
     0.00525123     0.00523284     0.00001838
    -0.00223525    -0.00224574     0.00001049
    -0.02521208    -0.02518206    -0.00003002
    -0.00946407    -0.00945257    -0.00001150
    -0.02203782    -0.02205286     0.00001504
    -0.00941182    -0.00943409     0.00002227
     0.01564187     0.01562507     0.00001679
    -0.01377089    -0.01378194     0.00001104
    -0.00138699    -0.00140086     0.00001387
    -0.02177686    -0.02179240     0.00001553
    -0.01737580    -0.01737722     0.00000141
    -0.01160234    -0.01160130    -0.00000104
    -0.02103761    -0.02104495     0.00000734
    -0.00579676    -0.00579155    -0.00000521
    -0.01584750    -0.01585123     0.00000372
    -0.01752661    -0.01752271    -0.00000389
    -0.03256680    -0.03257887     0.00001207
    -0.02233549    -0.02231860    -0.00001689
    -0.02202819    -0.02202186    -0.00000633
    -0.01482022    -0.01479284    -0.00002737
    -0.01577618    -0.01585275     0.00007657
    -0.00439352    -0.00441505     0.00002153
    -0.01136451    -0.01142215     0.00005764
    -0.01543770    -0.01542845    -0.00000925
    -0.03226533    -0.03227907     0.00001374
    -0.03541747    -0.03542797     0.00001050
    -0.02817154    -0.02818464     0.00001310
    -0.03384079    -0.03385351     0.00001272
    -0.02923284    -0.02921035    -0.00002249
    -0.01120159    -0.01120134    -0.00000025
    -0.01141882    -0.01142142     0.00000260
     0.01612130     0.01608846     0.00003285
     0.00565953     0.00561856     0.00004097
    -0.01701484    -0.01700663    -0.00000822
    -0.00072418    -0.00075071     0.00002653
    -0.01299118    -0.01298868    -0.00000250
    -0.02854042    -0.02860903     0.00006861
    -0.03032636    -0.03027943    -0.00004692
    -0.03360652    -0.03358075    -0.00002577
    -0.01372161    -0.01373480     0.00001318
    -0.01369236    -0.01369127    -0.00000110
    -0.03568515    -0.03566593    -0.00001921
    -0.03794922    -0.03792967    -0.00001955
    -0.01193317    -0.01201509     0.00008191
    -0.01707705    -0.01704304    -0.00003401
    -0.00732531    -0.00731464    -0.00001066
    -0.02146557    -0.02145084    -0.00001473
    -0.03099401    -0.03100100     0.00000699
    -0.02482250    -0.02478550    -0.00003700
    -0.01018503    -0.01013100    -0.00005403
    -0.03471422    -0.03480790     0.00009368
    -0.03526106    -0.03523697    -0.00002409
    -0.01916234    -0.01919014     0.00002780
    -0.02291052    -0.02293261     0.00002209
    -0.01806735    -0.01801693    -0.00005042
    -0.02763022    -0.02764763     0.00001741
    -0.02882431    -0.02887510     0.00005079
    -0.01348828    -0.01348966     0.00000138
    -0.02123857    -0.02121729    -0.00002128
    -0.01210327    -0.01207801    -0.00002527
    -0.02387249    -0.02391495     0.00004246
    -0.00912621    -0.00911916    -0.00000705
    -0.01133047    -0.01131699    -0.00001348
    -0.02871887    -0.02871455    -0.00000432
    -0.01885499    -0.01885904     0.00000406
    -0.01944836    -0.01942354    -0.00002482
    -0.02629227    -0.02627494    -0.00001733
    -0.03230854    -0.03224707    -0.00006147
    -0.04100367    -0.04103124     0.00002757
    -0.01170449    -0.01170395    -0.00000054
    -0.02222762    -0.02224625     0.00001863
    -0.02308347    -0.02309647     0.00001300
    -0.00905715    -0.00898610    -0.00007105
    -0.01691879    -0.01695141     0.00003262
    -0.01356863    -0.01355177    -0.00001686
    -0.01913940    -0.01908989    -0.00004951
    -0.03132578    -0.03133305     0.00000728
     0.00441137     0.00440306     0.00000832
    -0.03537888    -0.03538987     0.00001098
    -0.02691750    -0.02693213     0.00001463
    -0.03236590    -0.03229029    -0.00007562
    -0.03793958    -0.03794361     0.00000402
    -0.00987028    -0.00985085    -0.00001943
    -0.02147642    -0.02147901     0.00000259
    -0.02044318    -0.02044015    -0.00000303
    -0.01704363    -0.01706163     0.00001800
    -0.00869967    -0.00866580    -0.00003387
    -0.01902424    -0.01906591     0.00004167
    -0.01756095    -0.01751757    -0.00004338
    -0.01155308    -0.01160135     0.00004827
    -0.02911863    -0.02909842    -0.00002021
    -0.02132730    -0.02131225    -0.00001506
    -0.02227135    -0.02229508     0.00002373
    -0.03048761    -0.03044661    -0.00004100
    -0.02529004    -0.02531640     0.00002636
    -0.02254278    -0.02251135    -0.00003144
    -0.02681693    -0.02677956    -0.00003737
    -0.01522594    -0.01523408     0.00000814
    -0.01848067    -0.01851100     0.00003033
    -0.02565163    -0.02560265    -0.00004898
    -0.01544627    -0.01553856     0.00009229
    -0.02792076    -0.02788053    -0.00004023
    -0.01989000    -0.02000193     0.00011193
    -0.02038149    -0.02040225     0.00002076
    -0.02778699    -0.02780645     0.00001947
    -0.01371073    -0.01371962     0.00000890
    -0.02383761    -0.02382501    -0.00001260
    -0.01665949    -0.01668371     0.00002422
    -0.03215787    -0.03220665     0.00004878
    -0.03285652    -0.03288599     0.00002947
    -0.01478781    -0.01477345    -0.00001437
    -0.02721759    -0.02719779    -0.00001980
    -0.02557601    -0.02557774     0.00000173
    -0.01659016    -0.01660565     0.00001550
    -0.03283925    -0.03281688    -0.00002237
    -0.02374607    -0.02374596    -0.00000011
    -0.02879699    -0.02875957    -0.00003742
    -0.02206865    -0.02210521     0.00003656
    -0.02594543    -0.02585171    -0.00009372
    -0.01957182    -0.01953788    -0.00003393
    -0.01829163    -0.01827700    -0.00001463
    -0.02075037    -0.02071351    -0.00003686
    -0.02116942    -0.02117145     0.00000203
    -0.00316191    -0.00319340     0.00003149
    -0.00171837    -0.00166599    -0.00005238
    -0.02942359    -0.02940123    -0.00002236
    -0.00164340    -0.00158837    -0.00005504
    -0.01831811    -0.01831600    -0.00000210
     0.03689978     0.03688447     0.00001531
     0.02867261     0.02864728     0.00002533
     0.04027941     0.04024033     0.00003908
    -0.02622138    -0.02622365     0.00000227
     0.03808187     0.03800529     0.00007658
    -0.00132457    -0.00127919    -0.00004538
     0.03749231     0.03751283    -0.00002052
     0.05108943     0.05110943    -0.00002000
     0.03787403     0.03794883    -0.00007480
    -0.02683851    -0.02684733     0.00000882
    -0.02334906    -0.02334146    -0.00000760
     0.04251801     0.04257502    -0.00005701
     0.04518875     0.04516874     0.00002001
     0.04610022     0.04609952     0.00000071
    -0.02399144    -0.02399279     0.00000136
    -0.02395519    -0.02395903     0.00000384
    -0.02395519    -0.02395903     0.00000384
     0.03975605     0.03975586     0.00000019
     0.04622238     0.04623956    -0.00001718
    -0.03730929    -0.03729517    -0.00001411
     0.01515484     0.01514477     0.00001007
    -0.01958771    -0.01959473     0.00000702
    -0.02793815    -0.02794406     0.00000591
     0.03809553     0.03812759    -0.00003205
    -0.02208784    -0.02206218    -0.00002566
     0.01667990     0.01675937    -0.00007947
    -0.02518607    -0.02519658     0.00001051
     0.05688921     0.05688533     0.00000388
     0.05214053     0.05225126    -0.00011074
     0.01356436     0.01356660    -0.00000225
     0.04167043     0.04166898     0.00000145
    -0.03021460    -0.03019818    -0.00001642
    -0.02147367    -0.02148823     0.00001455
    -0.01991182    -0.01989001    -0.00002182
    -0.01421770    -0.01418583    -0.00003188
    -0.02089633    -0.02091213     0.00001580
     0.05296786     0.05294158     0.00002628
    -0.02647360    -0.02649502     0.00002142
    -0.02020007    -0.02026304     0.00006296
    -0.02346743    -0.02346760     0.00000017
    -0.03990270    -0.03992537     0.00002267
     0.01417857     0.01419034    -0.00001176
     0.04170629     0.04183021    -0.00012391
     0.04882457     0.04886037    -0.00003580
     0.04438248     0.04434931     0.00003317
    -0.02082558    -0.02081184    -0.00001374
     0.05037628     0.05036534     0.00001094
    -0.03728978    -0.03722425    -0.00006553
    -0.03571492    -0.03564100    -0.00007392
    -0.02641349    -0.02643213     0.00001863
     0.05312329     0.05312287     0.00000042
    -0.02224215    -0.02226505     0.00002290
    -0.02503382    -0.02506146     0.00002763
     0.00816872     0.00818154    -0.00001282
     0.04048801     0.04050186    -0.00001384
    -0.02905362    -0.02908570     0.00003207
    -0.02362239    -0.02364967     0.00002728
    -0.03433133    -0.03430176    -0.00002956
    -0.02163088    -0.02161230    -0.00001858
     0.04766229     0.04762562     0.00003667
     0.00977044     0.00975805     0.00001239
    -0.02767191    -0.02769639     0.00002448
     0.05906621     0.05896251     0.00010370
    -0.03296083    -0.03296001    -0.00000082
    -0.02961217    -0.02963660     0.00002443
    -0.03160651    -0.03162274     0.00001622
    -0.02895898    -0.02898579     0.00002681
    -0.03027158    -0.03029617     0.00002459
    -0.02166456    -0.02167802     0.00001345
     0.05976654     0.05974001     0.00002654
     0.02680221     0.02676394     0.00003827
     0.04557548     0.04556018     0.00001530
    -0.03417867    -0.03415899    -0.00001968
     0.05636096     0.05635242     0.00000854
     0.04042741     0.04042101     0.00000640
     0.06032068     0.06034616    -0.00002548
    -0.02059584    -0.02060782     0.00001198
     0.05968823     0.05957590     0.00011233
    -0.02240768    -0.02274134     0.00033366
     0.04137304     0.04141862    -0.00004558
    -0.02489445    -0.02490418     0.00000973
     0.04609919     0.04609347     0.00000572
    -0.03129701    -0.03131015     0.00001314
     0.03046541     0.03042803     0.00003738
    -0.03443312    -0.03446434     0.00003122
    -0.00981833    -0.00950953    -0.00030880
    -0.05612806    -0.05611902    -0.00000904
     0.06027646     0.06027051     0.00000595
     0.00274019     0.00273199     0.00000820
     0.05797171     0.05796530     0.00000641
    -0.02464103    -0.02464008    -0.00000094
    -0.04425257    -0.04428268     0.00003011
    -0.04753922    -0.04754758     0.00000836
    -0.00979136    -0.00951157    -0.00027979
     0.01749151     0.01748959     0.00000192
    -0.04098878    -0.04094093    -0.00004785
    -0.00111523    -0.00108506    -0.00003017
    -0.00111523    -0.00108506    -0.00003017
    -0.00111523    -0.00108506    -0.00003017
    -0.00111523    -0.00108506    -0.00003017
    -0.00111523    -0.00108506    -0.00003017
    -0.03900845    -0.03902244     0.00001399
    -0.01374619    -0.01361097    -0.00013521
     0.03284667     0.03274506     0.00010161
    -0.00189266    -0.00186372    -0.00002894
     0.03284403     0.03274252     0.00010151
    -0.00184311    -0.00182147    -0.00002163
     0.01597208     0.01590633     0.00006575
     0.01199181     0.01199591    -0.00000409
    -0.03096509    -0.03095361    -0.00001148
     0.00272949     0.00277995    -0.00005046
    -0.00145361    -0.00148166     0.00002805
    -0.03257940    -0.03254510    -0.00003430
    -0.03444613    -0.03438678    -0.00005935
    -0.00168526    -0.00169779     0.00001253
     0.01388521     0.01401090    -0.00012569
    -0.00139720    -0.00140104     0.00000384
    -0.00131426    -0.00133323     0.00001898
    -0.00147078    -0.00150246     0.00003168
    -0.00155083    -0.00157302     0.00002219
    -0.00177982    -0.00175061    -0.00002920
    -0.00137605    -0.00138370     0.00000765
    -0.02442214    -0.02441412    -0.00000802
    -0.00160446    -0.00161701     0.00001255
    -0.00175592    -0.00173781    -0.00001812
    -0.00082600    -0.00081673    -0.00000927
    -0.00082600    -0.00081673    -0.00000927
    -0.00082600    -0.00081673    -0.00000927
    -0.00082600    -0.00081673    -0.00000927
    -0.00082600    -0.00081673    -0.00000927
    -0.00082600    -0.00081673    -0.00000927
    -0.00082600    -0.00081673    -0.00000927
    -0.00082600    -0.00081673    -0.00000927
    -0.00082600    -0.00081673    -0.00000927
    -0.00082600    -0.00081673    -0.00000927
    -0.00082600    -0.00081673    -0.00000927
    -0.00082600    -0.00081673    -0.00000927
     0.00290427     0.00296225    -0.00005798
    -0.00137091    -0.00139615     0.00002524
    -0.03938783    -0.03942342     0.00003559
    -0.00186991    -0.00184266    -0.00002726
    -0.01505141    -0.01509356     0.00004216
     0.04663828     0.04662770     0.00001057
    -0.02179814    -0.02141186    -0.00038628
    -0.00141635    -0.00142832     0.00001197
    -0.03592861    -0.03590708    -0.00002152
    -0.00157491    -0.00158081     0.00000590
    -0.00155429    -0.00155979     0.00000551
     0.01531242     0.01542253    -0.00011012
    -0.02966025    -0.02963086    -0.00002938
    -0.03510291    -0.03512017     0.00001726
     0.01312726     0.01315828    -0.00003102
    -0.03641681    -0.03647190     0.00005509
    -0.02210452    -0.02211090     0.00000638
    -0.03206339    -0.03204782    -0.00001557
    -0.03836079    -0.03833762    -0.00002317
    -0.00045536    -0.00044237    -0.00001298
    -0.00339261    -0.00332069    -0.00007191
    -0.00243839    -0.00239997    -0.00003841
     0.00146022     0.00145797     0.00000225
    -0.03850623    -0.03841837    -0.00008787
     0.00982532     0.00976048     0.00006484
    -0.01095533    -0.01095796     0.00000263
    -0.01935622    -0.01928577    -0.00007045
    -0.03566161    -0.03569867     0.00003706
    -0.03394400    -0.03394757     0.00000357
     0.00176988     0.00184147    -0.00007158
     0.01010669     0.01012593    -0.00001924
    -0.03434744    -0.03433016    -0.00001728
    -0.02746456    -0.02752704     0.00006248
     0.00348464     0.00348117     0.00000347
    -0.02617991    -0.02619524     0.00001533
    -0.00862936    -0.00868346     0.00005411
    -0.03484851    -0.03487385     0.00002534
    -0.02632748    -0.02636316     0.00003568
    -0.04742732    -0.04744378     0.00001646
    -0.01375873    -0.01371499    -0.00004374
    -0.03719318    -0.03721764     0.00002446
    -0.01931641    -0.01924254    -0.00007387
    -0.03915011    -0.03919919     0.00004908
    -0.03719258    -0.03720678     0.00001420
    -0.03806451    -0.03807585     0.00001134
    -0.02513951    -0.02512577    -0.00001374
    -0.01351323    -0.01350985    -0.00000338
    -0.01048746    -0.01053593     0.00004847
    -0.03902586    -0.03902195    -0.00000392
    -0.02791417    -0.02789675    -0.00001742
    -0.03515907    -0.03515480    -0.00000427
    -0.03320965    -0.03319455    -0.00001509
    -0.03469950    -0.03465163    -0.00004787
    -0.03207063    -0.03212424     0.00005361
    -0.03149013    -0.03148259    -0.00000754
    -0.02740361    -0.02740793     0.00000432
    -0.03239371    -0.03237374    -0.00001998
    -0.03311087    -0.03311571     0.00000485
    -0.03746532    -0.03746884     0.00000352
    -0.00180025    -0.00183131     0.00003106
    -0.00180025    -0.00183131     0.00003106
    -0.00276389    -0.00278701     0.00002313
    -0.00209811    -0.00207151    -0.00002660
     0.03009152     0.03012128    -0.00002976
     0.03742134     0.03735049     0.00007085
    -0.00251754    -0.00252114     0.00000359
     0.00060042     0.00058426     0.00001616
     0.02943091     0.02943301    -0.00000210
    -0.01807519    -0.01801641    -0.00005878
     0.00362287     0.00362844    -0.00000557
     0.01397792     0.01397832    -0.00000040
    -0.00231436    -0.00229571    -0.00001865
    -0.00543387    -0.00541602    -0.00001785
    -0.00142267    -0.00141752    -0.00000515
    -0.00142294    -0.00141752    -0.00000542
    -0.00216453    -0.00218922     0.00002469
    -0.00271847    -0.00274617     0.00002770
     0.01718399     0.01714639     0.00003760
    -0.00703284    -0.00695822    -0.00007462
    -0.00228023    -0.00226042    -0.00001981
    -0.00221049    -0.00218649    -0.00002400
    -0.01262135    -0.01264381     0.00002246
    -0.00208066    -0.00206438    -0.00001629
    -0.01610688    -0.01607883    -0.00002805
     0.00665838     0.00667621    -0.00001783
    -0.00161230    -0.00162159     0.00000929
    -0.00161230    -0.00162159     0.00000929
    -0.00190257    -0.00190200    -0.00000057
    -0.00210162    -0.00208653    -0.00001509
    -0.00250407    -0.00253037     0.00002630
     0.03054171     0.03057865    -0.00003695
    -0.00205304    -0.00206462     0.00001158
     0.03527096     0.03509721     0.00017375
    -0.00252369    -0.00254662     0.00002293
    -0.01251906    -0.01245932    -0.00005974
    -0.00910637    -0.00914854     0.00004217
     0.02964044     0.02966603    -0.00002559
     0.03543154     0.03535064     0.00008090
    -0.00247822    -0.00249384     0.00001562
    -0.00198850    -0.00197872    -0.00000978
    -0.00747848    -0.00746508    -0.00001340
    -0.00237055    -0.00237786     0.00000731
    -0.00224687    -0.00224181    -0.00000506
    -0.01175053    -0.01178741     0.00003688
    -0.00230883    -0.00230699    -0.00000184
     0.00014985     0.00017704    -0.00002719
     0.02401688     0.02400732     0.00000956
     0.00945688     0.00946785    -0.00001097
     0.01622196     0.01623829    -0.00001633
    -0.00385694    -0.00384408    -0.00001286
     0.02818177     0.02818703    -0.00000526
     0.00474890     0.00474357     0.00000534
    -0.02610625    -0.02611798     0.00001173
     0.02285166     0.02280532     0.00004633
     0.00751750     0.00748845     0.00002905
     0.03044105     0.03042198     0.00001907
     0.03056900     0.03058893    -0.00001993
     0.01208496     0.01213950    -0.00005454
     0.02030190     0.02023462     0.00006728
    -0.02296943    -0.02296335    -0.00000608
    -0.01140339    -0.01142086     0.00001746
     0.03698800     0.03702050    -0.00003250
     0.03256468     0.03254992     0.00001476
     0.02695054     0.02694988     0.00000066
     0.05616743     0.05616494     0.00000249
     0.02790675     0.02789698     0.00000977
     0.03150883     0.03152286    -0.00001403
     0.03063091     0.03060953     0.00002137
     0.02409862     0.02408837     0.00001025
     0.02807203     0.02802572     0.00004631
     0.00561727     0.00558663     0.00003064
     0.01179682     0.01178178     0.00001504
     0.00018749     0.00020675    -0.00001926
    -0.00067710    -0.00067925     0.00000215
    -0.00894204    -0.00894339     0.00000135
    -0.04658132    -0.04659566     0.00001434
     0.03232884     0.03226636     0.00006248
     0.03246016     0.03246775    -0.00000759
     0.03094052     0.03094720    -0.00000669
    -0.02974702    -0.02969872    -0.00004830
     0.02793066     0.02794657    -0.00001591
     0.00882860     0.00883670    -0.00000810
    -0.00177252    -0.00178682     0.00001429
     0.03342301     0.03342352    -0.00000051
    -0.00249284    -0.00246782    -0.00002502
     0.03439734     0.03439006     0.00000728
     0.00173445     0.00172799     0.00000647
    -0.01821892    -0.01822106     0.00000214
     0.03538248     0.03536729     0.00001518
     0.03637912     0.03635509     0.00002403
    -0.02433732    -0.02437462     0.00003730
    -0.04656203    -0.04654231    -0.00001972
     0.02332380     0.02333656    -0.00001276
    -0.04705929    -0.04705084    -0.00000845
     0.02840741     0.02839581     0.00001160
    -0.02415280    -0.02412128    -0.00003152
    -0.02419748    -0.02423228     0.00003480
    -0.02223508    -0.02226771     0.00003263
    -0.02567721    -0.02566215    -0.00001506
    -0.00066401    -0.00068954     0.00002552
    -0.00084913    -0.00087528     0.00002615
    -0.00066374    -0.00068954     0.00002580
    -0.00066374    -0.00068954     0.00002580
    -0.00066374    -0.00068954     0.00002580
    -0.00066374    -0.00068954     0.00002580
    -0.00066374    -0.00068954     0.00002580
    -0.00088037    -0.00091006     0.00002969
     0.02944920     0.02940884     0.00004035
    -0.00147769    -0.00149501     0.00001733
     0.02290880     0.02287440     0.00003441
    -0.00142073    -0.00144355     0.00002282
    -0.00108530    -0.00111597     0.00003067
     0.03548438     0.03545739     0.00002699
    -0.00150874    -0.00152310     0.00001436
    -0.00143932    -0.00145848     0.00001916
     0.03303590     0.03308552    -0.00004961
    -0.00160800    -0.00162242     0.00001442
     0.02464519     0.02473750    -0.00009231
     0.05745750     0.05744451     0.00001299
     0.02682273     0.02689461    -0.00007188
    -0.00164901    -0.00165769     0.00000868
    -0.00111126    -0.00112955     0.00001830
    -0.00025527    -0.00027023     0.00001496
    -0.00113471    -0.00117337     0.00003865
    -0.00158286    -0.00159413     0.00001127
    -0.00145004    -0.00146766     0.00001762
     0.03183297     0.03187903    -0.00004606
    -0.00145290    -0.00147054     0.00001764
    -0.00162283    -0.00163337     0.00001053
     0.02674313     0.02673033     0.00001280
     0.03720613     0.03724905    -0.00004292
     0.03148200     0.03143001     0.00005199
    -0.00131684    -0.00134818     0.00003134
    -0.00108421    -0.00110533     0.00002112
     0.03498252     0.03499942    -0.00001690
    -0.00108255    -0.00111997     0.00003742
     0.02425767     0.02436356    -0.00010588
     0.03192775     0.03203484    -0.00010709
     0.03372242     0.03366443     0.00005798
    -0.00142816    -0.00144432     0.00001616
    -0.00035742    -0.00037521     0.00001779
    -0.00047582    -0.00049948     0.00002366
     0.02886927     0.02883720     0.00003207
     0.02753735     0.02754083    -0.00000347
    -0.00093066    -0.00094770     0.00001704
    -0.04074018    -0.04073823    -0.00000195
    -0.00113828    -0.00117427     0.00003599
    -0.00125439    -0.00127712     0.00002273
    -0.00095049    -0.00097603     0.00002554
    -0.00105939    -0.00110892     0.00004953
    -0.00130949    -0.00133158     0.00002208
     0.03165947     0.03166843    -0.00000896
     0.02534278     0.02523941     0.00010337
    -0.00136468    -0.00138548     0.00002081
     0.02311161     0.02311711    -0.00000550
    -0.00117882    -0.00121078     0.00003196
    -0.00098432    -0.00100824     0.00002392
    -0.01359342    -0.01362897     0.00003555
    -0.00144209    -0.00145809     0.00001600
    -0.00128255    -0.00130299     0.00002044
    -0.00102946    -0.00104554     0.00001608
    -0.00126288    -0.00128803     0.00002515
     0.03468524     0.03467369     0.00001154
    -0.02530814    -0.02524657    -0.00006157
    -0.00104519    -0.00106330     0.00001811
     0.03325925     0.03329257    -0.00003332
    -0.00131396    -0.00133438     0.00002042
    -0.00122666    -0.00124682     0.00002015
    -0.00108029    -0.00110648     0.00002619
    -0.00112642    -0.00114545     0.00001903
     0.02388357     0.02385133     0.00003224
    -0.00131279    -0.00133137     0.00001858
    -0.00114748    -0.00116746     0.00001999
     0.01057658     0.01061151    -0.00003493
     0.03626195     0.03630254    -0.00004059
     0.03617871     0.03619587    -0.00001716
    -0.01649824    -0.01646409    -0.00003415
     0.02860311     0.02857540     0.00002772
    -0.00124405    -0.00126427     0.00002022
    -0.00119613    -0.00121830     0.00002217
     0.02626838     0.02627316    -0.00000478
     0.03173947     0.03168817     0.00005130
    -0.00507933    -0.00502568    -0.00005365
     0.03187653     0.03189699    -0.00002046
     0.01105969     0.01106963    -0.00000994
     0.04086693     0.04082963     0.00003730
     0.03629765     0.03631054    -0.00001289
     0.02698287     0.02698380    -0.00000093
     0.03022940     0.03023892    -0.00000951
     0.03648669     0.03653423    -0.00004754
     0.01972975     0.01972587     0.00000388
     0.04369928     0.04377179    -0.00007251
     0.04855978     0.04854479     0.00001499
     0.03706155     0.03705809     0.00000346
     0.04360189     0.04359005     0.00001184
     0.03587903     0.03583897     0.00004006
    -0.01108154    -0.01109350     0.00001196
     0.03804508     0.03801830     0.00002679
     0.03135916     0.03134611     0.00001306
    -0.00247890    -0.00246545    -0.00001345
     0.02366060     0.02365214     0.00000846
     0.01876756     0.01875897     0.00000859
     0.01237441     0.01240754    -0.00003313
     0.01185614     0.01188084    -0.00002470
    -0.00174855    -0.00181006     0.00006151
     0.01147276     0.01149881    -0.00002606
    -0.00321511    -0.00320903    -0.00000608
     0.01391071     0.01387627     0.00003444
    -0.02699193    -0.02704423     0.00005230
     0.00739706     0.00744998    -0.00005292
     0.01117857     0.01121089    -0.00003232
     0.01629391     0.01627515     0.00001876
     0.01916860     0.01918095    -0.00001235
     0.01352360     0.01354216    -0.00001857
     0.01453991     0.01453257     0.00000735
     0.00570800     0.00577317    -0.00006518
     0.01463589     0.01463325     0.00000264
     0.02387780     0.02389228    -0.00001448
     0.01867466     0.01869949    -0.00002483
     0.01070227     0.01075261    -0.00005035
     0.01951957     0.01953702    -0.00001745
    -0.02036024    -0.02039409     0.00003385
     0.00698119     0.00697450     0.00000669
     0.01789543     0.01791279    -0.00001736
    -0.01142788    -0.01141687    -0.00001101
     0.01794107     0.01798993    -0.00004886
     0.00869845     0.00866870     0.00002975
     0.01249495     0.01248514     0.00000981
     0.00705654     0.00708813    -0.00003159
     0.01619763     0.01622372    -0.00002609
    -0.01869961    -0.01867569    -0.00002392
     0.02217287     0.02222420    -0.00005133
     0.01234874     0.01229825     0.00005050
    -0.00887733    -0.00884713    -0.00003020
     0.00981041     0.00987313    -0.00006272
     0.01617818     0.01622664    -0.00004846
     0.02218237     0.02217054     0.00001183
     0.02053401     0.02055493    -0.00002092
     0.00315638     0.00321232    -0.00005593
    -0.00192469    -0.00195109     0.00002640
     0.01280252     0.01283819    -0.00003566
    -0.00810238    -0.00809467    -0.00000771
     0.01368466     0.01369182    -0.00000716
     0.03003827     0.03002979     0.00000848
     0.00309274     0.00310232    -0.00000959
    -0.01501938    -0.01497006    -0.00004932
     0.01812964     0.01814277    -0.00001313
     0.01687288     0.01686950     0.00000338
     0.01208830     0.01211025    -0.00002195
     0.01468999     0.01469200    -0.00000201
     0.00516965     0.00520500    -0.00003535
     0.00033239     0.00030394     0.00002845
     0.00450593     0.00452189    -0.00001595
     0.00407031     0.00408388    -0.00001357
     0.00924725     0.00924242     0.00000483
     0.02105767     0.02106822    -0.00001055
     0.02124401     0.02122230     0.00002171
     0.00750917     0.00748964     0.00001953
     0.04010009     0.04012354    -0.00002345
    -0.00201838    -0.00205867     0.00004029
     0.00300898     0.00299234     0.00001664
    -0.02679282    -0.02677044    -0.00002238
     0.01843120     0.01844226    -0.00001106
     0.00393877     0.00397949    -0.00004073
     0.01751151     0.01754646    -0.00003495
     0.02403500     0.02407553    -0.00004052
     0.01631116     0.01627564     0.00003552
     0.02139248     0.02138663     0.00000585
     0.00948344     0.00948959    -0.00000615
    -0.00236932    -0.00241568     0.00004636
     0.01581324     0.01582431    -0.00001107
     0.01891779     0.01888421     0.00003359
     0.01946754     0.01948664    -0.00001910
     0.02782176     0.02781302     0.00000874
     0.01617363     0.01620255    -0.00002891
    -0.01970752    -0.01958841    -0.00011911
     0.01998791     0.02001783    -0.00002992
     0.02358977     0.02358179     0.00000798
     0.02259813     0.02260826    -0.00001013
     0.00847425     0.00847914    -0.00000489
    -0.01211982    -0.01209487    -0.00002495
     0.00772074     0.00771860     0.00000214
     0.00675729     0.00674982     0.00000747
     0.01436720     0.01438855    -0.00002135
    -0.00963316    -0.00966008     0.00002692
     0.00642230     0.00644305    -0.00002075
     0.00510951     0.00509387     0.00001564
     0.01633807     0.01636798    -0.00002991
     0.01338504     0.01340450    -0.00001947
     0.00616338     0.00612793     0.00003545
     0.01601896     0.01601348     0.00000548
     0.02199358     0.02200929    -0.00001572
    -0.00732560    -0.00732535    -0.00000025
     0.01231201     0.01229139     0.00002062
     0.01178522     0.01180134    -0.00001611
    -0.02020739    -0.02028675     0.00007935
     0.01935189     0.01935656    -0.00000467
     0.01514945     0.01512727     0.00002218
     0.01514276     0.01515944    -0.00001668
    -0.02728399    -0.02727136    -0.00001263
     0.01874320     0.01873934     0.00000386
    -0.02552039    -0.02549152    -0.00002887
    -0.03211433    -0.03211794     0.00000361
    -0.01222371    -0.01223169     0.00000798
    -0.03852996    -0.03847066    -0.00005930
    -0.02816161    -0.02816641     0.00000481
    -0.02067897    -0.02067907     0.00000010
    -0.03224843    -0.03221434    -0.00003409
    -0.02551329    -0.02550107    -0.00001221
    -0.01564244    -0.01567963     0.00003719
    -0.02193757    -0.02197719     0.00003961
    -0.02881569    -0.02883555     0.00001986
     0.00047127     0.00049004    -0.00001877
    -0.02459727    -0.02456235    -0.00003492
    -0.03455979    -0.03453283    -0.00002696
    -0.01494634    -0.01493501    -0.00001133
    -0.02587000    -0.02583779    -0.00003221
    -0.02748236    -0.02749802     0.00001566
    -0.01853808    -0.01853332    -0.00000477
    -0.02577533    -0.02581929     0.00004396
    -0.01641279    -0.01643117     0.00001838
    -0.01934545    -0.01940789     0.00006244
    -0.02488342    -0.02485430    -0.00002913
    -0.02126641    -0.02126522    -0.00000119
     0.02714268     0.02711779     0.00002489
     0.02792781     0.02795823    -0.00003042
    -0.01208485    -0.01211087     0.00002602
     0.01066447     0.01063626     0.00002821
    -0.03421225    -0.03416693    -0.00004532
    -0.01890261    -0.01889377    -0.00000884
    -0.00715774    -0.00715941     0.00000167
    -0.00795533    -0.00795163    -0.00000370
     0.02671913     0.02668610     0.00003303
     0.03437416     0.03447349    -0.00009933
    -0.02034255    -0.02029873    -0.00004382
    -0.00472735    -0.00475805     0.00003070
    -0.02312791    -0.02312616    -0.00000175
    -0.02540545    -0.02537164    -0.00003381
     0.03615898     0.03619029    -0.00003131
    -0.02840754    -0.02842395     0.00001641
     0.01025823     0.01026644    -0.00000821
    -0.02090779    -0.02089975    -0.00000804
    -0.02901226    -0.02898692    -0.00002535
    -0.01402820    -0.01401556    -0.00001264
    -0.02667619    -0.02664902    -0.00002717
     0.01459205     0.01459010     0.00000195
    -0.01992652    -0.01990963    -0.00001689
    -0.01986736    -0.01985071    -0.00001665
    -0.01652183    -0.01651531    -0.00000652
     0.01982537     0.01984534    -0.00001997
    -0.00150471    -0.00151226     0.00000756
     0.03589190     0.03582715     0.00006475
    -0.02634800    -0.02634581    -0.00000218
    -0.01013496    -0.01010539    -0.00002958
    -0.02431577    -0.02431730     0.00000153
     0.02512226     0.02518378    -0.00006152
    -0.03442273    -0.03438915    -0.00003358
    -0.03322859    -0.03320371    -0.00002488
    -0.02555100    -0.02552965    -0.00002135
    -0.02425318    -0.02427424     0.00002106
     0.01091865     0.01086865     0.00005000
    -0.03580191    -0.03580876     0.00000685
    -0.01572453    -0.01571854    -0.00000600
    -0.00000961     0.00002390    -0.00003351
    -0.00522404    -0.00524975     0.00002571
     0.00692658     0.00693883    -0.00001226
    -0.03286452    -0.03287777     0.00001324
    -0.03587555    -0.03590525     0.00002971
     0.02124662     0.02125258    -0.00000596
     0.00603804     0.00601079     0.00002726
    -0.03032227    -0.03035211     0.00002984
    -0.01930803    -0.01930082    -0.00000721
    -0.02511350    -0.02514505     0.00003155
    -0.01548619    -0.01548170    -0.00000449
    -0.04927424    -0.04924566    -0.00002858
    -0.04318423    -0.04320407     0.00001984
    -0.00273790    -0.00277105     0.00003315
    -0.03473261    -0.03476636     0.00003375
     0.00048142     0.00042655     0.00005487
    -0.00695305    -0.00694868    -0.00000437
    -0.02622435    -0.02626442     0.00004007
    -0.01634406    -0.01636204     0.00001798
     0.00395537     0.00402700    -0.00007164
    -0.01684554    -0.01687946     0.00003393
    -0.00817686    -0.00815177    -0.00002508
    -0.02605866    -0.02609239     0.00003373
     0.04141246     0.04140510     0.00000736
     0.00943158     0.00946337    -0.00003180
    -0.01976009    -0.01973661    -0.00002348
    -0.01587814    -0.01589240     0.00001426
    -0.02772108    -0.02774375     0.00002267
     0.01018996     0.01020066    -0.00001070
    -0.00092132    -0.00093711     0.00001579
     0.01576840     0.01572651     0.00004189
     0.02275634     0.02276128    -0.00000495
    -0.00565591    -0.00567552     0.00001961
    -0.00315690    -0.00316606     0.00000916
    -0.01043187    -0.01048324     0.00005138
    -0.00609704    -0.00607494    -0.00002210
    -0.00117156    -0.00114737    -0.00002419
    -0.00116408    -0.00112856    -0.00003551
    -0.00091096    -0.00087426    -0.00003669
    -0.00085672    -0.00088054     0.00002381
     0.02845925     0.02840802     0.00005123
     0.02639415     0.02640823    -0.00001408
    -0.03335874    -0.03344574     0.00008701
    -0.00086603    -0.00088531     0.00001928
    -0.00086595    -0.00088531     0.00001936
    -0.00112533    -0.00109797    -0.00002736
    -0.03227583    -0.03225803    -0.00001781
    -0.03227583    -0.03225803    -0.00001781
    -0.00082524    -0.00087175     0.00004651
    -0.02521061    -0.02520148    -0.00000914
    -0.00335397    -0.00328288    -0.00007109
    -0.00038559    -0.00042149     0.00003591
    -0.00056543    -0.00061675     0.00005132
    -0.02639771    -0.02642337     0.00002566
    -0.00091974    -0.00089860    -0.00002114
    -0.00099150    -0.00101324     0.00002174
    -0.00097716    -0.00094869    -0.00002847
     0.01531598     0.01542649    -0.00011051
    -0.00088252    -0.00089367     0.00001115
    -0.02721073    -0.02721561     0.00000488
     0.00489797     0.00488230     0.00001567
    -0.00048491    -0.00044921    -0.00003569
    -0.02010609    -0.02013312     0.00002704
     0.02828273     0.02818573     0.00009699
    -0.00089730    -0.00089988     0.00000259
    -0.03185000    -0.03186081     0.00001081
    -0.00091294    -0.00090366    -0.00000928
     0.02506231     0.02508889    -0.00002657
     0.03203858     0.03210741    -0.00006883
     0.00171489     0.00182112    -0.00010624
     0.00005508     0.00008661    -0.00003153
    -0.02018405    -0.02015234    -0.00003170
     0.02823255     0.02816866     0.00006389
     0.02475319     0.02478472    -0.00003153
    -0.03209191    -0.03210355     0.00001164
     0.00362994     0.00361696     0.00001298
     0.01118603     0.01114967     0.00003636
     0.01137431     0.01138284    -0.00000854
     0.02140962     0.02149035    -0.00008073
     0.03136052     0.03133679     0.00002374
     0.03431718     0.03444572    -0.00012854
    -0.03430373    -0.03431145     0.00000772
    -0.00117757    -0.00115271    -0.00002486
    -0.00047103    -0.00046091    -0.00001012
    -0.00043435    -0.00044782     0.00001347
    -0.02948318    -0.02949267     0.00000949
     0.04809811     0.04810097    -0.00000286
     0.00978015     0.00979510    -0.00001495
     0.01493652     0.01496094    -0.00002442
    -0.00090581    -0.00094685     0.00004103
     0.00006955     0.00000755     0.00006200
    -0.02398564    -0.02392523    -0.00006041
     0.01704578     0.01695683     0.00008895
    -0.03822764    -0.03826851     0.00004087
    -0.00074954    -0.00082189     0.00007235
    -0.02379856    -0.02384508     0.00004651
     0.01479132     0.01478224     0.00000908
    -0.02923393    -0.02910014    -0.00013378
    -0.00083090    -0.00088612     0.00005522
     0.00715347     0.00718971    -0.00003625
    -0.03183324    -0.03185241     0.00001917
    -0.00070698    -0.00078238     0.00007540
    -0.00016942    -0.00022606     0.00005664
     0.01749899     0.01748293     0.00001606
     0.01901464     0.01898040     0.00003424
     0.01502964     0.01498262     0.00004702
    -0.02736682    -0.02738655     0.00001973
     0.02787077     0.02788760    -0.00001683
     0.01820164     0.01821929    -0.00001765
     0.01386534     0.01385778     0.00000756
     0.04242941     0.04240953     0.00001987
     0.01980632     0.01986154    -0.00005521
    -0.03587544    -0.03591453     0.00003910
     0.01538388     0.01539591    -0.00001203
     0.01084273     0.01086955    -0.00002682
    -0.00005293    -0.00011603     0.00006310
    -0.01253093    -0.01234963    -0.00018130
     0.00778186     0.00774995     0.00003191
    -0.02273764    -0.02273143    -0.00000621
     0.02621569     0.02615950     0.00005619
    -0.02538428    -0.02538920     0.00000492
     0.02076868     0.02079145    -0.00002277
     0.01452095     0.01453097    -0.00001002
     0.01023186     0.01023789    -0.00000603
     0.00597323     0.00598447    -0.00001125
     0.01314141     0.01309552     0.00004590
    -0.03519649    -0.03526269     0.00006620
    -0.03099693    -0.03100214     0.00000522
    -0.00301742    -0.00305751     0.00004010
     0.04506252     0.04506877    -0.00000625
    -0.00003586    -0.00001402    -0.00002184
    -0.00909856    -0.00910832     0.00000976
     0.02456892     0.02459055    -0.00002163
     0.00170098     0.00163657     0.00006441
     0.02875778     0.02870807     0.00004971
    -0.03088201    -0.03086956    -0.00001245
     0.02398991     0.02397186     0.00001805
    -0.01840736    -0.01839237    -0.00001499
    -0.01840774    -0.01839237    -0.00001537
    -0.01736130    -0.01736579     0.00000449
     0.00726160     0.00709724     0.00016437
    -0.03482562    -0.03486335     0.00003773
    -0.03124020    -0.03123175    -0.00000844
     0.01963922     0.01957959     0.00005963
    -0.01047138    -0.01049102     0.00001964
     0.02923401     0.02924159    -0.00000758
    -0.01529666    -0.01529884     0.00000217
    -0.01529683    -0.01529884     0.00000201
    -0.00707208    -0.00706745    -0.00000462
    -0.03396332    -0.03391301    -0.00005031
    -0.02181360    -0.02179982    -0.00001378
    -0.03276667    -0.03275689    -0.00000978
    -0.03190704    -0.03195451     0.00004747
     0.00181543     0.00181787    -0.00000243
    -0.01760326    -0.01758982    -0.00001345
    -0.01604694    -0.01604258    -0.00000436
    -0.01010873    -0.01008601    -0.00002272
    -0.01681582    -0.01680637    -0.00000945
    -0.01681626    -0.01680637    -0.00000988
    -0.01175282    -0.01173885    -0.00001397
    -0.02349766    -0.02346775    -0.00002991
     0.00527539     0.00521944     0.00005595
     0.03032385     0.03027347     0.00005038
    -0.01666085    -0.01665155    -0.00000930
     0.01669650     0.01668643     0.00001007
     0.01274492     0.01276684    -0.00002192
     0.00437276     0.00443035    -0.00005759
    -0.01360210    -0.01362003     0.00001793
    -0.03207360    -0.03203744    -0.00003616
    -0.00774197    -0.00773476    -0.00000721
     0.01202384     0.01211130    -0.00008746
     0.01303736     0.01295488     0.00008247
    -0.01590658    -0.01590072    -0.00000586
     0.00404171     0.00401314     0.00002857
    -0.00789794    -0.00788608    -0.00001186
    -0.02822509    -0.02827022     0.00004513
     0.00711866     0.00715486    -0.00003619
    -0.01214180    -0.01216200     0.00002020
    -0.01544456    -0.01543964    -0.00000491
    -0.01523854    -0.01523353    -0.00000500
     0.01962629     0.01959642     0.00002987
     0.00488341     0.00494393    -0.00006052
    -0.01135183    -0.01136091     0.00000908
    -0.01394281    -0.01394397     0.00000116
    -0.01495040    -0.01494326    -0.00000714
    -0.01121003    -0.01121721     0.00000718
    -0.02176533    -0.02173204    -0.00003329
    -0.02126047    -0.02127821     0.00001774
    -0.00932434    -0.00931992    -0.00000442
     0.02914209     0.02926788    -0.00012579
    -0.01295281    -0.01295452     0.00000171
    -0.01056643    -0.01056972     0.00000329
    -0.01149746    -0.01149995     0.00000249
     0.01600557     0.01604029    -0.00003471
    -0.01323627    -0.01322996    -0.00000631
    -0.00405031    -0.00409119     0.00004089
    -0.03047259    -0.03046216    -0.00001043
    -0.01117612    -0.01116701    -0.00000911
     0.01147589     0.01151424    -0.00003836
    -0.01187943    -0.01187239    -0.00000704
     0.02843057     0.02845329    -0.00002272
     0.01312013     0.01333009    -0.00020996
     0.00867907     0.00871107    -0.00003200
    -0.03547870    -0.03544305    -0.00003565
     0.00297788     0.00295924     0.00001864
    -0.00225531    -0.00234603     0.00009073
     0.02806041     0.02800474     0.00005567
     0.01991454     0.01976793     0.00014662
     0.02835584     0.02832525     0.00003059
     0.01194313     0.01187774     0.00006539
    -0.00721192    -0.00729511     0.00008319
    -0.03831706    -0.03827052    -0.00004654
    -0.04286245    -0.04282262    -0.00003983
    -0.04102146    -0.04104221     0.00002075
     0.00234451     0.00231962     0.00002489
     0.01330242     0.01329514     0.00000728
    -0.04163965    -0.04160387    -0.00003578
    -0.03473397    -0.03470883    -0.00002515
    -0.04435298    -0.04430315    -0.00004983
    -0.04563515    -0.04569331     0.00005816
     0.02835758     0.02842978    -0.00007219
    -0.01727858    -0.01728643     0.00000786
    -0.03097995    -0.03100543     0.00002548
    -0.00066578    -0.00067842     0.00001264
    -0.03891650    -0.03892409     0.00000759
    -0.02322897    -0.02327282     0.00004385
    -0.03441231    -0.03441743     0.00000512
    -0.01894114    -0.01895513     0.00001399
    -0.00123281    -0.00122487    -0.00000794
    -0.00530666    -0.00528167    -0.00002499
    -0.01638887    -0.01639642     0.00000755
    -0.00280702    -0.00278219    -0.00002483
     0.02867939     0.02875909    -0.00007970
     0.02815483     0.02813896     0.00001587
     0.02846314     0.02845846     0.00000467
    -0.01628035    -0.01626796    -0.00001240
     0.02221665     0.02226001    -0.00004336
     0.02287356     0.02294865    -0.00007509
    -0.00571167    -0.00569035    -0.00002132
    -0.01480025    -0.01480340     0.00000315
    -0.00070431    -0.00064569    -0.00005863
    -0.00070431    -0.00064569    -0.00005863
     0.02590761     0.02583109     0.00007652
    -0.02510484    -0.02511160     0.00000676
    -0.00173633    -0.00179428     0.00005795
     0.01322579     0.01323384    -0.00000804
     0.00307891     0.00306851     0.00001040
    -0.00187353    -0.00186326    -0.00001027
     0.03278371     0.03273782     0.00004588
     0.01727128     0.01729568    -0.00002440
    -0.02034555    -0.02039670     0.00005115
    -0.00111648    -0.00109395    -0.00002253
     0.02689895     0.02700132    -0.00010237
    -0.00439894    -0.00438940    -0.00000954
     0.02074555     0.02074485     0.00000071
    -0.00060850    -0.00055897    -0.00004954
    -0.00060877    -0.00055897    -0.00004981
    -0.01944607    -0.01944175    -0.00000433
    -0.02480176    -0.02476687    -0.00003489
     0.00322869     0.00321858     0.00001010
     0.00401607     0.00401097     0.00000511
     0.02937589     0.02939155    -0.00001566
    -0.00943329    -0.00944370     0.00001041
     0.00338110     0.00337177     0.00000933
    -0.00066711    -0.00061122    -0.00005589
    -0.00066711    -0.00061122    -0.00005589
     0.02892755     0.02902407    -0.00009651
     0.03405919     0.03415000    -0.00009082
     0.00385379     0.00384772     0.00000606
    -0.00283907    -0.00282957    -0.00000950
     0.00353636     0.00352786     0.00000851
    -0.05094361    -0.05097336     0.00002975
     0.00369392     0.00368659     0.00000732
    -0.00256954    -0.00257070     0.00000115
     0.00420661     0.00424468    -0.00003808
     0.02007977     0.02014141    -0.00006164
    -0.00138852    -0.00132410    -0.00006441
    -0.02641616    -0.02640086    -0.00001530
    -0.00203340    -0.00204037     0.00000697
    -0.03276254    -0.03269050    -0.00007203
    -0.03394593    -0.03399290     0.00004697
    -0.00711338    -0.00710516    -0.00000823
     0.01458533     0.01460507    -0.00001974
     0.01815568     0.01803373     0.00012195
    -0.03487379    -0.03487826     0.00000448
    -0.00582076    -0.00580755    -0.00001321
     0.00746787     0.00746638     0.00000149
    -0.01687530    -0.01687621     0.00000090
    -0.01674975    -0.01673359    -0.00001616
    -0.00227027    -0.00228390     0.00001362
     0.03046404     0.03048426    -0.00002021
     0.01888688     0.01885109     0.00003579
     0.00316169     0.00319919    -0.00003750
    -0.00060181    -0.00067366     0.00007186
     0.01473211     0.01471148     0.00002063
    -0.02608791    -0.02603548    -0.00005243
     0.01404641     0.01402714     0.00001927
     0.01851672     0.01853050    -0.00001377
     0.00401047     0.00392911     0.00008136
    -0.00445216    -0.00442826    -0.00002390
    -0.01837977    -0.01846595     0.00008618
     0.01597297     0.01585699     0.00011598
     0.01159600     0.01158292     0.00001308
     0.01386260     0.01388923    -0.00002663
     0.00532159     0.00534367    -0.00002207
    -0.00125581    -0.00125722     0.00000142
    -0.00036836    -0.00037445     0.00000609
    -0.01923418    -0.01931770     0.00008352
     0.04727622     0.04728436    -0.00000814
    -0.01834964    -0.01834539    -0.00000425
     0.01260325     0.01261312    -0.00000986
     0.01769437     0.01757416     0.00012021
     0.00074935     0.00076888    -0.00001954
    -0.00030931    -0.00031902     0.00000971
     0.00252865     0.00253047    -0.00000182
    -0.01933951    -0.01942932     0.00008981
     0.00357155     0.00356382     0.00000773
     0.01415860     0.01418924    -0.00003064
     0.02152260     0.02149702     0.00002558
     0.01057595     0.01048093     0.00009502
    -0.01538461    -0.01537786    -0.00000675
    -0.02058155    -0.02062157     0.00004002
     0.02422994     0.02422033     0.00000961
     0.00508211     0.00511786    -0.00003575
    -0.01835677    -0.01847204     0.00011527
     0.00403958     0.00401290     0.00002668
    -0.01589782    -0.01591113     0.00001332
    -0.01309605    -0.01308803    -0.00000802
     0.03307400     0.03304350     0.00003050
    -0.00310436    -0.00308681    -0.00001755
     0.02967372     0.02968183    -0.00000811
     0.04478341     0.04478751    -0.00000410
     0.02769817     0.02774537    -0.00004720
     0.04119442     0.04126727    -0.00007285
    -0.01661269    -0.01660282    -0.00000986
     0.02351970     0.02358440    -0.00006470
    -0.01743700    -0.01744949     0.00001249
    -0.01743727    -0.01744950     0.00001222
    -0.01234559    -0.01228167    -0.00006392
    -0.00449475    -0.00450050     0.00000575
    -0.00118770    -0.00116701    -0.00002069
    -0.00627228    -0.00630590     0.00003363
     0.00422342     0.00425639    -0.00003297
    -0.02622021    -0.02623951     0.00001930
    -0.02622013    -0.02623951     0.00001938
    -0.01137235    -0.01137180    -0.00000055
    -0.01137235    -0.01137180    -0.00000055
    -0.00138384    -0.00136290    -0.00002094
    -0.00616218    -0.00613788    -0.00002431
    -0.00050861    -0.00049128    -0.00001733
    -0.00050861    -0.00049128    -0.00001733
     0.03695246     0.03692037     0.00003210
    -0.01553784    -0.01554334     0.00000551
     0.02725169     0.02727761    -0.00002592
     0.03749612     0.03749632    -0.00000020
     0.00446903     0.00450042    -0.00003139
    -0.01675859    -0.01676726     0.00000866
    -0.00173157    -0.00169898    -0.00003259
    -0.04568533    -0.04568064    -0.00000469
     0.01954662     0.01959477    -0.00004816
    -0.01174794    -0.01174700    -0.00000095
    -0.01174794    -0.01174700    -0.00000095
    -0.00156885    -0.00152969    -0.00003915
    -0.00090562    -0.00088229    -0.00002333
    -0.00379060    -0.00373885    -0.00005175
    -0.01678534    -0.01679580     0.00001045
    -0.00090589    -0.00088229    -0.00002360
    -0.01678562    -0.01679580     0.00001018
    -0.01088137    -0.01088980     0.00000843
    -0.01971767    -0.01967076    -0.00004691
    -0.00107681    -0.00105789    -0.00001892
    -0.00170177    -0.00167003    -0.00003175
     0.00166760     0.00169341    -0.00002582
    -0.01087745    -0.01088657     0.00000912
    -0.00075691    -0.00073579    -0.00002112
    -0.00075691    -0.00073579    -0.00002112
    -0.00164637    -0.00161529    -0.00003108
    -0.00152664    -0.00149509    -0.00003155
    -0.01214425    -0.01214300    -0.00000125
    -0.01214425    -0.01214300    -0.00000125
     0.01922648     0.01924388    -0.00001740
    -0.00157973    -0.00154990    -0.00002983
    -0.00156289    -0.00153308    -0.00002981
    -0.01616269    -0.01617149     0.00000879
     0.03636990     0.03639398    -0.00002409
    -0.00062684    -0.00060569    -0.00002115
    -0.00062684    -0.00060569    -0.00002115
    -0.01255367    -0.01255190    -0.00000177
    -0.00145320    -0.00142589    -0.00002730
    -0.00130985    -0.00128147    -0.00002838
    -0.00513612    -0.00513861     0.00000249
    -0.00135211    -0.00132608    -0.00002603
     0.01024272     0.01032052    -0.00007780
    -0.00142030    -0.00139189    -0.00002841
    -0.01256238    -0.01256075    -0.00000163
    -0.01272189    -0.01271872    -0.00000317
    -0.01256265    -0.01256075    -0.00000191
     0.03410408     0.03409911     0.00000498
    -0.01556897    -0.01557590     0.00000694
    -0.01556897    -0.01557590     0.00000694
    -0.01068436    -0.01063468    -0.00004968
    -0.01422957    -0.01423012     0.00000055
    -0.01500330    -0.01500831     0.00000501
    -0.01500330    -0.01500831     0.00000501
    -0.01300293    -0.01300118    -0.00000175
    -0.01300293    -0.01300118    -0.00000175
    -0.00543972    -0.00544134     0.00000162
    -0.01446503    -0.01446790     0.00000287
    -0.01446503    -0.01446790     0.00000287
     0.01015238     0.01014246     0.00000992
    -0.01346626    -0.01346523    -0.00000103
    -0.01346626    -0.01346523    -0.00000103
    -0.01395324    -0.01395384     0.00000060
    -0.01395324    -0.01395384     0.00000060
    -0.00585347    -0.00585464     0.00000117
    -0.00580533    -0.00580673     0.00000140
    -0.00958170    -0.00958627     0.00000457
    -0.00256960    -0.00248054    -0.00008905
    -0.00619247    -0.00619341     0.00000094
    -0.00665416    -0.00665511     0.00000095
    -0.00901810    -0.00902055     0.00000245
    -0.00660159    -0.00660243     0.00000084
    -0.00854938    -0.00855032     0.00000094
    -0.00703480    -0.00703487     0.00000008
    -0.00803805    -0.00803763    -0.00000043
    -0.00858925    -0.00852375    -0.00006550
    -0.00848301    -0.00848360     0.00000058
    -0.00749246    -0.00749183    -0.00000064
    -0.00797481    -0.00797438    -0.00000044
    -0.02064250    -0.02060184    -0.00004066
    -0.00604283    -0.00602183    -0.00002101
     0.04082715     0.04080256     0.00002459
     0.00188278     0.00182364     0.00005914
    -0.04834312    -0.04833626    -0.00000686
     0.01090034     0.01097909    -0.00007875
    -0.01024566    -0.01021460    -0.00003106
    -0.01251207    -0.01252665     0.00001458
     0.00784246     0.00785938    -0.00001693
    -0.02041249    -0.02041305     0.00000057
     0.04106244     0.04104371     0.00001874
    -0.01565501    -0.01563611    -0.00001890
    -0.02139082    -0.02143126     0.00004044
    -0.02661769    -0.02656791    -0.00004978
    -0.01024095    -0.01025019     0.00000924
    -0.00724745    -0.00723066    -0.00001680
    -0.00474787    -0.00476394     0.00001607
     0.03413467     0.03409082     0.00004385
    -0.02166481    -0.02167102     0.00000621
    -0.00667795    -0.00666597    -0.00001198
    -0.01624403    -0.01621627    -0.00002776
    -0.01509878    -0.01511956     0.00002078
    -0.00722438    -0.00722497     0.00000060
    -0.02554521    -0.02550349    -0.00004171
     0.03972511     0.03970391     0.00002120
     0.03555894     0.03552147     0.00003747
    -0.01438587    -0.01438912     0.00000325
    -0.01192381    -0.01191157    -0.00001224
     0.01673851     0.01674503    -0.00000652
    -0.01924158    -0.01926107     0.00001950
    -0.00817240    -0.00814990    -0.00002249
     0.03835872     0.03833330     0.00002542
     0.03696836     0.03693736     0.00003099
    -0.01794101    -0.01796340     0.00002239
    -0.00727347    -0.00727436     0.00000090
     0.03525537     0.03528701    -0.00003164
    -0.00959882    -0.00960244     0.00000362
     0.02621194     0.02622623    -0.00001429
    -0.00517408    -0.00518745     0.00001337
     0.03572368     0.03569157     0.00003211
    -0.01234853    -0.01233424    -0.00001429
    -0.00715502    -0.00715443    -0.00000058
    -0.01423248    -0.01423079    -0.00000169
    -0.00951016    -0.00952381     0.00001365
    -0.00533528    -0.00534820     0.00001292
    -0.01009036    -0.01010509     0.00001473
    -0.00416925    -0.00420951     0.00004026
    -0.01343853    -0.01342543    -0.00001310
    -0.00992897    -0.00991811    -0.00001087
    -0.00463951    -0.00466987     0.00003035
    -0.01057448    -0.01058017     0.00000569
    -0.00900142    -0.00901477     0.00001336
    -0.00460621    -0.00463694     0.00003073
    -0.00898501    -0.00897091    -0.00001410
    -0.00600436    -0.00602334     0.00001899
    -0.03513893    -0.03520418     0.00006524
    -0.01614653    -0.01615523     0.00000870
     0.00421855     0.00425034    -0.00003178
    -0.00363419    -0.00357891    -0.00005528
    -0.00929552    -0.00928440    -0.00001112
    -0.02180576    -0.02180899     0.00000322
    -0.01304723    -0.01303976    -0.00000747
    -0.02860390    -0.02860252    -0.00000138
    -0.00482526    -0.00485278     0.00002752
    -0.01029842    -0.01030778     0.00000935
    -0.01013368    -0.01014384     0.00001016
     0.00862195     0.00860861     0.00001335
    -0.01922569    -0.01927434     0.00004865
    -0.00405583    -0.00410230     0.00004647
     0.01256537     0.01259098    -0.00002561
    -0.02192636    -0.02198055     0.00005419
    -0.00853003    -0.00854388     0.00001384
    -0.01033731    -0.01032858    -0.00000872
     0.02262597     0.02265627    -0.00003031
    -0.00879428    -0.00880256     0.00000828
     0.00495917     0.00498763    -0.00002846
    -0.01194041    -0.01194592     0.00000551
    -0.00505517    -0.00507203     0.00001686
    -0.01020177    -0.01019514    -0.00000662
    -0.01093547    -0.01092956    -0.00000591
    -0.00561074    -0.00562845     0.00001771
    -0.01128154    -0.01127893    -0.00000261
    -0.00448933    -0.00451080     0.00002147
     0.00668020     0.00666864     0.00001156
    -0.01391027    -0.01389687    -0.00001340
    -0.00662347    -0.00662742     0.00000395
    -0.00499408    -0.00502187     0.00002779
    -0.01905102    -0.01911605     0.00006503
    -0.00898721    -0.00899302     0.00000581
     0.03474176     0.03475990    -0.00001814
     0.00588852     0.00582943     0.00005909
    -0.00904920    -0.00905476     0.00000556
     0.02454941     0.02455649    -0.00000709
    -0.00840070    -0.00840289     0.00000219
    -0.00875066    -0.00875239     0.00000172
    -0.00696987    -0.00697356     0.00000369
    -0.00573469    -0.00573614     0.00000145
    -0.00581638    -0.00583047     0.00001409
    -0.00715230    -0.00715187    -0.00000043
    -0.00852639    -0.00852371    -0.00000268
     0.00243575     0.00244707    -0.00001133
    -0.00867453    -0.00867592     0.00000139
    -0.00826097    -0.00826156     0.00000059
     0.01121955     0.01120095     0.00001860
     0.02425329     0.02423111     0.00002218
     0.01666836     0.01666692     0.00000145
    -0.00919157    -0.00919432     0.00000275
    -0.00582860    -0.00582803    -0.00000056
    -0.03887315    -0.03887321     0.00000006
    -0.00387830    -0.00384749    -0.00003081
    -0.00398203    -0.00395416    -0.00002788
    -0.01789445    -0.01796187     0.00006742
    -0.00447837    -0.00447397    -0.00000439
    -0.00485299    -0.00485839     0.00000540
    -0.03050184    -0.03040676    -0.00009508
    -0.00640238    -0.00643268     0.00003030
    -0.00489046    -0.00489022    -0.00000024
    -0.00480599    -0.00481447     0.00000847
    -0.00480599    -0.00481447     0.00000847
    -0.00506681    -0.00507470     0.00000789
    -0.00510094    -0.00510850     0.00000756
    -0.00630414    -0.00633234     0.00002819
    -0.00447108    -0.00446675    -0.00000433
    -0.00392184    -0.00389289    -0.00002895
    -0.03377205    -0.03377990     0.00000785
    -0.00645277    -0.00646584     0.00001306
    -0.02499714    -0.02499572    -0.00000142
    -0.00638515    -0.00640706     0.00002191
    -0.00350390    -0.00348193    -0.00002197
    -0.00405746    -0.00403147    -0.00002599
    -0.00595146    -0.00594879    -0.00000266
    -0.03159149    -0.03153153    -0.00005996
    -0.02957687    -0.02957952     0.00000265
    -0.00579363    -0.00579093    -0.00000271
    -0.00465815    -0.00465190    -0.00000626
     0.02953886     0.02966548    -0.00012663
    -0.03366476    -0.03362165    -0.00004311
    -0.00408579    -0.00406235    -0.00002344
    -0.00625285    -0.00626397     0.00001112
     0.02779605     0.02776577     0.00003028
    -0.00413167    -0.00410836    -0.00002331
    -0.00564089    -0.00566014     0.00001924
    -0.00416549    -0.00414676    -0.00001873
    -0.00432933    -0.00431124    -0.00001809
    -0.00409491    -0.00407067    -0.00002423
    -0.00613296    -0.00614401     0.00001106
    -0.00535019    -0.00536505     0.00001485
    -0.00588920    -0.00588586    -0.00000334
    -0.00568098    -0.00567915    -0.00000182
    -0.00488986    -0.00489073     0.00000087
    -0.00448838    -0.00447911    -0.00000927
    -0.00418084    -0.00415754    -0.00002330
    -0.04161429    -0.04157058    -0.00004371
    -0.00514409    -0.00514681     0.00000271
    -0.00597132    -0.00596958    -0.00000174
    -0.00588939    -0.00590353     0.00001414
    -0.00427548    -0.00425673    -0.00001875
    -0.00468969    -0.00468512    -0.00000458
     0.04594977     0.04585511     0.00009467
    -0.05363386    -0.05363420     0.00000034
    -0.00557289    -0.00557134    -0.00000155
    -0.03155683    -0.03155247    -0.00000436
    -0.00430242    -0.00428233    -0.00002009
    -0.03784497    -0.03788834     0.00004337
    -0.04089224    -0.04091797     0.00002574
    -0.00579235    -0.00580214     0.00000979
    -0.00476071    -0.00475133    -0.00000938
    -0.00509329    -0.00509224    -0.00000105
    -0.00585706    -0.00585984     0.00000278
    -0.00446457    -0.00444681    -0.00001776
    -0.00438052    -0.00435991    -0.00002060
    -0.00380418    -0.00378741    -0.00001677
    -0.00526361    -0.00526637     0.00000276
    -0.00477709    -0.00476803    -0.00000906
    -0.00445097    -0.00443389    -0.00001708
    -0.00524856    -0.00525149     0.00000293
    -0.00476167    -0.00475579    -0.00000588
    -0.00483971    -0.00483667    -0.00000304
    -0.00529090    -0.00529073    -0.00000017
    -0.00560043    -0.00559610    -0.00000433
    -0.00478588    -0.00477999    -0.00000589
    -0.00494953    -0.00494514    -0.00000440
    -0.00485315    -0.00485391     0.00000076
    -0.00553398    -0.00553597     0.00000199
    -0.02528702    -0.02527359    -0.00001343
     0.03155386     0.03151111     0.00004275
    -0.00455872    -0.00454374    -0.00001498
    -0.00542979    -0.00542566    -0.00000412
    -0.00517618    -0.00517681     0.00000063
    -0.00532121    -0.00531831    -0.00000290
     0.02235859     0.02235750     0.00000109
    -0.00517648    -0.00517525    -0.00000123
    -0.00535594    -0.00535168    -0.00000426
    -0.00492015    -0.00491536    -0.00000478
    -0.00411439    -0.00410284    -0.00001155
    -0.00489002    -0.00488322    -0.00000680
    -0.00509299    -0.00508977    -0.00000322
    -0.00445595    -0.00444787    -0.00000808
    -0.02451174    -0.02449942    -0.00001232
    -0.02849702    -0.02845657    -0.00004044
     0.00038975     0.00041503    -0.00002528
    -0.03146472    -0.03145425    -0.00001047
    -0.00931677    -0.00931346    -0.00000331
    -0.03138858    -0.03141508     0.00002650
    -0.05137746    -0.05140152     0.00002405
    -0.03284376    -0.03283636    -0.00000741
    -0.05797778    -0.05797496    -0.00000281
     0.00004106     0.00003406     0.00007365     0.00008608     0.00038869
