                 -1.04534252876520383779
                 -1.19493263506397418006
                 -1.20846573125819300998
                 -1.34630821919141352438
                 -0.78039184644971459903
                  0.70972791938012347313
                  0.09605319895303000843
                 -0.31350477489450628843
                  0.35677129533599266642
                  1.01079257052435922404
                  0.63283294907794651607
                 -0.91682558404132175056
                  1.03807985072430541962
                  1.17086705833640158936
                 -1.38366760287167189780
                 -1.51178436559116891047
                  1.45922023723729976652
                 -0.96930102036425291878
                  0.90241211056176551253
                 -0.86642688509478560377
                 -0.51450347901991622113
                  0.27775331491034982445
                  0.00962935095086344534
                 -0.24144584693723883384
                  0.57036349348670767334
                  0.59518879224165388564
                 -0.87351754436144679605
                  1.28504716318660650032
                  1.24168885751299518105
                 -1.72225179279829965218
                  0.58543673755220304589
