    -0.00103343    -0.00124529     0.00021185
    -0.00747023    -0.00743845    -0.00003178
    -0.00563668    -0.00559431    -0.00004236
    -0.00095749    -0.00111645     0.00015896
    -0.00051163    -0.00044275    -0.00006888
     0.02273479     0.02279076    -0.00005598
     0.02194552     0.02208483    -0.00013931
    -0.02411051    -0.02407193    -0.00003858
    -0.01091158    -0.01089232    -0.00001926
    -0.00047024    -0.00041579    -0.00005445
     0.01570511     0.01582468    -0.00011958
    -0.02315901    -0.02320306     0.00004405
    -0.03150341    -0.03145198    -0.00005143
    -0.00047141    -0.00041450    -0.00005691
    -0.01143482    -0.01149787     0.00006304
    -0.00247240    -0.00248409     0.00001169
    -0.01208986    -0.01205726    -0.00003260
    -0.01363641    -0.01360113    -0.00003528
     0.02277601     0.02290393    -0.00012792
     0.00002977     0.00009407    -0.00006430
     0.01393147     0.01393462    -0.00000315
    -0.00030360    -0.00031207     0.00000847
     0.00007391     0.00012405    -0.00005014
     0.00893285     0.00899901    -0.00006617
     0.02382433     0.02395193    -0.00012760
     0.01333850     0.01324180     0.00009670
     0.01761858     0.01778772    -0.00016914
    -0.04233945    -0.04242137     0.00008192
     0.01439341     0.01450287    -0.00010947
     0.02824735     0.02824949    -0.00000213
    -0.00027677    -0.00021192    -0.00006485
     0.00283834     0.00293981    -0.00010147
    -0.00417689    -0.00414211    -0.00003478
     0.02639518     0.02642011    -0.00002493
    -0.00053179    -0.00057658     0.00004479
    -0.01616269    -0.01615662    -0.00000607
    -0.00479927    -0.00473712    -0.00006215
    -0.00048191    -0.00043780    -0.00004412
    -0.02854991    -0.02852226    -0.00002765
     0.01998067     0.02000135    -0.00002068
     0.01113640     0.01116470    -0.00002831
    -0.00666434    -0.00664229    -0.00002205
    -0.00051879    -0.00067098     0.00015219
    -0.01757262    -0.01745373    -0.00011890
     0.02201864     0.02197146     0.00004718
    -0.00047721    -0.00040541    -0.00007180
    -0.02422047    -0.02424654     0.00002607
     0.01964436     0.01961498     0.00002938
     0.00225008     0.00239547    -0.00014539
     0.03225586     0.03210678     0.00014908
     0.02913561     0.02921309    -0.00007748
    -0.01619056    -0.01614454    -0.00004602
    -0.00200548    -0.00190037    -0.00010511
    -0.00045595    -0.00040484    -0.00005111
     0.01208009     0.01210736    -0.00002728
    -0.00896974    -0.00905390     0.00008416
     0.02620465     0.02627931    -0.00007466
    -0.00098935    -0.00087203    -0.00011732
    -0.00859779    -0.00857348    -0.00002431
     0.03272107     0.03268056     0.00004051
    -0.03343134    -0.03330692    -0.00012442
     0.02419492     0.02422508    -0.00003016
     0.00007391     0.00012405    -0.00005014
    -0.00065571    -0.00068407     0.00002836
     0.01074531     0.01092118    -0.00017587
    -0.00058205    -0.00064038     0.00005832
    -0.00084671    -0.00067324    -0.00017347
    -0.03750039    -0.03731761    -0.00018279
     0.01409792     0.01417421    -0.00007629
    -0.02057867    -0.02069731     0.00011865
     0.02537503     0.02549667    -0.00012165
    -0.00045296    -0.00040753    -0.00004543
    -0.01578070    -0.01567503    -0.00010567
     0.01248524     0.01258881    -0.00010357
    -0.00284914    -0.00281325    -0.00003589
    -0.00600493    -0.00588720    -0.00011772
    -0.00050039    -0.00045767    -0.00004272
    -0.00059745    -0.00053751    -0.00005994
    -0.00019290    -0.00013838    -0.00005452
     0.03147427     0.03145351     0.00002076
     0.00795645     0.00799627    -0.00003983
    -0.00189810    -0.00204998     0.00015187
     0.03498712     0.03495064     0.00003648
     0.02151101     0.02142697     0.00008404
     0.01645249     0.01652509    -0.00007260
     0.02972218     0.02987087    -0.00014869
    -0.00037407    -0.00033901    -0.00003507
    -0.00654121    -0.00643128    -0.00010992
    -0.00045661    -0.00041185    -0.00004476
     0.02942996     0.02950708    -0.00007712
    -0.00057990    -0.00051072    -0.00006919
    -0.00422854    -0.00431344     0.00008490
     0.00193402     0.00202179    -0.00008777
     0.00932221     0.00933833    -0.00001612
    -0.01980126    -0.01980141     0.00000015
     0.02062277     0.02070515    -0.00008237
    -0.00179149    -0.00167793    -0.00011356
    -0.00602283    -0.00592652    -0.00009631
    -0.00168770    -0.00168882     0.00000112
     0.01996570     0.01986262     0.00010308
    -0.00504905    -0.00504145    -0.00000760
    -0.00656624    -0.00663234     0.00006609
    -0.00377373    -0.00378705     0.00001332
    -0.01289695    -0.01288210    -0.00001484
    -0.00199840    -0.00206019     0.00006178
    -0.00199840    -0.00206019     0.00006178
    -0.00199840    -0.00206019     0.00006178
    -0.00199840    -0.00206019     0.00006178
    -0.00199813    -0.00206019     0.00006206
    -0.00199813    -0.00206019     0.00006206
    -0.00199813    -0.00206019     0.00006206
    -0.00199813    -0.00206019     0.00006206
    -0.00199813    -0.00206019     0.00006206
    -0.00199813    -0.00206019     0.00006206
    -0.00199813    -0.00206019     0.00006206
    -0.00199813    -0.00206019     0.00006206
     0.02287517     0.02282435     0.00005082
    -0.00401749    -0.00403104     0.00001355
    -0.00371278    -0.00374606     0.00003329
    -0.00423755    -0.00425193     0.00001438
    -0.00366341    -0.00370866     0.00004524
    -0.00360031    -0.00364559     0.00004528
     0.02466241     0.02463185     0.00003056
    -0.00535474    -0.00534303    -0.00001171
    -0.00600618    -0.00602321     0.00001703
    -0.00345293    -0.00349959     0.00004665
    -0.00978497    -0.00981658     0.00003161
    -0.00331184    -0.00336417     0.00005233
    -0.00814437    -0.00822023     0.00007586
    -0.00640229    -0.00640783     0.00000553
    -0.00378622    -0.00380351     0.00001729
    -0.01449997    -0.01461429     0.00011432
    -0.00324942    -0.00331172     0.00006230
    -0.00326196    -0.00332477     0.00006280
    -0.00570280    -0.00569950    -0.00000330
    -0.00596259    -0.00595942    -0.00000317
    -0.01144544    -0.01149127     0.00004584
    -0.00646189    -0.00645564    -0.00000625
    -0.00976045    -0.00978745     0.00002700
    -0.01326027    -0.01339897     0.00013869
    -0.00369776    -0.00374734     0.00004959
    -0.00295189    -0.00303969     0.00008780
    -0.00518410    -0.00519379     0.00000970
    -0.00361367    -0.00366760     0.00005392
    -0.00386421    -0.00388383     0.00001963
    -0.00317981    -0.00325345     0.00007363
    -0.00313543    -0.00321210     0.00007667
    -0.00417466    -0.00420862     0.00003396
    -0.01162019    -0.01174603     0.00012584
    -0.00351593    -0.00357296     0.00005703
    -0.00784039    -0.00787576     0.00003537
    -0.00615600    -0.00616790     0.00001190
    -0.01331663    -0.01346167     0.00014505
    -0.00777925    -0.00786099     0.00008174
    -0.00395591    -0.00397891     0.00002300
    -0.00475271    -0.00478332     0.00003060
    -0.00722070    -0.00725397     0.00003326
    -0.00327339    -0.00334407     0.00007068
    -0.00413349    -0.00416906     0.00003557
    -0.00375493    -0.00380861     0.00005368
    -0.00357786    -0.00363629     0.00005843
    -0.00697896    -0.00705738     0.00007842
    -0.00404827    -0.00407147     0.00002320
    -0.00246312    -0.00255220     0.00008908
    -0.00246285    -0.00255220     0.00008935
    -0.00246285    -0.00255220     0.00008935
    -0.00246285    -0.00255220     0.00008935
    -0.00246285    -0.00255220     0.00008935
    -0.00246285    -0.00255220     0.00008935
    -0.00246285    -0.00255220     0.00008935
    -0.00246285    -0.00255220     0.00008935
    -0.00246285    -0.00255220     0.00008935
    -0.00246285    -0.00255220     0.00008935
    -0.00246285    -0.00255220     0.00008935
    -0.00246285    -0.00255220     0.00008935
    -0.00605170    -0.00611111     0.00005941
    -0.00687790    -0.00695418     0.00007628
    -0.00381071    -0.00385336     0.00004265
    -0.00740713    -0.00752151     0.00011438
    -0.00347228    -0.00351290     0.00004062
    -0.00728386    -0.00736407     0.00008021
    -0.00676149    -0.00683159     0.00007011
    -0.00649710    -0.00654810     0.00005100
    -0.00663351    -0.00669492     0.00006141
    -0.00492668    -0.00496031     0.00003363
    -0.00226807    -0.00232715     0.00005908
    -0.00226807    -0.00232715     0.00005908
    -0.00226807    -0.00232715     0.00005908
    -0.00226780    -0.00232715     0.00005935
    -0.00226780    -0.00232715     0.00005935
    -0.00226780    -0.00232715     0.00005935
    -0.00226780    -0.00232715     0.00005935
    -0.00226780    -0.00232715     0.00005935
    -0.00226780    -0.00232715     0.00005935
    -0.00226780    -0.00232715     0.00005935
    -0.00226780    -0.00232715     0.00005935
    -0.00226780    -0.00232715     0.00005935
    -0.00326392    -0.00331662     0.00005269
    -0.00454144    -0.00456749     0.00002605
    -0.00414574    -0.00417875     0.00003301
    -0.02933287    -0.02934144     0.00000857
    -0.05325783    -0.05314383    -0.00011399
     0.06033891     0.06030518     0.00003373
     0.05203029     0.05213456    -0.00010427
     0.02469017     0.02477031    -0.00008014
    -0.03290368    -0.03295308     0.00004940
    -0.03169354    -0.03190597     0.00021244
    -0.03195262    -0.03192382    -0.00002879
    -0.04179487    -0.04188626     0.00009139
    -0.03662791    -0.03655888    -0.00006903
    -0.05422111    -0.05431422     0.00009311
    -0.02810754    -0.02814287     0.00003533
    -0.04178006    -0.04179211     0.00001205
    -0.02668964    -0.02678082     0.00009119
    -0.04171372    -0.04152610    -0.00018762
     0.04715559     0.04716448    -0.00000888
    -0.03008572    -0.03008856     0.00000283
    -0.02983965    -0.02984942     0.00000976
    -0.02888276    -0.02893436     0.00005160
     0.04762423     0.04779559    -0.00017137
    -0.05690100    -0.05688750    -0.00001349
    -0.02532849    -0.02525463    -0.00007386
    -0.04292885    -0.04289688    -0.00003197
    -0.03570547    -0.03571663     0.00001116
     0.02515927     0.02500425     0.00015502
    -0.02895049    -0.02895409     0.00000360
    -0.05104764    -0.05113457     0.00008694
    -0.05818524    -0.05831395     0.00012871
    -0.03156026    -0.03170183     0.00014158
    -0.03942231    -0.03950170     0.00007940
    -0.05054069    -0.05049216    -0.00004853
    -0.02949703    -0.02954007     0.00004303
    -0.04102963    -0.04103334     0.00000371
    -0.03389058    -0.03396630     0.00007571
    -0.04916967    -0.04918535     0.00001569
    -0.03107216    -0.03108799     0.00001582
    -0.04177419    -0.04176902    -0.00000516
    -0.03017476    -0.03020285     0.00002809
    -0.03164388    -0.03161650    -0.00002737
    -0.05028784    -0.05029897     0.00001114
    -0.03255078    -0.03261484     0.00006406
    -0.04352793    -0.04349608    -0.00003186
    -0.04456316    -0.04457515     0.00001198
    -0.04455347    -0.04458888     0.00003541
    -0.03846041    -0.03856026     0.00009985
    -0.04068178    -0.04076812     0.00008633
    -0.03427456    -0.03431563     0.00004106
    -0.06052406    -0.06050984    -0.00001422
    -0.04939397    -0.04991464     0.00052067
     0.01642659     0.01642694    -0.00000036
    -0.05031954    -0.05032612     0.00000658
    -0.03495697    -0.03499914     0.00004217
    -0.04536685    -0.04525581    -0.00011104
    -0.04780807    -0.04778922    -0.00001884
    -0.05232309    -0.05235363     0.00003055
    -0.04021418    -0.04015569    -0.00005849
    -0.04318812    -0.04323787     0.00004975
    -0.03361874    -0.03376098     0.00014223
    -0.03018575    -0.03028195     0.00009620
    -0.03876126    -0.03873542    -0.00002584
    -0.04694789    -0.04698535     0.00003746
    -0.03809042    -0.03809631     0.00000590
    -0.03654217    -0.03670583     0.00016365
    -0.03205501    -0.03213510     0.00008009
    -0.03261200    -0.03261228     0.00000028
    -0.05618381    -0.05616136    -0.00002245
     0.05745499     0.05732701     0.00012799
     0.04562843     0.04563029    -0.00000185
     0.04791702     0.04797621    -0.00005919
    -0.04559877    -0.04498069    -0.00061808
    -0.03918372    -0.03928356     0.00009984
    -0.05799005    -0.05803589     0.00004584
    -0.04264054    -0.04270326     0.00006272
    -0.03403181    -0.03402776    -0.00000405
    -0.03887693    -0.03884410    -0.00003284
    -0.04489071    -0.04494017     0.00004947
    -0.04467176    -0.04467508     0.00000331
    -0.04204690    -0.04207131     0.00002441
    -0.04610433    -0.04615880     0.00005447
    -0.03643199    -0.03637637    -0.00005562
    -0.05329598    -0.05328623    -0.00000975
    -0.05926243    -0.05926945     0.00000703
    -0.04013609    -0.04020945     0.00007337
    -0.03807393    -0.03810435     0.00003042
    -0.04255039    -0.04246930    -0.00008109
    -0.04546761    -0.04549550     0.00002788
    -0.04598460    -0.04597611    -0.00000850
    -0.04308466    -0.04314054     0.00005588
    -0.05111599    -0.05132701     0.00021102
    -0.03878335    -0.03838561    -0.00039775
    -0.04133355    -0.04129914    -0.00003442
    -0.04490042    -0.04490378     0.00000336
    -0.05407624    -0.05420295     0.00012671
    -0.06420916    -0.06442473     0.00021557
    -0.05506420    -0.05508475     0.00002055
    -0.06777222    -0.06778902     0.00001680
    -0.06704431    -0.06696893    -0.00007538
    -0.06867857    -0.06877765     0.00009908
    -0.06441868    -0.06447863     0.00005994
    -0.06949418    -0.06947126    -0.00002292
    -0.03355613    -0.03359971     0.00004358
     0.04867733     0.04867569     0.00000164
     0.03045659     0.03040325     0.00005334
     0.05049405     0.05041982     0.00007423
     0.02730608     0.02742559    -0.00011951
     0.00673204     0.00665963     0.00007241
    -0.00162923    -0.00165453     0.00002530
     0.04036219     0.04037700    -0.00001481
     0.03132730     0.03121009     0.00011721
     0.02635880     0.02633790     0.00002090
     0.04489479     0.04494854    -0.00005375
     0.04146887     0.04142613     0.00004275
     0.04037329     0.04035193     0.00002136
     0.03651635     0.03647663     0.00003972
     0.03297130     0.03295940     0.00001190
     0.03064579     0.03043669     0.00020910
     0.01037712     0.01029446     0.00008265
     0.00122612     0.00119711     0.00002901
     0.00494888     0.00483315     0.00011573
     0.02572850     0.02570824     0.00002026
     0.04244427     0.04244057     0.00000369
     0.02155068     0.02139984     0.00015084
     0.04116038     0.04120007    -0.00003969
     0.04152409     0.04149135     0.00003274
    -0.00217457    -0.00221529     0.00004072
     0.02609801     0.02614886    -0.00005085
     0.00373316     0.00371516     0.00001800
     0.01981735     0.01987607    -0.00005873
     0.00941201     0.00944252    -0.00003051
     0.04567706     0.04553996     0.00013710
     0.03151990     0.03161708    -0.00009718
     0.04490611     0.04487939     0.00002671
     0.04584670     0.04588593    -0.00003924
     0.05068028     0.05072982    -0.00004954
     0.02576148     0.02569200     0.00006949
     0.04287608     0.04292710    -0.00005102
     0.04473628     0.04466646     0.00006982
     0.03453598     0.03443533     0.00010066
     0.02604674     0.02594854     0.00009820
     0.03749073     0.03746893     0.00002180
     0.05028370     0.05037290    -0.00008920
     0.05919864     0.05921803    -0.00001938
     0.00980619     0.01003986    -0.00023366
     0.01925829     0.01924297     0.00001532
     0.04380396     0.04378557     0.00001839
     0.04677580     0.04680145    -0.00002565
     0.02223663     0.02227197    -0.00003535
    -0.00188338    -0.00189701     0.00001363
     0.00153646     0.00163673    -0.00010026
     0.05163086     0.05156655     0.00006430
     0.02591289     0.02588804     0.00002485
     0.02262610     0.02256343     0.00006268
     0.03210440     0.03218494    -0.00008054
    -0.03468137    -0.03472065     0.00003927
     0.01001278     0.00997748     0.00003530
     0.04768287     0.04769532    -0.00001246
    -0.00069756    -0.00070738     0.00000981
     0.02325744     0.02303264     0.00022480
     0.01946833     0.01946296     0.00000537
     0.04512802     0.04509966     0.00002835
    -0.00019380    -0.00020470     0.00001090
     0.02209075     0.02200470     0.00008605
     0.03497964     0.03494145     0.00003819
     0.03626197     0.03621133     0.00005064
     0.02777325     0.02774788     0.00002537
     0.01011172     0.01008870     0.00002302
     0.02895757     0.02886675     0.00009082
     0.01607913     0.01596550     0.00011362
     0.01554867     0.01553883     0.00000984
     0.04641337     0.04638038     0.00003299
     0.03424629     0.03430423    -0.00005794
     0.02764568     0.02750750     0.00013818
     0.02873648     0.02867964     0.00005683
     0.04610210     0.04605737     0.00004473
     0.03055485     0.03047721     0.00007764
     0.02965636     0.02967792    -0.00002156
     0.01531492     0.01541532    -0.00010040
     0.02899809     0.02910805    -0.00010997
     0.02757645     0.02757839    -0.00000194
     0.01088390     0.01077704     0.00010686
     0.04018376     0.04017379     0.00000997
    -0.03579922    -0.03581273     0.00001351
    -0.03577168    -0.03578441     0.00001273
     0.01771992     0.01767147     0.00004845
     0.01825979     0.01824850     0.00001130
     0.01602585     0.01605925    -0.00003340
    -0.00110633    -0.00119615     0.00008982
     0.01104012     0.01103284     0.00000728
     0.03440205     0.03432122     0.00008083
     0.02508060     0.02502032     0.00006028
     0.04305285     0.04299819     0.00005466
     0.01801429     0.01800204     0.00001225
     0.00941917     0.00919130     0.00022787
     0.03303740     0.03294610     0.00009129
     0.03381793     0.03378795     0.00002998
     0.02081181     0.02081723    -0.00000542
     0.04130144     0.04116194     0.00013950
     0.03236816     0.03219074     0.00017742
     0.03643583     0.03633877     0.00009705
     0.02929654     0.02928115     0.00001539
    -0.00964976    -0.00967312     0.00002336
    -0.00459698    -0.00469162     0.00009464
     0.00102818     0.00098916     0.00003902
     0.00622109     0.00610116     0.00011993
     0.01350136     0.01349624     0.00000512
    -0.01726048    -0.01722706    -0.00003342
     0.02487306     0.02474798     0.00012508
    -0.02687927    -0.02687002    -0.00000925
    -0.00430702    -0.00428136    -0.00002566
    -0.03038407    -0.03046046     0.00007639
    -0.03815679    -0.03814063    -0.00001615
    -0.02253203    -0.02253475     0.00000271
    -0.00372714    -0.00373486     0.00000772
    -0.02220093    -0.02213491    -0.00006602
     0.00643500     0.00648929    -0.00005429
    -0.00592463    -0.00597385     0.00004922
     0.00396228     0.00390058     0.00006170
    -0.01629516    -0.01632127     0.00002611
    -0.02417669    -0.02411337    -0.00006332
     0.02365214     0.02365172     0.00000042
     0.01911799     0.01914724    -0.00002925
     0.01045353     0.01037787     0.00007565
    -0.00087988    -0.00098156     0.00010168
    -0.01676371    -0.01593947    -0.00082424
     0.00130111     0.00125101     0.00005011
     0.00024330     0.00031859    -0.00007529
    -0.00748147    -0.00754373     0.00006226
    -0.01153893    -0.01155466     0.00001573
     0.02065624     0.02056570     0.00009054
    -0.00355119    -0.00371556     0.00016437
     0.00902841     0.00895777     0.00007064
     0.01158070     0.01159434    -0.00001363
    -0.01187698    -0.01195432     0.00007734
    -0.01220221    -0.01248792     0.00028571
     0.01492833     0.01490595     0.00002238
     0.00706832     0.00712080    -0.00005248
    -0.00651296    -0.00659840     0.00008543
    -0.00645808    -0.00654241     0.00008433
     0.01971783     0.01964705     0.00007079
    -0.01547917    -0.01549458     0.00001541
     0.02039167     0.02036229     0.00002938
    -0.03156796    -0.03162891     0.00006095
    -0.01657546    -0.01659521     0.00001975
     0.00665808     0.00655577     0.00010231
    -0.02625651    -0.02625053    -0.00000599
     0.00221903     0.00225811    -0.00003908
     0.01079119     0.01079317    -0.00000198
    -0.01704464    -0.01705287     0.00000823
     0.00956420     0.00951005     0.00005416
    -0.00197013    -0.00203629     0.00006616
     0.00832649     0.00830777     0.00001872
     0.00171655     0.00167891     0.00003764
    -0.01055323    -0.01052367    -0.00002956
    -0.02671636    -0.02692870     0.00021234
     0.01623200     0.01616220     0.00006980
     0.01000418     0.01003142    -0.00002724
     0.01063127     0.01061227     0.00001900
    -0.00044899    -0.00038426    -0.00006473
    -0.02027335    -0.02026437    -0.00000899
    -0.00027421    -0.00035384     0.00007963
     0.01466832     0.01454528     0.00012305
    -0.01398649    -0.01393613    -0.00005036
    -0.00362069    -0.00358812    -0.00003257
    -0.03537774    -0.03538789     0.00001015
     0.01407795     0.01406375     0.00001419
     0.00122647     0.00110962     0.00011685
     0.00712623     0.00712080     0.00000543
    -0.00394056    -0.00396548     0.00002492
    -0.01097650    -0.01102015     0.00004365
     0.00805925     0.00805949    -0.00000024
    -0.01865145    -0.01857043    -0.00008102
    -0.00558084    -0.00558529     0.00000445
    -0.00422718    -0.00426486     0.00003768
    -0.02147280    -0.02146561    -0.00000720
    -0.01381756    -0.01380038    -0.00001718
    -0.02999770    -0.02979356    -0.00020414
     0.00525123     0.00516056     0.00009066
    -0.00223525    -0.00224367     0.00000842
    -0.02521208    -0.02524299     0.00003091
    -0.00946407    -0.00942633    -0.00003773
    -0.02203782    -0.02194287    -0.00009495
    -0.00941182    -0.00945075     0.00003893
     0.01564187     0.01569953    -0.00005766
    -0.01377089    -0.01374152    -0.00002938
    -0.00138699    -0.00136905    -0.00001794
    -0.02177686    -0.02180676     0.00002990
    -0.01737580    -0.01737801     0.00000220
    -0.01160234    -0.01156154    -0.00004080
    -0.02103761    -0.02108376     0.00004615
    -0.00579676    -0.00575442    -0.00004234
    -0.01584750    -0.01273457    -0.00311294
    -0.01752661    -0.01754126     0.00001465
    -0.03256680    -0.03253559    -0.00003121
    -0.02233549    -0.02230721    -0.00002827
    -0.02202819    -0.02205907     0.00003088
    -0.01482022    -0.01481427    -0.00000595
    -0.01577618    -0.01591136     0.00013518
    -0.00439352    -0.00438393    -0.00000960
    -0.01136451    -0.01140517     0.00004066
    -0.01543770    -0.01540651    -0.00003118
    -0.03226533    -0.03225353    -0.00001180
    -0.03541747    -0.03544219     0.00002472
    -0.02817154    -0.02811141    -0.00006013
    -0.03384079    -0.03384470     0.00000391
    -0.02923284    -0.02916422    -0.00006862
    -0.01120159    -0.01120849     0.00000689
    -0.01141882    -0.01133896    -0.00007986
     0.01612130     0.01606605     0.00005526
     0.00565953     0.00565314     0.00000640
    -0.01701484    -0.01691235    -0.00010250
    -0.00072418    -0.00078388     0.00005970
    -0.01299118    -0.01298460    -0.00000658
    -0.02854042    -0.02852950    -0.00001092
    -0.03032636    -0.03023994    -0.00008641
    -0.03360652    -0.03357698    -0.00002955
    -0.01372161    -0.01372080    -0.00000082
    -0.01369236    -0.01359522    -0.00009714
    -0.03568515    -0.03578426     0.00009911
    -0.03794922    -0.03800553     0.00005632
    -0.01193317    -0.01196102     0.00002785
    -0.01707705    -0.01712282     0.00004577
    -0.00732531    -0.00745697     0.00013167
    -0.02146557    -0.02146884     0.00000327
    -0.03099401    -0.03101722     0.00002321
    -0.02482250    -0.02470975    -0.00011275
    -0.01018503    -0.01004844    -0.00013659
    -0.03471422    -0.03475293     0.00003871
    -0.03526106    -0.03530008     0.00003902
    -0.01916234    -0.01923892     0.00007658
    -0.02291052    -0.02277451    -0.00013600
    -0.01806735    -0.01810463     0.00003728
    -0.02763022    -0.02750498    -0.00012524
    -0.02882431    -0.02892580     0.00010148
    -0.01348828    -0.01353605     0.00004777
    -0.02123857    -0.02128007     0.00004150
    -0.01210327    -0.01216041     0.00005714
    -0.02387249    -0.02388386     0.00001137
    -0.00912621    -0.00912784     0.00000163
    -0.01133047    -0.01123661    -0.00009386
    -0.02871887    -0.02871468    -0.00000419
    -0.01885499    -0.01882804    -0.00002695
    -0.01944836    -0.01944479    -0.00000357
    -0.02629227    -0.02620921    -0.00008306
    -0.03230854    -0.03227307    -0.00003547
    -0.04100367    -0.04101306     0.00000940
    -0.01170449    -0.01166273    -0.00004176
    -0.02222762    -0.02220955    -0.00001807
    -0.02308347    -0.02324340     0.00015993
    -0.00905715    -0.00913295     0.00007581
    -0.01691879    -0.01698202     0.00006323
    -0.01356863    -0.01373619     0.00016755
    -0.01913940    -0.01904465    -0.00009475
    -0.03132578    -0.03094367    -0.00038211
     0.00441137     0.00433846     0.00007291
    -0.03537888    -0.03545127     0.00007238
    -0.02691750    -0.02696712     0.00004962
    -0.03236590    -0.03240682     0.00004092
    -0.03793958    -0.03804516     0.00010558
    -0.00987028    -0.00986588    -0.00000439
    -0.02147642    -0.02153782     0.00006140
    -0.02044318    -0.02042476    -0.00001842
    -0.01704363    -0.01717368     0.00013005
    -0.00869967    -0.00874725     0.00004758
    -0.01902424    -0.01911479     0.00009055
    -0.01756095    -0.01754191    -0.00001904
    -0.01155308    -0.01148034    -0.00007274
    -0.02911863    -0.02905069    -0.00006795
    -0.02132730    -0.02136467     0.00003736
    -0.02227135    -0.02228547     0.00001412
    -0.03048761    -0.03050153     0.00001392
    -0.02529004    -0.02525393    -0.00003612
    -0.02254278    -0.02252210    -0.00002068
    -0.02681693    -0.02673371    -0.00008322
    -0.01522594    -0.01528012     0.00005418
    -0.01848067    -0.01850732     0.00002665
    -0.02565163    -0.02573820     0.00008658
    -0.01544627    -0.01551926     0.00007298
    -0.02792076    -0.02784661    -0.00007415
    -0.01989000    -0.01995394     0.00006395
    -0.02038149    -0.02040831     0.00002682
    -0.02778699    -0.02787093     0.00008394
    -0.01371073    -0.01363269    -0.00007804
    -0.02383761    -0.02392828     0.00009067
    -0.01665949    -0.01664397    -0.00001552
    -0.03215787    -0.03224516     0.00008729
    -0.03285652    -0.03302128     0.00016476
    -0.01478781    -0.01478765    -0.00000016
    -0.02721759    -0.02725642     0.00003883
    -0.02557601    -0.02560589     0.00002988
    -0.01659016    -0.01658819    -0.00000197
    -0.03283925    -0.03286422     0.00002498
    -0.02374607    -0.02368197    -0.00006410
    -0.02879699    -0.02884220     0.00004521
    -0.02206865    -0.02208855     0.00001990
    -0.02594543    -0.02590844    -0.00003700
    -0.01957182    -0.01955129    -0.00002052
    -0.01829163    -0.01826966    -0.00002197
    -0.02075037    -0.02073231    -0.00001806
    -0.02116942    -0.02119884     0.00002942
    -0.00316191    -0.00315323    -0.00000868
    -0.00171837    -0.00180044     0.00008207
    -0.02942359    -0.02951368     0.00009009
    -0.00164340    -0.00172742     0.00008402
    -0.01831811    -0.01837605     0.00005794
     0.03689978     0.03687482     0.00002496
     0.02867261     0.02873473    -0.00006211
     0.04027941     0.04032837    -0.00004896
    -0.02622138    -0.02627490     0.00005352
     0.03808187     0.03808621    -0.00000434
    -0.00132457    -0.00142906     0.00010449
     0.03749231     0.03750610    -0.00001379
     0.05108943     0.05114105    -0.00005162
     0.03787403     0.03789139    -0.00001736
    -0.02683851    -0.02692722     0.00008871
    -0.02334906    -0.02341715     0.00006809
     0.04251801     0.04265341    -0.00013540
     0.04518875     0.04529732    -0.00010857
     0.04610022     0.04610928    -0.00000906
    -0.02399144    -0.02399297     0.00000153
    -0.02395519    -0.02395507    -0.00000012
    -0.02395519    -0.02395507    -0.00000012
     0.03975605     0.03982900    -0.00007295
     0.04622238     0.04626363    -0.00004125
    -0.03730929    -0.03752312     0.00021383
     0.01515484     0.01516413    -0.00000929
    -0.01958771    -0.01965279     0.00006508
    -0.02793815    -0.02802106     0.00008291
     0.03809553     0.03803475     0.00006078
    -0.02208784    -0.02218189     0.00009405
     0.01667990     0.01699985    -0.00031995
    -0.02518607    -0.02519058     0.00000452
     0.05688921     0.05681642     0.00007279
     0.05214053     0.05232912    -0.00018859
     0.01356436     0.01362019    -0.00005583
     0.04167043     0.04162553     0.00004490
    -0.03021460    -0.03025317     0.00003858
    -0.02147367    -0.02145644    -0.00001724
    -0.01991182    -0.01992817     0.00001634
    -0.01421770    -0.01423866     0.00002095
    -0.02089633    -0.02096632     0.00006999
     0.05296786     0.05299941    -0.00003155
    -0.02647360    -0.02655199     0.00007839
    -0.02020007    -0.02025694     0.00005686
    -0.02346743    -0.02348316     0.00001574
    -0.03990270    -0.03972478    -0.00017792
     0.01417857     0.01421229    -0.00003372
     0.04170629     0.04165692     0.00004937
     0.04882457     0.04879240     0.00003217
     0.04438248     0.04451986    -0.00013738
    -0.02082558    -0.02087641     0.00005082
     0.05037628     0.05044819    -0.00007191
    -0.03728978    -0.03727273    -0.00001704
    -0.03571492    -0.03574739     0.00003248
    -0.02641349    -0.02641938     0.00000588
     0.05312329     0.05308192     0.00004137
    -0.02224215    -0.02231486     0.00007271
    -0.02503382    -0.02510968     0.00007586
     0.00816872     0.00815974     0.00000898
     0.04048801     0.04048424     0.00000377
    -0.02905362    -0.02907833     0.00002471
    -0.02362239    -0.02369661     0.00007422
    -0.03433133    -0.03435231     0.00002098
    -0.02163088    -0.02171696     0.00008609
     0.04766229     0.04760515     0.00005715
     0.00977044     0.00974703     0.00002341
    -0.02767191    -0.02767774     0.00000583
     0.05906621     0.05886884     0.00019736
    -0.03296083    -0.03297324     0.00001242
    -0.02961217    -0.02962350     0.00001133
    -0.03160651    -0.03161380     0.00000729
    -0.02895898    -0.02896407     0.00000509
    -0.03027158    -0.03027670     0.00000512
    -0.02166456    -0.02170588     0.00004132
     0.05976654     0.05970596     0.00006059
     0.02680221     0.02693260    -0.00013039
     0.04557548     0.04571020    -0.00013472
    -0.03417867    -0.03452827     0.00034960
     0.05636096     0.05639568    -0.00003473
     0.04042741     0.04042133     0.00000608
     0.06032068     0.06039873    -0.00007805
    -0.02059584    -0.02161838     0.00102255
     0.05968823     0.05976666    -0.00007843
    -0.02240768    -0.02241677     0.00000910
     0.04137304     0.04137735    -0.00000432
    -0.02489445    -0.02496413     0.00006968
     0.04609919     0.04618828    -0.00008909
    -0.03129701    -0.03131441     0.00001740
     0.03046541     0.03044396     0.00002144
    -0.03443312    -0.03437787    -0.00005525
    -0.00981833    -0.00986862     0.00005029
    -0.05612806    -0.05612812     0.00000006
     0.06027646     0.06037458    -0.00009812
     0.00274019     0.00273554     0.00000465
     0.05797171     0.05807829    -0.00010658
    -0.02464103    -0.02472514     0.00008411
    -0.04425257    -0.04472400     0.00047142
    -0.04753922    -0.04757462     0.00003541
    -0.00979136    -0.00980708     0.00001571
     0.01749151     0.01738575     0.00010575
    -0.04098878    -0.04094484    -0.00004394
    -0.00111523    -0.00110030    -0.00001493
    -0.00111523    -0.00110030    -0.00001493
    -0.00111523    -0.00110030    -0.00001493
    -0.00111523    -0.00110030    -0.00001493
    -0.00111523    -0.00110030    -0.00001493
    -0.03900845    -0.03889892    -0.00010953
    -0.01374619    -0.01372152    -0.00002467
     0.03284667     0.03281282     0.00003385
    -0.00189266    -0.00188198    -0.00001068
     0.03284403     0.03280983     0.00003420
    -0.00184311    -0.00183012    -0.00001299
     0.01597208     0.01585482     0.00011726
     0.01199181     0.01190969     0.00008213
    -0.03096509    -0.03104237     0.00007728
     0.00272949     0.00273484    -0.00000535
    -0.00145361    -0.00147564     0.00002203
    -0.03257940    -0.03246466    -0.00011474
    -0.03444613    -0.03444419    -0.00000195
    -0.00168526    -0.00168896     0.00000370
     0.01388521     0.01391080    -0.00002559
    -0.00139720    -0.00143686     0.00003967
    -0.00131426    -0.00134854     0.00003429
    -0.00147078    -0.00150026     0.00002948
    -0.00155083    -0.00157012     0.00001929
    -0.00177982    -0.00181971     0.00003990
    -0.00137605    -0.00141376     0.00003771
    -0.02442214    -0.02439068    -0.00003146
    -0.00160446    -0.00161653     0.00001206
    -0.00175592    -0.00176169     0.00000576
    -0.00082600    -0.00085311     0.00002710
    -0.00082600    -0.00085311     0.00002710
    -0.00082600    -0.00085311     0.00002710
    -0.00082600    -0.00085311     0.00002710
    -0.00082600    -0.00085311     0.00002710
    -0.00082600    -0.00085311     0.00002710
    -0.00082600    -0.00085311     0.00002710
    -0.00082600    -0.00085311     0.00002710
    -0.00082600    -0.00085311     0.00002710
    -0.00082600    -0.00085311     0.00002710
    -0.00082600    -0.00085311     0.00002710
    -0.00082600    -0.00085311     0.00002710
     0.00290427     0.00287638     0.00002789
    -0.00137091    -0.00140806     0.00003715
    -0.03938783    -0.03941942     0.00003159
    -0.00186991    -0.00186824    -0.00000167
    -0.01505141    -0.01507415     0.00002274
     0.04663828     0.04659376     0.00004451
    -0.02179814    -0.02182918     0.00003103
    -0.00141635    -0.00145337     0.00003702
    -0.03592861    -0.03584962    -0.00007899
    -0.00157491    -0.00159555     0.00002064
    -0.00155429    -0.00157827     0.00002398
     0.01531242     0.01531572    -0.00000330
    -0.02966025    -0.02974010     0.00007985
    -0.03510291    -0.03501145    -0.00009146
     0.01312726     0.01307266     0.00005460
    -0.03641681    -0.03631636    -0.00010045
    -0.02210452    -0.02209936    -0.00000515
    -0.03206339    -0.03204970    -0.00001369
    -0.03836079    -0.03837374     0.00001295
    -0.00045536    -0.00054313     0.00008778
    -0.00339261    -0.00327642    -0.00011618
    -0.00243839    -0.00237592    -0.00006247
     0.00146022     0.00141562     0.00004460
    -0.03850623    -0.03856462     0.00005838
     0.00982532     0.00991764    -0.00009231
    -0.01095533    -0.01100999     0.00005466
    -0.01935622    -0.01941181     0.00005559
    -0.03566161    -0.03560830    -0.00005331
    -0.03394400    -0.03389538    -0.00004862
     0.00176988     0.00172413     0.00004575
     0.01010669     0.01005064     0.00005605
    -0.03434744    -0.03435079     0.00000336
    -0.02746456    -0.02748088     0.00001631
     0.00348464     0.00341356     0.00007107
    -0.02617991    -0.02618886     0.00000895
    -0.00862936    -0.00859116    -0.00003820
    -0.03484851    -0.03486104     0.00001254
    -0.02632748    -0.02639655     0.00006907
    -0.04742732    -0.04744079     0.00001347
    -0.01375873    -0.01374497    -0.00001376
    -0.03719318    -0.03719103    -0.00000215
    -0.01931641    -0.01926244    -0.00005397
    -0.03915011    -0.03924053     0.00009042
    -0.03719258    -0.03720220     0.00000962
    -0.03806451    -0.03807176     0.00000724
    -0.02513951    -0.02506420    -0.00007531
    -0.01351323    -0.01352980     0.00001657
    -0.01048746    -0.01055109     0.00006363
    -0.03902586    -0.03886888    -0.00015698
    -0.02791417    -0.02788293    -0.00003124
    -0.03515907    -0.03507686    -0.00008221
    -0.03320965    -0.03314732    -0.00006233
    -0.03469950    -0.03464027    -0.00005923
    -0.03207063    -0.03206116    -0.00000948
    -0.03149013    -0.03145003    -0.00004010
    -0.02740361    -0.02739780    -0.00000581
    -0.03239371    -0.03230201    -0.00009170
    -0.03311087    -0.03309334    -0.00001753
    -0.03746532    -0.03746257    -0.00000274
     0.00014496     0.00006721     0.00016515     0.00055830     0.00311294
