     0.00013105     0.00048945    -0.00035840
     0.02248545     0.02252949    -0.00004404
    -0.01472814    -0.01499176     0.00026363
     0.03938440     0.03901570     0.00036870
    -0.00835920    -0.00843117     0.00007196
     0.01503587     0.01477894     0.00025693
     0.00008727     0.00017248    -0.00008521
    -0.02133286    -0.02142221     0.00008935
    -0.02912807    -0.02915898     0.00003090
    -0.01862652    -0.01874262     0.00011610
     0.01521862     0.01502470     0.00019392
     0.00163704     0.00163215     0.00000489
    -0.00086611    -0.00073991    -0.00012620
     0.02370240     0.02385676    -0.00015436
    -0.00005693     0.00009826    -0.00015518
    -0.01545324    -0.01562883     0.00017559
     0.02800090     0.02787941     0.00012149
     0.01375955     0.01372596     0.00003359
    -0.02915009    -0.02900665    -0.00014344
     0.01361105     0.01372005    -0.00010899
     0.02544344     0.02520975     0.00023369
    -0.00275083    -0.00293407     0.00018325
     0.03055158     0.03054333     0.00000825
     0.01867354     0.01887523    -0.00020169
     0.04042456     0.04025586     0.00016869
     0.02956705     0.02930323     0.00026382
     0.04064772     0.04024768     0.00040004
     0.00783462     0.00741187     0.00042275
    -0.00106399    -0.00109154     0.00002755
    -0.00287785    -0.00287817     0.00000032
    -0.00785737    -0.00788468     0.00002731
     0.03260876     0.03258649     0.00002228
    -0.01014865    -0.01028812     0.00013947
    -0.01674700    -0.01671916    -0.00002784
     0.01755034     0.01768829    -0.00013795
     0.03207763     0.03213289    -0.00005526
     0.03335830     0.03347026    -0.00011195
    -0.01619026    -0.01629141     0.00010116
    -0.01555860    -0.01545747    -0.00010113
     0.02413010     0.02435936    -0.00022926
    -0.00133532    -0.00129670    -0.00003862
    -0.01508177    -0.01503303    -0.00004874
    -0.00062769    -0.00062973     0.00000205
     0.04314458     0.04342065    -0.00027607
    -0.00200785    -0.00186150    -0.00014635
    -0.00702680    -0.00668455    -0.00034225
    -0.00672682    -0.00679404     0.00006722
    -0.00113961    -0.00116074     0.00002112
    -0.00016931    -0.00021615     0.00004684
    -0.03058620    -0.03093879     0.00035259
    -0.01978553    -0.01987760     0.00009206
     0.00390677     0.00401086    -0.00010410
    -0.02415895    -0.02429975     0.00014081
    -0.00141415    -0.00162943     0.00021528
    -0.00150210    -0.00145360    -0.00004850
    -0.00046861    -0.00012514    -0.00034347
    -0.00948352    -0.00907133    -0.00041220
    -0.00063144    -0.00056763    -0.00006381
     0.02863800     0.02870724    -0.00006924
    -0.02603109    -0.02579647    -0.00023463
     0.03337656     0.03309102     0.00028554
     0.00847001     0.00861996    -0.00014996
     0.00721630     0.00708810     0.00012820
     0.01381827     0.01345804     0.00036023
    -0.01201883    -0.01200668    -0.00001216
     0.00003924     0.00001537     0.00002387
    -0.00226382    -0.00231655     0.00005273
     0.00662306     0.00638918     0.00023388
     0.00540130     0.00536728     0.00003402
    -0.01086975    -0.01095553     0.00008578
    -0.00046297    -0.00011049    -0.00035248
    -0.00915903    -0.00921532     0.00005629
     0.02074457     0.02094436    -0.00019979
    -0.01618160    -0.01641006     0.00022846
     0.00505637     0.00530376    -0.00024740
    -0.00045593    -0.00009810    -0.00035782
    -0.01848072    -0.01837382    -0.00010690
    -0.00072581    -0.00080758     0.00008177
     0.02089919     0.02079333     0.00010586
     0.01791889     0.01788552     0.00003337
    -0.00573270    -0.00601545     0.00028275
     0.01941832     0.01966001    -0.00024169
    -0.03183324    -0.03200356     0.00017032
     0.02524346     0.02541418    -0.00017072
     0.01616871     0.01619299    -0.00002428
     0.03466148     0.03495492    -0.00029344
     0.02785445     0.02819665    -0.00034221
    -0.01749445    -0.01749114    -0.00000331
     0.00298199     0.00329116    -0.00030917
     0.01512031     0.01503588     0.00008443
     0.02495826     0.02520460    -0.00024635
     0.01682347     0.01698160    -0.00015813
    -0.02238700    -0.02243217     0.00004517
     0.02828273     0.02810660     0.00017613
     0.03404215     0.03407073    -0.00002857
     0.01266883     0.01240563     0.00026320
    -0.00046798    -0.00012746    -0.00034052
     0.00920899     0.00893767     0.00027131
     0.03655798     0.03659060    -0.00003262
     0.00619568     0.00609875     0.00009693
    -0.00361196    -0.00347828    -0.00013368
    -0.00463960    -0.00456719    -0.00007240
    -0.00867091    -0.00858058    -0.00009033
    -0.00867118    -0.00858058    -0.00009060
    -0.00893981    -0.00900802     0.00006821
    -0.00808837    -0.00797168    -0.00011669
    -0.01001722    -0.01008571     0.00006849
    -0.00585467    -0.00589687     0.00004220
    -0.00891763    -0.00897293     0.00005530
    -0.00455508    -0.00449825    -0.00005683
    -0.00611478    -0.00605826    -0.00005651
    -0.00781340    -0.00784482     0.00003142
    -0.00544089    -0.00540601    -0.00003488
    -0.00429330    -0.00420274    -0.00009056
    -0.00567208    -0.00567295     0.00000087
    -0.01211699    -0.01222874     0.00011175
    -0.00433075    -0.00425679    -0.00007396
    -0.01094752    -0.01095624     0.00000872
    -0.03422022    -0.03401829    -0.00020193
    -0.00693346    -0.00691505    -0.00001841
    -0.02450617    -0.02451185     0.00000568
    -0.00440288    -0.00433038    -0.00007250
    -0.00480159    -0.00473680    -0.00006479
    -0.00630354    -0.00633268     0.00002914
    -0.00778556    -0.00779425     0.00000870
    -0.01037418    -0.01045132     0.00007714
    -0.00795430    -0.00796491     0.00001062
    -0.00466085    -0.00460906    -0.00005179
    -0.01057690    -0.01049995    -0.00007695
    -0.01878446    -0.01889841     0.00011395
    -0.00562865    -0.00559457    -0.00003408
    -0.00502047    -0.00498539    -0.00003509
    -0.00731921    -0.00732903     0.00000982
    -0.01396905    -0.01409199     0.00012294
    -0.00686690    -0.00688295     0.00001605
    -0.02438592    -0.02436014    -0.00002578
    -0.01048574    -0.01056305     0.00007731
    -0.03169354    -0.03183523     0.00014169
    -0.00549001    -0.00549496     0.00000495
    -0.00571137    -0.00569780    -0.00001357
    -0.01949715    -0.01958926     0.00009211
    -0.01094850    -0.01111326     0.00016476
    -0.00841934    -0.00849361     0.00007427
    -0.00841950    -0.00849361     0.00007410
    -0.00626265    -0.00630892     0.00004627
    -0.01084537    -0.01076889    -0.00007648
    -0.00906841    -0.00911455     0.00004614
    -0.01028207    -0.01022894    -0.00005313
    -0.01699286    -0.01705471     0.00006185
    -0.01644292    -0.01651855     0.00007564
    -0.00944453    -0.00939369    -0.00005084
    -0.00947258    -0.00960237     0.00012979
    -0.00636357    -0.00641133     0.00004776
    -0.00661726    -0.00667218     0.00005491
    -0.00782316    -0.00786669     0.00004352
    -0.00798447    -0.00801895     0.00003448
    -0.01109977    -0.01118193     0.00008216
    -0.00743848    -0.00751010     0.00007163
    -0.00791900    -0.00799411     0.00007510
    -0.01626299    -0.01633523     0.00007224
    -0.01359048    -0.01369563     0.00010514
    -0.00793721    -0.00798339     0.00004618
    -0.00837104    -0.00838989     0.00001886
    -0.00840990    -0.00842954     0.00001965
    -0.01651494    -0.01656866     0.00005372
    -0.01022517    -0.01030773     0.00008256
    -0.00702184    -0.00708256     0.00006071
    -0.01029507    -0.01038011     0.00008503
    -0.03047311    -0.03068456     0.00021145
    -0.01085269    -0.01093942     0.00008673
    -0.01864614    -0.01864484    -0.00000130
    -0.01145975    -0.01153663     0.00007688
    -0.01119615    -0.01127696     0.00008081
    -0.00846625    -0.00849888     0.00003263
    -0.00801764    -0.00807487     0.00005722
    -0.00888648    -0.00896201     0.00007553
    -0.01569887    -0.01573518     0.00003630
    -0.00865929    -0.00868913     0.00002984
    -0.02532849    -0.02502343    -0.00030506
    -0.01228872    -0.01238945     0.00010074
    -0.01900661    -0.01904181     0.00003520
    -0.01073367    -0.01081504     0.00008137
    -0.01273253    -0.01282477     0.00009224
    -0.01513231    -0.01521642     0.00008411
    -0.01690129    -0.01693987     0.00003858
    -0.01799130    -0.01800071     0.00000942
    -0.01756253    -0.01759856     0.00003603
    -0.01969966    -0.01970521     0.00000556
    -0.01501282    -0.01508113     0.00006830
    -0.01471695    -0.01479494     0.00007799
    -0.00851882    -0.00857622     0.00005740
    -0.00903168    -0.00907197     0.00004029
    -0.01107365    -0.01115111     0.00007747
    -0.01860159    -0.01861980     0.00001821
    -0.01849427    -0.01850905     0.00001478
    -0.00949332    -0.00956633     0.00007302
    -0.01890127    -0.01880915    -0.00009213
    -0.03255078    -0.03263749     0.00008671
    -0.01214180    -0.01198407    -0.00015773
    -0.02514811    -0.02503960    -0.00010851
    -0.00199813    -0.00202730     0.00002917
    -0.00199813    -0.00202730     0.00002917
    -0.00199813    -0.00202730     0.00002917
    -0.00199813    -0.00202730     0.00002917
    -0.00199813    -0.00202730     0.00002917
    -0.00199813    -0.00202730     0.00002917
    -0.00199813    -0.00202730     0.00002917
    -0.00199813    -0.00202730     0.00002917
     0.01749151     0.01741804     0.00007347
    -0.00324942    -0.00313017    -0.00011925
    -0.00481584    -0.00488223     0.00006638
    -0.00433665    -0.00432612    -0.00001053
    -0.01162019    -0.01145917    -0.00016101
    -0.05506420    -0.05508877     0.00002457
    -0.00475271    -0.00460660    -0.00014611
    -0.00331184    -0.00327847    -0.00003337
    -0.00351593    -0.00337346    -0.00014247
     0.03303740     0.03349292    -0.00045552
    -0.00345293    -0.00346557     0.00001264
    -0.00366341    -0.00371978     0.00005637
    -0.00360031    -0.00364541     0.00004510
     0.02081181     0.02094701    -0.00013520
    -0.00377373    -0.00384720     0.00007347
    -0.00777925    -0.00777809    -0.00000115
    -0.00413349    -0.00401157    -0.00012192
    -0.00317981    -0.00308119    -0.00009862
    -0.00313543    -0.00304812    -0.00008731
     0.03297130     0.03291230     0.00005900
    -0.00295189    -0.00294283    -0.00000906
    -0.00357786    -0.00357987     0.00000201
     0.03381793     0.03442811    -0.00061018
    -0.00378622    -0.00383843     0.00005221
     0.01851672     0.01858932    -0.00007260
    -0.00697896    -0.00688795    -0.00009101
    -0.00596259    -0.00596716     0.00000458
    -0.00570280    -0.00571285     0.00001005
    -0.00646189    -0.00646480     0.00000291
    -0.00369776    -0.00373292     0.00003517
     0.02929654     0.02920537     0.00009117
    -0.00327339    -0.00319937    -0.00007402
    -0.00361367    -0.00364672     0.00003304
     0.04882457     0.04891127    -0.00008670
     0.04766229     0.04791927    -0.00025698
    -0.00784039    -0.00776022    -0.00008017
    -0.00386421    -0.00389730     0.00003310
    -0.00417466    -0.00419364     0.00001898
     0.02508060     0.02515981    -0.00007922
     0.00494888     0.00472599     0.00022289
    -0.00687790    -0.00682462    -0.00005328
    -0.00615600    -0.00611288    -0.00004313
    -0.00722070    -0.00713558    -0.00008513
    -0.00246312    -0.00246996     0.00000684
    -0.00246285    -0.00246996     0.00000711
    -0.00246285    -0.00246996     0.00000711
    -0.00246285    -0.00246996     0.00000711
    -0.00246285    -0.00246996     0.00000711
    -0.00246285    -0.00246996     0.00000711
    -0.00246285    -0.00246996     0.00000711
    -0.00246285    -0.00246996     0.00000711
    -0.00246285    -0.00246996     0.00000711
    -0.00246285    -0.00246996     0.00000711
    -0.00246285    -0.00246996     0.00000711
    -0.00246285    -0.00246996     0.00000711
    -0.00605170    -0.00611181     0.00006010
    -0.00347228    -0.00350751     0.00003523
    -0.00381071    -0.00392864     0.00011793
    -0.00728386    -0.00722795    -0.00005591
    -0.00740713    -0.00730895    -0.00009818
    -0.00676149    -0.00671333    -0.00004815
     0.05312329     0.05332045    -0.00019716
    -0.00375493    -0.00376620     0.00001127
    -0.00395591    -0.00395824     0.00000233
     0.04010009     0.03990677     0.00019332
    -0.00663351    -0.00657401    -0.00005950
    -0.00649710    -0.00642304    -0.00007406
    -0.00492668    -0.00500726     0.00008058
    -0.00326392    -0.00333640     0.00007248
    -0.00404827    -0.00403221    -0.00001606
    -0.00454144    -0.00462683     0.00008539
    -0.00226807    -0.00231108     0.00004301
    -0.00226807    -0.00231108     0.00004301
    -0.00226807    -0.00231108     0.00004301
    -0.00226780    -0.00231108     0.00004328
    -0.00226780    -0.00231108     0.00004328
    -0.00226780    -0.00231108     0.00004328
    -0.00226780    -0.00231108     0.00004328
    -0.00226780    -0.00231108     0.00004328
    -0.00226780    -0.00231108     0.00004328
    -0.00226780    -0.00231108     0.00004328
    -0.00226780    -0.00231108     0.00004328
    -0.00226780    -0.00231108     0.00004328
     0.04130144     0.04133280    -0.00003136
    -0.00414574    -0.00418146     0.00003572
     0.02289427     0.02278366     0.00011061
     0.02136097     0.02128261     0.00007835
     0.03643583     0.03650886    -0.00007303
     0.02604674     0.02581674     0.00023000
     0.02873648     0.02870849     0.00002798
     0.02287517     0.02318130    -0.00030613
     0.02466241     0.02486171    -0.00019929
    -0.02206065    -0.02216828     0.00010763
    -0.02034476    -0.02035703     0.00001227
    -0.02034476    -0.02035703     0.00001227
    -0.02204830    -0.02215295     0.00010465
    -0.02564458    -0.02556490    -0.00007968
    -0.02933287    -0.02945254     0.00011968
    -0.03050184    -0.03054276     0.00004092
    -0.03260855    -0.03263484     0.00002630
    -0.00760180    -0.00736188    -0.00023992
    -0.02375791    -0.02388972     0.00013182
    -0.02375791    -0.02388972     0.00013182
    -0.03235657    -0.03256388     0.00020731
    -0.01497600    -0.01502951     0.00005351
    -0.02617991    -0.02640695     0.00022704
    -0.02129092    -0.02131559     0.00002466
    -0.03103263    -0.03113183     0.00009920
    -0.04255039    -0.04266222     0.00011183
    -0.02115092    -0.02120011     0.00004919
    -0.02115092    -0.02120011     0.00004919
    -0.03215787    -0.03228036     0.00012249
    -0.02285822    -0.02296827     0.00011006
    -0.02285822    -0.02296828     0.00011006
    -0.02691750    -0.02697900     0.00006150
    -0.02198909    -0.02207109     0.00008201
    -0.02198909    -0.02207109     0.00008201
    -0.02195934    -0.02203313     0.00007379
    -0.03537888    -0.03534411    -0.00003477
    -0.02876611    -0.02918913     0.00042303
    -0.02553032    -0.02571553     0.00018521
    -0.02253737    -0.02257852     0.00004115
    -0.02549122    -0.02574392     0.00025270
    -0.02038149    -0.02034197    -0.00003952
    -0.03568515    -0.03579285     0.00010770
    -0.03778241    -0.03778136    -0.00000105
    -0.04765892    -0.04762765    -0.00003127
    -0.03129152    -0.03106393    -0.00022759
    -0.03190981    -0.03188469    -0.00002513
    -0.03360652    -0.03359335    -0.00001318
    -0.02224114    -0.02232996     0.00008882
    -0.03023288    -0.03028138     0.00004850
    -0.05407624    -0.05422510     0.00014886
    -0.04761255    -0.04768912     0.00007657
    -0.03728948    -0.03738913     0.00009965
    -0.04156169    -0.04154313    -0.00001857
    -0.04102963    -0.04106002     0.00003039
    -0.00732531    -0.00727188    -0.00005342
    -0.02773515    -0.02792585     0.00019070
    -0.02838784    -0.02839181     0.00000397
    -0.00481954    -0.00492364     0.00010410
    -0.04308466    -0.04304039    -0.00004427
    -0.02764584    -0.02808949     0.00044365
    -0.04507180    -0.04506102    -0.00001078
    -0.02853756    -0.02857248     0.00003492
    -0.03156026    -0.03189653     0.00033628
    -0.01691879    -0.01682735    -0.00009144
    -0.04319552    -0.04318067    -0.00001485
    -0.02022266    -0.02026308     0.00004042
    -0.03056299    -0.03061345     0.00005047
    -0.03990035    -0.03996637     0.00006602
    -0.04693110    -0.04712460     0.00019350
    -0.02669140    -0.02671755     0.00002615
    -0.02206865    -0.02249079     0.00042214
    -0.04068178    -0.04058586    -0.00009593
    -0.02892323    -0.02906078     0.00013755
    -0.01377136    -0.01377042    -0.00000093
    -0.03662791    -0.03642741    -0.00020051
    -0.03631844    -0.03636802     0.00004959
    -0.03042976    -0.03048471     0.00005495
    -0.02334712    -0.02317603    -0.00017110
    -0.03175544    -0.03172739    -0.00002805
    -0.01549430    -0.01553862     0.00004432
    -0.04489071    -0.04483845    -0.00005225
    -0.04610433    -0.04615346     0.00004913
    -0.02146557    -0.02154999     0.00008442
    -0.03878335    -0.03887237     0.00008902
    -0.03654217    -0.03681955     0.00027738
    -0.02543318    -0.02542324    -0.00000994
    -0.03361874    -0.03368074     0.00006200
    -0.03389058    -0.03416541     0.00027482
    -0.02137468    -0.02132134    -0.00005334
    -0.03335874    -0.03337633     0.00001759
    -0.03495697    -0.03482655    -0.00013042
    -0.02374607    -0.02379907     0.00005300
    -0.01916234    -0.01914812    -0.00001422
    -0.02757654    -0.02750964    -0.00006690
    -0.02917101    -0.02913852    -0.00003249
    -0.03918372    -0.03928108     0.00009737
    -0.02619115    -0.02621064     0.00001949
    -0.03403181    -0.03411310     0.00008129
    -0.03205501    -0.03209157     0.00003656
    -0.02860390    -0.02885694     0.00025304
    -0.03887693    -0.03866126    -0.00021568
    -0.02522713    -0.02541553     0.00018840
    -0.04204690    -0.04173832    -0.00030858
    -0.04133355    -0.04137190     0.00003835
    -0.03807393    -0.03805154    -0.00002239
    -0.03261200    -0.03290653     0.00029453
    -0.03018575    -0.03030896     0.00012320
    -0.03164388    -0.03153769    -0.00010618
    -0.03643199    -0.03660471     0.00017271
    -0.01886769    -0.01887257     0.00000488
    -0.02819342    -0.02828473     0.00009132
    -0.02449125    -0.02451638     0.00002513
    -0.01866200    -0.01868845     0.00002645
    -0.02492998    -0.02492699    -0.00000299
    -0.02542455    -0.02550298     0.00007843
    -0.01837667    -0.01832782    -0.00004884
    -0.01592370    -0.01609823     0.00017453
    -0.02754369    -0.02754544     0.00000175
    -0.01627467    -0.01626393    -0.00001073
    -0.02830360    -0.02834604     0.00004244
    -0.01972570    -0.01977575     0.00005005
    -0.01681275    -0.01679991    -0.00001283
    -0.01776035    -0.01774748    -0.00001287
    -0.02693163    -0.02706312     0.00013149
    -0.01317265    -0.01316343    -0.00000923
    -0.01365388    -0.01369447     0.00004059
    -0.01704633    -0.01714316     0.00009683
    -0.02707672    -0.02707496    -0.00000176
    -0.01483494    -0.01474207    -0.00009287
    -0.01583099    -0.01578704    -0.00004395
    -0.01913611    -0.01928143     0.00014532
    -0.01591967    -0.01602424     0.00010457
    -0.02619550    -0.02632016     0.00012465
    -0.02066101    -0.02062466    -0.00003635
    -0.02573446    -0.02578192     0.00004746
    -0.02521075    -0.02534777     0.00013702
    -0.02297449    -0.02293935    -0.00003515
    -0.02261911    -0.02263162     0.00001251
    -0.02300154    -0.02309648     0.00009494
    -0.01517146    -0.01523362     0.00006215
    -0.02347719    -0.02344996    -0.00002724
    -0.01429803    -0.01426462    -0.00003341
    -0.01396175    -0.01394135    -0.00002041
    -0.02347243    -0.02350540     0.00003297
    -0.01782670    -0.01783499     0.00000829
    -0.02690183    -0.02688677    -0.00001506
    -0.01944708    -0.01944457    -0.00000251
    -0.01701297    -0.01695260    -0.00006037
    -0.02588913    -0.02601904     0.00012991
    -0.02718962    -0.02718389    -0.00000572
    -0.02184043    -0.02185543     0.00001500
    -0.01519574    -0.01538560     0.00018986
    -0.02064430    -0.02071147     0.00006717
    -0.01746008    -0.01755858     0.00009850
    -0.01944196    -0.01944035    -0.00000162
    -0.02183420    -0.02200303     0.00016883
    -0.02337725    -0.02342550     0.00004826
    -0.02011711    -0.02029779     0.00018069
    -0.01538592    -0.01533039    -0.00005552
    -0.02568695    -0.02577234     0.00008539
    -0.01359587    -0.01356229    -0.00003358
    -0.02447583    -0.02455791     0.00008208
    -0.02241032    -0.02246473     0.00005441
    -0.02295370    -0.02299385     0.00004015
    -0.02171248    -0.02173302     0.00002054
    -0.02519908    -0.02528039     0.00008131
    -0.01567449    -0.01562796    -0.00004653
    -0.02371685    -0.02376275     0.00004591
    -0.02546373    -0.02547928     0.00001554
    -0.01954961    -0.01960405     0.00005444
    -0.01586731    -0.01587569     0.00000838
    -0.02397157    -0.02405867     0.00008710
    -0.01860317    -0.01861578     0.00001261
    -0.01822891    -0.01839457     0.00016566
    -0.02106507    -0.02106467    -0.00000040
    -0.01388058    -0.01387664    -0.00000395
    -0.02160092    -0.02161233     0.00001141
    -0.01641848    -0.01650656     0.00008808
    -0.02346337    -0.02348591     0.00002254
    -0.02219829    -0.02224437     0.00004609
    -0.02380017    -0.02390267     0.00010251
    -0.01913916    -0.01910174    -0.00003741
    -0.02260654    -0.02264439     0.00003785
    -0.02076139    -0.02102128     0.00025989
    -0.01384932    -0.01376712    -0.00008219
    -0.01732203    -0.01743777     0.00011574
    -0.02055828    -0.02053589    -0.00002240
    -0.02303493    -0.02314843     0.00011350
    -0.02330963    -0.02336422     0.00005459
    -0.01694336    -0.01689659    -0.00004677
    -0.02478250    -0.02476197    -0.00002053
    -0.01784221    -0.01788168     0.00003947
    -0.01576331    -0.01578994     0.00002663
    -0.02122962    -0.02119209    -0.00003752
    -0.02001071    -0.01996920    -0.00004151
    -0.02305980    -0.02303574    -0.00002406
    -0.02167920    -0.02168381     0.00000460
    -0.01753423    -0.01760088     0.00006665
    -0.01870138    -0.01869773    -0.00000365
    -0.02135634    -0.02132046    -0.00003588
    -0.01891537    -0.01886282    -0.00005254
    -0.01975332    -0.01978987     0.00003655
    -0.02310590    -0.02310482    -0.00000107
    -0.02268080    -0.02273167     0.00005087
    -0.02515856    -0.02520499     0.00004643
    -0.01903445    -0.01900787    -0.00002658
    -0.02216484    -0.02216716     0.00000231
    -0.01998135    -0.01994518    -0.00003617
    -0.02155923    -0.02153089    -0.00002834
     0.02202035     0.02170398     0.00031638
    -0.01676371    -0.01680821     0.00004450
    -0.01918054    -0.01940027     0.00021972
    -0.02130891    -0.02157792     0.00026901
    -0.04753922    -0.04772435     0.00018514
     0.01732097     0.01707803     0.00024294
    -0.02677772    -0.02687470     0.00009698
    -0.02677772    -0.02687470     0.00009698
    -0.02248137    -0.02253957     0.00005820
    -0.00736414    -0.00734408    -0.00002005
     0.02899809     0.02893877     0.00005931
    -0.04658132    -0.04659532     0.00001400
    -0.03218884    -0.03213924    -0.00004960
    -0.00919157    -0.00921926     0.00002769
    -0.02766843    -0.02770267     0.00003424
    -0.02766843    -0.02770267     0.00003424
    -0.02521208    -0.02487199    -0.00034009
    -0.02547138    -0.02544280    -0.00002859
     0.00309274     0.00335385    -0.00026112
    -0.02459381    -0.02468124     0.00008742
    -0.02645137    -0.02649171     0.00004033
    -0.03857840    -0.03864203     0.00006363
    -0.03857840    -0.03864203     0.00006363
    -0.06867857    -0.06869074     0.00001217
    -0.04013609    -0.04027864     0.00014255
    -0.02662776    -0.02668205     0.00005429
    -0.02059584    -0.02061815     0.00002231
    -0.02493570    -0.02482587    -0.00010982
     0.01470452     0.01467442     0.00003009
     0.03626197     0.03613283     0.00012914
     0.05906218     0.05907110    -0.00000892
    -0.00177252    -0.00147732    -0.00029520
     0.05616743     0.05598230     0.00018513
    -0.03196639    -0.03191158    -0.00005481
    -0.01015153    -0.01009270    -0.00005883
    -0.06777222    -0.06770208    -0.00007013
    -0.03396566    -0.03390959    -0.00005607
    -0.03286452    -0.03303407     0.00016955
    -0.00114987    -0.00146237     0.00031250
    -0.02751662    -0.02758825     0.00007164
    -0.03990270    -0.03994759     0.00004489
     0.04791702     0.04810807    -0.00019105
     0.02609801     0.02574475     0.00035326
    -0.03240177    -0.03228465    -0.00011712
    -0.03427456    -0.03421003    -0.00006453
    -0.03129701    -0.03120510    -0.00009191
    -0.01466188    -0.01472453     0.00006266
     0.00169796     0.00199933    -0.00030137
     0.01906734     0.01890579     0.00016155
     0.02653698     0.02644058     0.00009640
    -0.00951166    -0.00923523    -0.00027642
    -0.00715774    -0.00730645     0.00014871
    -0.03521649    -0.03501728    -0.00019921
    -0.03521649    -0.03501728    -0.00019921
    -0.03570547    -0.03567301    -0.00003247
     0.04562843     0.04523549     0.00039295
    -0.02686776    -0.02682349    -0.00004427
    -0.02942218    -0.02952977     0.00010759
    -0.00321511    -0.00297281    -0.00024230
    -0.00963316    -0.00962858    -0.00000458
     0.01946833     0.01941532     0.00005302
     0.01932487     0.01928179     0.00004309
     0.01937385     0.01901326     0.00036059
     0.04663828     0.04636424     0.00027404
    -0.03237472    -0.03253950     0.00016478
     0.01878179     0.01871275     0.00006904
    -0.03809042    -0.03804026    -0.00005016
    -0.02924726    -0.02930075     0.00005349
     0.02730608     0.02737899    -0.00007291
    -0.02625651    -0.02652425     0.00026774
    -0.04559877    -0.04554894    -0.00004983
    -0.03876126    -0.03870797    -0.00005328
     0.02757645     0.02767211    -0.00009565
    -0.03116180    -0.03121234     0.00005054
     0.01801429     0.01815271    -0.00013842
    -0.03181487    -0.03162611    -0.00018876
     0.05745499     0.05741437     0.00004062
    -0.00887733    -0.00899339     0.00011605
     0.00849297     0.00819206     0.00030091
    -0.01142788    -0.01142380    -0.00000409
     0.01531857     0.01542854    -0.00010998
    -0.02805791    -0.02806789     0.00000999
     0.02818177     0.02822760    -0.00004583
     0.01330242     0.01360730    -0.00030488
     0.02965636     0.02975489    -0.00009853
    -0.00019380    -0.00006609    -0.00012771
    -0.05618381    -0.05609667    -0.00008714
    -0.00162923    -0.00161499    -0.00001424
     0.00419627     0.00445245    -0.00025618
     0.01623837     0.01591472     0.00032365
     0.02262610     0.02239400     0.00023211
     0.02223663     0.02215236     0.00008426
     0.00997844     0.00987403     0.00010441
    -0.00069756    -0.00107026     0.00037270
    -0.05031954    -0.05036657     0.00004703
     0.01104012     0.01089349     0.00014663
     0.01969873     0.01970632    -0.00000759
     0.02895757     0.02896558    -0.00000801
     0.02572850     0.02605759    -0.00032909
    -0.00981833    -0.01000480     0.00018646
    -0.00579676    -0.00597254     0.00017578
    -0.00423845    -0.00411408    -0.00012437
    -0.01081870    -0.01084201     0.00002330
    -0.01482022    -0.01486014     0.00003992
     0.00349345     0.00334408     0.00014937
    -0.00429896    -0.00418476    -0.00011420
    -0.00946407    -0.00970232     0.00023826
    -0.00518410    -0.00522007     0.00003598
    -0.02202819    -0.02214982     0.00012163
    -0.00436473    -0.00425967    -0.00010506
     0.02337513     0.02319460     0.00018053
    -0.00430247    -0.00418605    -0.00011642
    -0.00442000    -0.00432272    -0.00009728
    -0.00456759    -0.00449639    -0.00007120
    -0.01053111    -0.01037681    -0.00015430
    -0.00503781    -0.00507393     0.00003612
    -0.00750754    -0.00692132    -0.00058622
    -0.00468172    -0.00462686    -0.00005485
     0.01091340     0.01106383    -0.00015044
    -0.00509593    -0.00510763     0.00001170
    -0.00467587    -0.00461938    -0.00005649
     0.02911722     0.02901822     0.00009899
     0.00759573     0.00758441     0.00001133
    -0.00437505    -0.00425966    -0.00011538
    -0.01726048    -0.01715159    -0.00010889
    -0.00511239    -0.00511988     0.00000748
    -0.00489669    -0.00490121     0.00000452
    -0.01709071    -0.01738348     0.00029277
    -0.00507011    -0.00506899    -0.00000112
     0.00167614     0.00169643    -0.00002029
    -0.00446166    -0.00435195    -0.00010971
     0.01349320     0.01361892    -0.00012572
    -0.00500532    -0.00498992    -0.00001540
    -0.00456961    -0.00447673    -0.00009288
     0.01223960     0.01214498     0.00009462
     0.02868464     0.02881078    -0.00012615
     0.00940235     0.00910019     0.00030216
    -0.00433926    -0.00423253    -0.00010673
    -0.00473075    -0.00465593    -0.00007482
     0.00520897     0.00513432     0.00007465
     0.01130064     0.01113011     0.00017054
     0.01234891     0.01283671    -0.00048781
     0.01252056     0.01243689     0.00008367
     0.00662567     0.00682352    -0.00019785
    -0.00054611    -0.00038927    -0.00015684
     0.00530301     0.00533476    -0.00003175
     0.02153613     0.02154711    -0.00001099
     0.01352360     0.01375339    -0.00022979
     0.00017407     0.00019438    -0.00002031
     0.00456120     0.00439217     0.00016903
     0.01151681     0.01166526    -0.00014845
     0.01290941     0.01288661     0.00002280
     0.01619336     0.01643668    -0.00024332
     0.01998791     0.01993283     0.00005507
     0.01945603     0.01921099     0.00024504
    -0.00396731    -0.00401709     0.00004978
    -0.00522189    -0.00526644     0.00004454
    -0.00063468    -0.00068800     0.00005333
    -0.01160234    -0.01170236     0.00010002
    -0.00706647    -0.00713230     0.00006583
     0.02030190     0.02018546     0.00011644
     0.02199358     0.02203455    -0.00004098
     0.02251331     0.02240946     0.00010385
     0.01581324     0.01601629    -0.00020305
     0.01131795     0.01148232    -0.00016437
    -0.01865145    -0.01842449    -0.00022696
     0.01688755     0.01672905     0.00015850
     0.01692747     0.01694416    -0.00001669
     0.02844393     0.02895561    -0.00051169
     0.01338019     0.01368832    -0.00030812
     0.02043004     0.02060336    -0.00017333
     0.00698119     0.00683816     0.00014303
     0.02159692     0.02136151     0.00023541
     0.00243776     0.00243535     0.00000241
    -0.02203782    -0.02220778     0.00016995
     0.01872274     0.01842472     0.00029802
     0.01181475     0.01179567     0.00001907
    -0.00459576    -0.00459418    -0.00000158
    -0.00849270    -0.00841299    -0.00007971
     0.01132671     0.01142587    -0.00009916
     0.00565953     0.00535193     0.00030760
    -0.00566283    -0.00565543    -0.00000739
     0.00124054     0.00131761    -0.00007707
     0.02366060     0.02346319     0.00019741
     0.00937889     0.00943906    -0.00006016
    -0.00381474    -0.00396112     0.00014638
     0.02218237     0.02199589     0.00018648
     0.02051902     0.02020679     0.00031222
     0.00752841     0.00769102    -0.00016261
     0.00590977     0.00585332     0.00005644
     0.02999236     0.03001604    -0.00002368
     0.00241939     0.00223810     0.00018129
     0.00582389     0.00587649    -0.00005260
     0.01429022     0.01430674    -0.00001652
     0.02472579     0.02500618    -0.00028039
     0.01612130     0.01585882     0.00026248
     0.00805579     0.00819686    -0.00014107
     0.02756013     0.02769241    -0.00013228
     0.02703329     0.02707082    -0.00003753
     0.01311676     0.01304788     0.00006888
     0.00188278     0.00212912    -0.00024634
    -0.01062518    -0.01058478    -0.00004039
    -0.01084246    -0.01081355    -0.00002891
     0.01427896     0.01429228    -0.00001332
    -0.02166456    -0.02182330     0.00015874
    -0.01105707    -0.01103858    -0.00001849
    -0.01126889    -0.01125985    -0.00000904
    -0.01147768    -0.01147728    -0.00000040
    -0.01168443    -0.01169084     0.00000640
    -0.01188844    -0.01190041     0.00001197
    -0.01208986    -0.01210590     0.00001605
    -0.00619802    -0.00640564     0.00020762
    -0.01228926    -0.01230721     0.00001795
    -0.02419748    -0.02449007     0.00029259
    -0.01248638    -0.01250420     0.00001782
    -0.02020007    -0.02049178     0.00029170
    -0.01268151    -0.01269673     0.00001522
     0.01158070     0.01145038     0.00013033
    -0.01287428    -0.01288464     0.00001037
     0.02892734     0.02886753     0.00005981
    -0.01306476    -0.01306778     0.00000302
     0.00425058     0.00393788     0.00031271
     0.02694904     0.02743645    -0.00048741
     0.01281874     0.01277011     0.00004863
    -0.01325344    -0.01324595    -0.00000749
    -0.04353865    -0.04355552     0.00001687
    -0.03007884    -0.03009731     0.00001847
    -0.03005900    -0.03007682     0.00001782
    -0.02296943    -0.02287926    -0.00009017
    -0.02772108    -0.02743901    -0.00028207
    -0.04165663    -0.04147512    -0.00018151
     0.03236816     0.03216672     0.00020145
     0.01928485     0.01920984     0.00007500
    -0.03169476    -0.03164952    -0.00004524
    -0.00206077    -0.00182703    -0.00023374
    -0.04330581    -0.04349333     0.00018752
    -0.03809172    -0.03806737    -0.00002435
    -0.04098878    -0.04107076     0.00008197
     0.02487306     0.02480755     0.00006550
    -0.02671636    -0.02679262     0.00007626
    -0.02464103    -0.02461209    -0.00002894
     0.01642659     0.01646553    -0.00003894
    -0.00472735    -0.00440990    -0.00031745
     0.01010669     0.00985994     0.00024675
     0.00489797     0.00485327     0.00004470
     0.01211614     0.01224210    -0.00012596
    -0.03443312    -0.03469286     0.00025973
     0.00725015     0.00728419    -0.00003404
     0.01072248     0.01067896     0.00004353
    -0.01043187    -0.01070968     0.00027781
     0.00016169     0.00025199    -0.00009030
     0.02124404     0.02122498     0.00001906
    -0.00558084    -0.00561271     0.00003187
     0.02019022     0.02030762    -0.00011740
     0.00321971     0.00333046    -0.00011076
     0.02653472     0.02640102     0.00013370
     0.01972975     0.01927030     0.00045945
     0.01623200     0.01635008    -0.00011808
     0.02065624     0.02058787     0.00006838
     0.02039167     0.02034172     0.00004995
    -0.00027421    -0.00032938     0.00005517
     0.01158076     0.01130541     0.00027535
    -0.03117644    -0.03112796    -0.00004848
    -0.02999770    -0.02984918    -0.00014852
    -0.03125824    -0.03124110    -0.00001713
    -0.03417867    -0.03410946    -0.00006921
     0.02395508     0.02387814     0.00007695
    -0.03123679    -0.03121912    -0.00001768
     0.03064579     0.03045276     0.00019303
    -0.00199489    -0.00192655    -0.00006835
     0.01049875     0.01060503    -0.00010628
     0.00622109     0.00617753     0.00004356
     0.00883554     0.00886979    -0.00003425
    -0.03902586    -0.03894997    -0.00007590
     0.02606364     0.02584107     0.00022256
     0.01079119     0.01068844     0.00010275
    -0.04233945    -0.04232127    -0.00001817
    -0.03746532    -0.03732889    -0.00013643
     0.05068028     0.05044736     0.00023292
     0.00902841     0.00894164     0.00008678
    -0.04378470    -0.04379612     0.00001142
    -0.02374395    -0.02384924     0.00010529
    -0.03242824    -0.03239682    -0.00003143
    -0.03240533    -0.03237323    -0.00003211
     0.02365214     0.02351197     0.00014017
     0.01063127     0.01054301     0.00008826
     0.00832649     0.00826012     0.00006637
    -0.03256680    -0.03287887     0.00031207
    -0.02605866    -0.02556096    -0.00049770
    -0.04467176    -0.04455176    -0.00012000
    -0.03239371    -0.03249423     0.00010052
    -0.03358046    -0.03356770    -0.00001276
    -0.03355613    -0.03354239    -0.00001373
    -0.05094361    -0.05106583     0.00012223
    -0.04568533    -0.04586259     0.00017726
    -0.04660742    -0.04680031     0.00019289
    -0.03468137    -0.03473070     0.00004932
    -0.05612806    -0.05608641    -0.00004165
    -0.03577168    -0.03594292     0.00017124
    -0.03579922    -0.03597201     0.00017280
    -0.00726892    -0.00725317    -0.00001575
     0.03268741     0.03274010    -0.00005269
    -0.00514186    -0.00511411    -0.00002775
    -0.00110470    -0.00113875     0.00003405
     0.01622196     0.01583025     0.00039171
     0.03270068     0.03258194     0.00011875
     0.01386771     0.01389873    -0.00003102
     0.01397792     0.01403333    -0.00005541
    -0.00454827    -0.00471300     0.00016473
     0.00055190     0.00054427     0.00000764
    -0.00152397    -0.00159032     0.00006635
     0.02685816     0.02688112    -0.00002296
    -0.00481954    -0.00486903     0.00004948
    -0.00087199    -0.00090631     0.00003432
    -0.01002076    -0.01000865    -0.00001211
    -0.00419197    -0.00410863    -0.00008334
     0.00891246     0.00877314     0.00013933
     0.02864216     0.02861841     0.00002375
    -0.00283094    -0.00285391     0.00002297
     0.03573998     0.03571480     0.00002518
    -0.00187353    -0.00196352     0.00008999
     0.02794862     0.02805675    -0.00010813
    -0.00746408    -0.00743572    -0.00002836
     0.03074416     0.03057102     0.00017314
    -0.00439894    -0.00445844     0.00005950
     0.02695054     0.02659695     0.00035359
     0.01619069     0.01602414     0.00016655
    -0.00223795    -0.00231051     0.00007256
    -0.01085119    -0.01075062    -0.00010057
     0.02213799     0.02217187    -0.00003388
    -0.00163791    -0.00170984     0.00007193
     0.02299928     0.02303050    -0.00003122
     0.01420407     0.01428282    -0.00007875
     0.02406801     0.02397615     0.00009185
    -0.00571167    -0.00572209     0.00001042
    -0.00616550    -0.00621191     0.00004641
    -0.00075898    -0.00081511     0.00005613
     0.01057658     0.01039106     0.00018552
     0.00295287     0.00288299     0.00006989
     0.02378496     0.02346715     0.00031780
     0.01503478     0.01505996    -0.00002518
    -0.00293333    -0.00292717    -0.00000616
    -0.00582076    -0.00585795     0.00003718
     0.00030839     0.00033313    -0.00002474
     0.00048142     0.00035926     0.00012217
     0.01865490     0.01864725     0.00000765
     0.00768455     0.00775411    -0.00006956
     0.03126175     0.03115277     0.00010898
     0.02341055     0.02353223    -0.00012168
     0.02285166     0.02259569     0.00025597
    -0.00142487    -0.00148934     0.00006447
     0.01697014     0.01700693    -0.00003680
     0.02638264     0.02634407     0.00003856
     0.01624008     0.01625898    -0.00001890
     0.03527096     0.03522743     0.00004354
     0.01001278     0.01039764    -0.00038485
     0.00283668     0.00283971    -0.00000303
    -0.00128718    -0.00135091     0.00006373
    -0.00103360    -0.00109618     0.00006259
     0.02962267     0.02949889     0.00012378
     0.02414469     0.02421369    -0.00006900
    -0.00100377    -0.00106083     0.00005705
     0.03526100     0.03526197    -0.00000096
    -0.00125730    -0.00132101     0.00006371
     0.03517401     0.03514062     0.00003339
     0.01748155     0.01749333    -0.00001179
     0.02982188     0.02972558     0.00009630
     0.03002556     0.02979688     0.00022868
     0.01650964     0.01649867     0.00001097
     0.01016987     0.01023895    -0.00006907
     0.01875686     0.01876043    -0.00000357
     0.01046700     0.01041263     0.00005437
    -0.00310436    -0.00317652     0.00007216
     0.02838561     0.02830349     0.00008212
     0.02006293     0.02005755     0.00000537
    -0.00445216    -0.00445707     0.00000491
     0.03523480     0.03524012    -0.00000532
     0.02695745     0.02688969     0.00006776
     0.01922648     0.01901489     0.00021159
     0.02139727     0.02138183     0.00001543
     0.03255097     0.03240770     0.00014327
     0.02554066     0.02548741     0.00005325
     0.02275726     0.02273030     0.00002697
     0.02413963     0.02409987     0.00003976
     0.02121702     0.02118018     0.00003684
     0.02730208     0.02740581    -0.00010373
     0.02588195     0.02581588     0.00006606
    -0.00217457    -0.00227681     0.00010224
     0.01917007     0.01927316    -0.00010310
     0.02029172     0.02025539     0.00003634
     0.01252056     0.01254252    -0.00002196
     0.01679454     0.01663174     0.00016280
    -0.00987028    -0.00994759     0.00007732
     0.02706586     0.02706988    -0.00000402
     0.01264304     0.01255704     0.00008599
     0.01013243     0.01001491     0.00011752
     0.01790389     0.01787013     0.00003377
    -0.01522594    -0.01535563     0.00012969
     0.01254445     0.01257232    -0.00002787
     0.01665995     0.01652041     0.00013954
    -0.00061002    -0.00047905    -0.00013098
    -0.00070633    -0.00056455    -0.00014177
    -0.00070633    -0.00056455    -0.00014177
    -0.00184991    -0.00179229    -0.00005762
    -0.00179149    -0.00163244    -0.00015905
    -0.00056597    -0.00042100    -0.00014497
    -0.00056597    -0.00042100    -0.00014497
    -0.00137758    -0.00120650    -0.00017107
    -0.00141945    -0.00125971    -0.00015974
    -0.00179056    -0.00172738    -0.00006318
    -0.00047103    -0.00059905     0.00012802
    -0.00082246    -0.00101246     0.00019000
    -0.00136754    -0.00128266    -0.00008488
    -0.00040763    -0.00058586     0.00017823
    -0.00174896    -0.00168227    -0.00006668
    -0.00063419    -0.00046862    -0.00016556
    -0.01707705    -0.01702499    -0.00005206
    -0.00063446    -0.00046862    -0.00016584
    -0.00091294    -0.00104207     0.00012913
    -0.00184825    -0.00181031    -0.00003794
    -0.00099651    -0.00118090     0.00018439
    -0.00130302    -0.00116996    -0.00013306
    -0.00128936    -0.00114034    -0.00014902
    -0.00060175    -0.00045628    -0.00014547
    -0.00060175    -0.00045628    -0.00014547
    -0.00181984    -0.00179142    -0.00002842
    -0.00131953    -0.00138936     0.00006982
     0.00776757     0.00762304     0.00014453
    -0.00102601    -0.00121419     0.00018819
    -0.00177571    -0.00173120    -0.00004451
    -0.00180090    -0.00176044    -0.00004047
     0.01075375     0.01070377     0.00004998
    -0.00171696    -0.00167042    -0.00004653
    -0.00154683    -0.00133829    -0.00020854
    -0.00156599    -0.00139539    -0.00017060
    -0.00112533    -0.00127878     0.00015345
    -0.00086728    -0.00103947     0.00017219
    -0.00091974    -0.00105479     0.00013504
    -0.00138971    -0.00124124    -0.00014847
    -0.00173981    -0.00170050    -0.00003932
    -0.00153663    -0.00136761    -0.00016902
    -0.00145913    -0.00125716    -0.00020197
    -0.04089224    -0.04084429    -0.00004794
    -0.00048491    -0.00062167     0.00013677
    -0.00142188    -0.00127002    -0.00015186
    -0.00046458    -0.00061936     0.00015478
    -0.00117156    -0.00129893     0.00012737
    -0.00088940    -0.00105090     0.00016150
    -0.00091096    -0.00105899     0.00014803
    -0.00090521    -0.00105744     0.00015222
    -0.00091106    -0.00105898     0.00014792
    -0.00071395    -0.00054587    -0.00016807
    -0.00071395    -0.00054587    -0.00016807
    -0.00068760    -0.00051281    -0.00017480
    -0.00068760    -0.00051281    -0.00017480
    -0.00175456    -0.00172384    -0.00003072
    -0.00119561    -0.00129511     0.00009949
    -0.00072156    -0.00075953     0.00003796
    -0.00072156    -0.00075953     0.00003796
    -0.00116408    -0.00130236     0.00013828
    -0.00067982    -0.00073549     0.00005566
    -0.00067982    -0.00073549     0.00005566
    -0.00117757    -0.00131110     0.00013353
    -0.00121842    -0.00131026     0.00009184
     0.04360842     0.04371156    -0.00010313
    -0.04141734    -0.04119390    -0.00022344
    -0.00112658    -0.00129042     0.00016385
    -0.00107907    -0.00124675     0.00016768
    -0.00131352    -0.00139127     0.00007775
    -0.00112059    -0.00128496     0.00016436
    -0.00789737    -0.00807482     0.00017745
     0.03708727     0.03715375    -0.00006648
    -0.00074671    -0.00078237     0.00003566
    -0.00074671    -0.00078237     0.00003566
    -0.00125722    -0.00135318     0.00009596
    -0.00126076    -0.00135884     0.00009809
    -0.00073596    -0.00077648     0.00004052
    -0.00073596    -0.00077648     0.00004052
    -0.00117942    -0.00132075     0.00014133
     0.02446976     0.02439752     0.00007224
    -0.00451157    -0.00467650     0.00016493
    -0.00134707    -0.00141731     0.00007024
    -0.00140367    -0.00145119     0.00004752
     0.03066737     0.03058169     0.00008568
    -0.05329598    -0.05334964     0.00005366
     0.01981735     0.02006618    -0.00024883
    -0.01078945    -0.01096962     0.00018017
     0.00826949     0.00838596    -0.00011647
     0.02671913     0.02697371    -0.00025458
    -0.04264054    -0.04281039     0.00016985
    -0.00460509    -0.00469258     0.00008749
    -0.01993610    -0.01999386     0.00005776
     0.03151990     0.03164342    -0.00012352
    -0.00806116    -0.00806575     0.00000460
     0.03037305     0.03033035     0.00004270
    -0.01266774    -0.01273248     0.00006474
    -0.04546761    -0.04561401     0.00014639
     0.03223962     0.03227055    -0.00003093
     0.03424629     0.03463625    -0.00038996
    -0.02179814    -0.02188158     0.00008344
    -0.00083136    -0.00102482     0.00019346
    -0.00083136    -0.00102482     0.00019346
    -0.00083136    -0.00102482     0.00019346
    -0.00083136    -0.00102482     0.00019346
    -0.00151086    -0.00171516     0.00020430
    -0.00147769    -0.00168877     0.00021108
    -0.00134966    -0.00155858     0.00020892
    -0.00158286    -0.00179516     0.00021231
    -0.00040003    -0.00059157     0.00019154
    -0.00040003    -0.00059157     0.00019154
    -0.00040003    -0.00059157     0.00019154
    -0.00040003    -0.00059157     0.00019154
    -0.00040003    -0.00059157     0.00019154
    -0.00040003    -0.00059157     0.00019154
    -0.00040003    -0.00059157     0.00019154
    -0.00040003    -0.00059157     0.00019154
    -0.00040003    -0.00059157     0.00019154
    -0.00040003    -0.00059157     0.00019154
    -0.00040003    -0.00059157     0.00019154
    -0.00164901    -0.00185996     0.00021095
    -0.00150874    -0.00172120     0.00021246
    -0.00039976    -0.00059157     0.00019181
    -0.00084913    -0.00106442     0.00021529
    -0.00162283    -0.00183598     0.00021314
    -0.00127845    -0.00148866     0.00021022
    -0.00108304    -0.00129221     0.00020917
    -0.00016604    -0.00037198     0.00020594
    -0.00091504    -0.00113941     0.00022438
    -0.00088037    -0.00109596     0.00021559
    -0.00160800    -0.00182051     0.00021251
    -0.00145004    -0.00166563     0.00021559
    -0.00095749    -0.00117161     0.00021412
    -0.00120704    -0.00142287     0.00021583
    -0.00784700    -0.00776562    -0.00008138
    -0.00142073    -0.00163718     0.00021645
    -0.00066401    -0.00086670     0.00020269
    -0.00066401    -0.00086670     0.00020269
    -0.00066401    -0.00086670     0.00020269
    -0.00066401    -0.00086670     0.00020269
    -0.00066401    -0.00086670     0.00020269
    -0.00066401    -0.00086670     0.00020269
    -0.00066401    -0.00086670     0.00020269
    -0.00066374    -0.00086670     0.00020296
    -0.00066374    -0.00086670     0.00020296
    -0.00066374    -0.00086670     0.00020296
    -0.00066374    -0.00086670     0.00020296
    -0.00066374    -0.00086670     0.00020296
    -0.00142816    -0.00164937     0.00022121
    -0.00143932    -0.00165691     0.00021759
    -0.00131684    -0.00153774     0.00022090
    -0.00145290    -0.00167219     0.00021929
    -0.00113471    -0.00135410     0.00021938
    -0.00051879    -0.00072260     0.00020381
    -0.00051879    -0.00072260     0.00020381
    -0.00051879    -0.00072260     0.00020381
    -0.00051879    -0.00072260     0.00020381
    -0.00051879    -0.00072260     0.00020381
    -0.00051879    -0.00072260     0.00020381
    -0.00051879    -0.00072260     0.00020381
    -0.00051879    -0.00072260     0.00020381
    -0.00051879    -0.00072260     0.00020381
    -0.00051879    -0.00072260     0.00020381
    -0.00051879    -0.00072260     0.00020381
    -0.00051879    -0.00072260     0.00020381
    -0.00025527    -0.00047217     0.00021690
    -0.00061898    -0.00082677     0.00020779
    -0.00093066    -0.00116367     0.00023301
     0.01854396     0.01866355    -0.00011959
     0.02042710     0.02054692    -0.00011982
    -0.00108421    -0.00131644     0.00023223
    -0.00136468    -0.00159361     0.00022893
    -0.00095049    -0.00118228     0.00023179
    -0.00144209    -0.00167197     0.00022987
    -0.00113828    -0.00136702     0.00022874
     0.02171120     0.02126546     0.00044575
    -0.00098432    -0.00122007     0.00023575
    -0.00117882    -0.00141131     0.00023249
    -0.00125439    -0.00148751     0.00023312
    -0.00130949    -0.00154209     0.00023260
    -0.00035742    -0.00058108     0.00022366
    -0.04656203    -0.04658710     0.00002508
    -0.00126288    -0.00149820     0.00023532
    -0.00102946    -0.00127080     0.00024134
    -0.00131396    -0.00155127     0.00023731
    -0.00128255    -0.00152025     0.00023770
    -0.00047582    -0.00069916     0.00022334
    -0.00104519    -0.00128743     0.00024224
     0.02376681     0.02364947     0.00011733
    -0.00108029    -0.00132155     0.00024126
    -0.00112642    -0.00137067     0.00024425
    -0.00131279    -0.00155406     0.00024128
    -0.00122666    -0.00146893     0.00024227
    -0.00114748    -0.00139351     0.00024604
     0.02001585     0.01993866     0.00007720
    -0.00124405    -0.00148956     0.00024551
    -0.00119613    -0.00144338     0.00024725
     0.01343225     0.01346477    -0.00003253
     0.00403137     0.00415855    -0.00012719
    -0.01584750    -0.01532452    -0.00052298
    -0.02415280    -0.02401570    -0.00013710
    -0.00205304    -0.00180577    -0.00024728
    -0.01077672    -0.01076939    -0.00000733
    -0.00231436    -0.00208864    -0.00022572
    -0.03761705    -0.03726971    -0.00034734
    -0.00314504    -0.00292241    -0.00022263
    -0.00216453    -0.00191427    -0.00025026
     0.03439734     0.03442646    -0.00002912
    -0.00161230    -0.00135238    -0.00025992
    -0.00161230    -0.00135238    -0.00025992
    -0.00228023    -0.00205285    -0.00022738
    -0.00180025    -0.00153690    -0.00026335
    -0.00180025    -0.00153690    -0.00026335
    -0.00235183    -0.00212190    -0.00022992
    -0.00235183    -0.00212190    -0.00022992
    -0.00292441    -0.00267487    -0.00024954
    -0.00325677    -0.00303111    -0.00022566
    -0.03831706    -0.03811637    -0.00020069
    -0.00955710    -0.00985882     0.00030172
    -0.00257926    -0.00232818    -0.00025108
    -0.02764429    -0.02831719     0.00067289
     0.00597323     0.00606555    -0.00009232
    -0.00251754    -0.00228277    -0.00023477
    -0.04795147    -0.04804561     0.00009414
    -0.00263978    -0.00243722    -0.00020255
    -0.00269733    -0.00244372    -0.00025361
    -0.00276800    -0.00251184    -0.00025616
    -0.01765970    -0.01774079     0.00008109
    -0.00224687    -0.00200459    -0.00024228
    -0.00292351    -0.00271599    -0.00020752
     0.01044678     0.00975103     0.00069575
     0.03538248     0.03540215    -0.00001967
     0.00996024     0.01037317    -0.00041293
    -0.00274274    -0.00249710    -0.00024564
    -0.06052406    -0.06054538     0.00002132
    -0.03038407    -0.03054394     0.00015987
    -0.00285075    -0.00259724    -0.00025350
    -0.00276389    -0.00251580    -0.00024809
     0.02937616     0.02939009    -0.00001393
    -0.00468240    -0.00464838    -0.00003402
    -0.00230883    -0.00206242    -0.00024641
     0.01850513     0.01836559     0.00013954
    -0.00250407    -0.00225063    -0.00025345
    -0.00284468    -0.00260987    -0.00023481
    -0.01807519    -0.01797783    -0.00009736
    -0.02699193    -0.02696356    -0.00002836
    -0.00237055    -0.00212066    -0.00024988
    -0.00635029    -0.00655627     0.00020598
    -0.01383900    -0.01392166     0.00008266
     0.03637912     0.03638841    -0.00000929
     0.01584587     0.01587309    -0.00002722
     0.01367435     0.01351173     0.00016261
    -0.00252369    -0.00226915    -0.00025455
    -0.00271847    -0.00246384    -0.00025463
    -0.00247822    -0.00222495    -0.00025327
    -0.00693703    -0.00676762    -0.00016941
    -0.00307617    -0.00284805    -0.00022812
    -0.04074018    -0.04079231     0.00005213
    -0.01818221    -0.01824369     0.00006148
    -0.00957267    -0.00936609    -0.00020658
    -0.03792062    -0.03805112     0.00013050
     0.02508405     0.02479275     0.00029131
     0.01935296     0.01935899    -0.00000603
     0.02469488     0.02488695    -0.00019207
    -0.03021460    -0.03034020     0.00012560
    -0.02126047    -0.02125497    -0.00000550
     0.01860976     0.01832188     0.00028788
    -0.00246647    -0.00285352     0.00038705
    -0.00209245    -0.00254032     0.00044788
     0.02941227     0.02955284    -0.00014057
    -0.00442699    -0.00411351    -0.00031348
    -0.00914556    -0.00930078     0.00015522
    -0.01251906    -0.01238596    -0.00013310
    -0.02743022    -0.02735390    -0.00007632
    -0.01993863    -0.02000377     0.00006514
    -0.02628794    -0.02624040    -0.00004754
    -0.04161429    -0.04182143     0.00020714
    -0.02050119    -0.02062992     0.00012872
    -0.01299031    -0.01309015     0.00009984
    -0.01897156    -0.01848063    -0.00049094
    -0.04834312    -0.04829313    -0.00005000
    -0.02102896    -0.02108479     0.00005583
    -0.01564905    -0.01559356    -0.00005550
    -0.01480182    -0.01501511     0.00021328
    -0.00730762    -0.00772072     0.00041310
     0.00421855     0.00413440     0.00008415
    -0.02167518    -0.02170731     0.00003214
    -0.00695305    -0.00727214     0.00031908
     0.01038182     0.01041988    -0.00003805
     0.00208129     0.00194035     0.00014094
    -0.01798352    -0.01806080     0.00007728
     0.00171655     0.00146059     0.00025596
    -0.02100278    -0.02098827    -0.00001452
    -0.01701071    -0.01706256     0.00005185
     0.00540938     0.00506837     0.00034101
     0.00816872     0.00823851    -0.00006979
     0.00861395     0.00844985     0.00016411
    -0.02447749    -0.02454966     0.00007218
     0.00495917     0.00512845    -0.00016928
     0.02000948     0.02013436    -0.00012488
     0.01771992     0.01760183     0.00011809
     0.00015595     0.00014901     0.00019859     0.00021746     0.00069575
