                 -1.55786794069834932941
                 -1.39299681317871604236
                  1.10386019573329763332
                 -0.91784294569010760334
                 -0.28705934797055621122
                 -0.54536352983288594043
                  0.22778316476814042257
                  0.18576252017821459628
                  0.66690616800658797381
                 -0.65554134284899012730
                 -0.22928352066065763037
                  1.26915470669777108448
                 -1.02000915965487348736
                 -2.06742894874011673423
                  1.49392547587935120568
                 -1.48470745917375190892
                 -1.44188115289861262802
                  0.96708851776469251238
                 -0.72650427118448801522
                  0.54466894868709747612
                 -0.38621528745825567386
                 -0.30424593478235950617
                  0.11441736489767270757
                 -0.29696332137224806802
                  0.42247612290688152381
                 -0.66945284640303237556
                  0.76959608478209595717
                 -1.15027704783656758991
                  1.32522026882715127094
                  1.70743350411120853316
                  0.13496918320130329993
