49	2	1
15	15	
1	1006
  0.0487528288817763	  0.1346465419535583	  0.0990346470846311	  0.0831638741461670	  0.0117280596704378	  0.0090713096834258	  0.0367480166643926	  0.0526414071771774	  0.0372143147152041	  0.0526430809538946	  0.0107785028933253	  0.0333738727706075	  0.0755886020589717	  0.0047632039647006	  0.0215461395259119	  0.0744512562921099	  0.0392213196584394	  0.0007897724338536	  0.0045851610228482	  0.0069248100995391	  0.0045853067463095	  0.0070930874214227	  0.0205813080799490	  0.0029067984736881	  0.0022483231550384	  0.0084281479605946	  0.0130478348794484	  0.0177688492114597	  0.0130482497248301	  0.0010210765263891	  0.0017686151803667	  0.0024439626817539	  0.0035903827409100	  0.0082370958660733	  0.0082371238672081	  0.0138496201990781	  0.0205807044830848	  0.0422028000713560	  0.0205820132516068	  0.0010187093638241	  0.0047254976488291	  0.0355373440919335	  0.0028215120799091	  0.0082720933791643	  0.0330663151366958	  0.0004649052156602	  0.0042037414893656	  0.0422225081144981	  0.0144481986445384	  0.0567915236646918
  0.0488505392810251	  0.1347701475603136	  0.7516555574499668	  0.2358074347853546	  0.0117280720501637	  0.0090713130796527	  0.0368229362382165	  0.0526887945556274	  0.1436916676930239	  0.0526904683328045	  0.0107999660471394	  0.0334010240888958	  0.1856734801344554	  0.0047632135120227	  0.0215461480118042	  0.2874106029825498	  0.0625213762630488	  0.0007897724341938	  0.0045851657689335	  0.0069391712693457	  0.0045853114923949	  0.0070930900254840	  0.0205994752466100	  0.0029068011930298	  0.0022483239010567	  0.0084446048612832	  0.0130582440334416	  0.0357295768470512	  0.0130586588789244	  0.0010210765276290	  0.0017686151812166	  0.0024439626821737	  0.0035903900613315	  0.0082370991193576	  0.0082371271204925	  0.0138783425386914	  0.0205988716495695	  0.1116921471050319	  0.0206001804184441	  0.0010187114609975	  0.0047254995128478	  0.0714595821678298	  0.0028262266954996	  0.0082780574620579	  0.0502687931947165	  0.0004649052165930	  0.0042037414899947	  0.1117148837887441	  0.0180048022477605	  0.0006634680192409
                  0.22654833613481176191
                 -0.15072965664326820612
                  0.31825286742404673701
                 -0.08388627628308981121
                  0.09339564856367779666
                  0.05462659409831131102
                 -0.25872323186760382008
                  0.30747368077852893498
                 -0.13247710588145975019
                  0.28705737571435391287
                 -0.27945216648335147180
                  0.06961751672533683655
                 -0.23357734111965508528
                  0.27837601960118957267
                  0.14251928749148135012
                 -0.27652179936480697497
                  0.16483135546945040795
                  0.19825945549636012077
                  0.30640765122198265757
                 -0.13228287187532519753
                  0.29448579176493194787
                  0.17836872979138915229
                  0.14992079059832941201
                 -0.08112017785803563030
                 -0.12118732955441423316
                 -0.15703311518507073741
                 -0.39655256995520044017
                 -0.10450824369234532063
                 -0.16600079000431922083
                 -0.28380212392040327085
                  0.21580987371408336117
                  0.04782448150908014117
                 -0.00350923045125171602
                 -0.05451585119738554253
                  0.20041268308037460399
                  0.31862279134742904629
                  0.18341526616624218016
                 -0.20232974278054233208
                  0.20842163787841389011
                 -0.25901947801152108708
                 -0.33050934306848617217
                  0.09919363955537038868
                 -0.08880176517169056927
                  0.03690329538017781547
                 -0.25063025556165785535
                 -0.02287300666613908615
                  0.11154168619617108038
                 -0.04322379307845587021
                 -0.05114423085997442386
                  0.26983932739902743991
                 -0.20945493964405015319
                 -0.19607700298435673525
                  0.11993622788788371736
                  0.01978863890159378303
                 -0.12737399868335039232
                  0.19850939551637175606
                 -0.03894174272093040012
                  0.02211716384560544202
                 -0.33991888583286067327
                  0.05996084530019760162
                 -0.28498826196922799614
                  0.23594710787255510076
                  0.19778145112108572179
                 -0.23075891566336217964
                  0.05354372991272054322
                  0.32844346314366257289
                 -0.04515729079133781743
                 -0.33099901311281132443
                 -0.31641922927490467865
                 -0.38192975071586476865
                  0.26575402047443930087
                  0.00907528119034965719
                 -0.25488166892584290801
                 -0.43180730503511449703
                 -0.34288757932802377271
                 -0.33549866616935342112
                 -0.10358532160391445420
                 -0.32776311265396218531
                  0.05306823575676197086
                 -0.20965914595153267719
                  0.01863114507619213073
                  0.03348406720847092038
                  0.01045824158307497205
                 -0.23793902159949212316
                 -0.22781341815350200641
                  0.11402151355844654390
                  0.05570235090937911138
                  0.17591813920581106379
                  0.27004612394140259379
                  0.24312767465000639788
                 -0.12595059053681323391
                 -0.18275039135276618940
                 -0.39033336999289575120
                  0.32580208603184407368
                 -0.18318772813520517451
                  0.31976436036355304626
                  0.14631609542091064680
                  0.31384995296834089507
                 -0.19099718370126106404
                  0.11174682832267908428
                  0.38457812493283721755
                 -0.17445810095089794856
                  0.38416038863258972214
                  0.47286360261142668104
                 -0.34104983866638866052
                 -0.10010146237447647977
                 -0.09924324410053528278
                  0.01342689005010248675
                  0.04842523225997930753
                  0.09701798829461165397
                  0.22300587912415348324
                 -0.33701086865419044303
                 -0.11864574817723894107
                  0.43723034987810716068
                 -0.39161030005834579493
                  0.05015366328343690699
                  0.28122132930057347489
                 -0.24157818411821505022
                  0.02699748205786321048
                 -0.06692291992390188293
                  0.00747010250453593577
                 -0.10225857761433976290
                  0.26345164735886589247
                 -0.23500098277807845992
                  0.38858291504005426642
                 -0.09349276941296823240
                  0.24027190805810375029
                  0.00437403211321633206
                 -0.52872145001860604285
                 -0.40399588218753945679
                  0.00678754527939927615
                  0.10339688067085853196
                 -0.07531911755850062562
                 -0.44805434574348784738
                 -0.13803612316735680565
                 -0.26064778869501942227
                  0.25315099439079197241
                  0.26217420880033981412
                  0.17776319771408308212
                  0.13914239322382093711
                  0.16997278040559735124
                 -0.20947077767610775001
                  0.11602585330105798234
                  0.08622913374236471085
                 -0.28502166226653730119
                 -0.21207797012822002247
                 -0.30265559021307963938
                  0.06559984864357916445
                 -0.01510471571505544834
                  0.06764174876761665234
                  0.20060107462789311672
                  0.19798640086357907619
                 -0.22989074156102867752
                  0.00496415672672644026
                 -0.10335613002373554570
                  0.00847564779147663011
                  0.30638302282897200701
                 -0.08434672181375331423
                  0.32148704470858180393
                  0.01397097497706052335
                  0.04200780894002652255
                  0.23571648967413133535
                 -0.18447163095827298629
                 -0.10962760803872935444
                  0.33312520319433386318
                  0.13205730520181549470
                 -0.08240627708884390445
                 -0.20898159486782935668
                 -0.14579772136807611638
                  0.14833220252829423802
                  0.31642866390368273866
                  0.38700976904983735993
                  0.13179686312976748863
                  0.07304549789561563811
                  0.20309176189254471434
                 -0.24732401137144199854
                 -0.14416569278422408651
                  0.09755531827778333998
                  0.22853773450944209200
                 -0.14166751393859339236
                 -0.35689102516936593856
                  0.31840299507272984414
                  0.18064554312802291736
                 -0.05261909175041699221
                  0.12816428441046426312
                  0.22736012738515712361
                  0.12489557184289859504
                 -0.34811202099705390589
                 -0.25901497364150333214
                 -0.25833895351640118188
                  0.02193279689945999700
                  0.16073229833950858358
                 -0.24949265741438617083
                  0.05638457272621349298
                 -0.23060444342157551678
                  0.00240144256411175443
                  0.24863639992978991966
                  0.27215729334455973643
                  0.42424784555318717505
                 -0.10409711384569825254
                  0.42823555954054470796
                  0.03836230389250454287
                  0.19791506307794992647
                  0.18701766094602201296
                  0.47759287443182302235
                 -0.23197805379827696193
                 -0.22724451264699430109
                  0.18325920353269503638
                 -0.03599705278950797449
                  0.26432527673611239116
                 -0.12054992852789973845
                  0.01890249224822072513
                  0.38425666113355511078
                  0.17384082167379583117
                  0.02810237570330698445
                  0.25123253936497502714
                 -0.06389216746649351020
                  0.20437277396789502171
                  0.14063506998842412177
                  0.11269051697809918944
                  0.15123203330367043784
                 -0.24837342643778248519
                 -0.03877122633601936402
                  0.00955386289212287881
                  0.19219700837799827409
                 -0.06427355704074648457
                 -0.39949329511570802476
                 -0.27990677460209711924
                 -0.11088395951257951078
                 -0.49471974286175934843
                 -0.05544722772897140578
                 -0.30488949264088777147
                  0.17216413943612379756
                  0.22501978945484868433
                  0.16151739344678681110
                  0.23425863981489680743
                 -0.39070298490941429703
                 -0.33767796338287359159
                  0.06989898255522049297
                 -0.13325610425151604432
                  0.13591418922111178635
                 -0.27877200922242634240
                  0.34587268481508903761
                 -0.68460187996497134932
                 -0.02111299065435055800
                 -0.21258180692765091258
                  0.02640829301458885725
                 -0.27296374901189751627
                  0.08546347445042550006
                  0.16846386233696633572
                  0.12182817720269654982
                 -0.22214665093494068149
                 -0.22275702648559467245
                 -0.22580266433792542391
                  0.12751114139538585746
                  0.04553836777894748611
                  0.28085477084410509496
                  0.24638817208304988893
                  0.46763240865980337801
                  0.19435392870668438681
                  0.23798500845226519540
                  0.18001684797171346730
                  0.38929494753745136348
                 -0.23518734109647104757
                 -0.00370111123649950920
                  0.35552633293290081262
                  0.25305413312627533795
                 -0.09530169447415337558
                 -0.09758696217445518573
                 -0.31529567152647136608
                 -0.33915460012448844784
                  0.03131861508711456660
                 -0.50926259515905270003
                 -0.04722621432647268469
                  0.02977893130754959150
                 -0.12028630830836138654
                  0.07746173713840438790
                 -0.23948055255467157187
                 -0.12592460520754228392
                  0.48497043001658468597
                 -0.07622285652403966438
                 -0.04001377521048710140
                 -0.04289750488393453964
                  0.38830136187307789930
                  0.43647754164666457966
                 -0.27719014889870041696
                  0.10398453268069336730
                 -0.21488722602138676798
                 -0.01540689227080448837
                 -0.20988580722764199615
                 -0.36850579788061099684
                 -0.45759658388184382138
                  0.16365714433264122452
                  0.16926885076744166425
                  0.08154109025397394961
                 -0.22705794505469975575
                  0.18253734347100306068
                  0.21271064766186370543
                  0.23890439632960608352
                 -0.56155805107921785702
                 -0.22470598585509410361
                  0.31326825417948495067
                 -0.22148933900079093018
                 -0.47996515222906299680
                  0.25253450256567888665
                 -0.18989514476285102029
                 -0.17759990269500253168
                 -0.34263977804391282378
                  0.24833760422574033266
                  0.49604720359614601355
                  0.13471594264256911422
                  0.21747237088423343465
                  0.15600984891073566008
                 -0.11845310519053567355
                 -0.39725534901043518810
                 -0.00265317504236247271
                  0.31212349080255763489
                  0.45086116363199379986
                 -0.47724220816204138140
                  0.00376286740471941904
                 -0.21852843085683099078
                 -0.21108547378822686835
                 -0.31050495735696587163
                  0.13157386115068339660
                 -0.16743073615516954056
                  0.00643351538158904411
                 -0.33274123948016171015
                  0.24250010009193717631
                  0.37950410398681910795
                  0.10159221723143634086
                  0.17506210346806896916
                 -0.31067294569513531632
                 -0.07685892444620370800
                 -0.01053682609200062500
                  0.09443506348303221110
                  0.04332814291762035475
                 -0.34175766660010348241
                  0.00975675244070079405
                 -0.01763935899832208554
                  0.17248880395459109671
                 -0.29655185926303229138
                  0.28289554801352995161
                  0.28294669814946332709
                  0.51495484447066408595
                 -0.02534820650088899507
                  0.19925434122591992314
                 -0.35245142670473716962
                 -0.31347931378131815849
                 -0.25000313164872900451
                 -0.27088610769615600882
                  0.29609162875178285379
                  0.36228561928374541923
                 -0.13031099849662117207
                  0.27441024232212779532
                  0.36171822249552515460
                 -0.30227676684454757305
                  0.45507892779659148141
                  0.28597652235120696318
                 -0.38910063688157253692
                 -0.02523114019973820080
                 -0.81972562688558547883
                  0.09107101836654549198
                 -0.18759077197392226566
                 -0.27094940280518153841
                  0.33222811827888021341
                 -0.21914294008291276827
                  0.46006244935335782742
                  0.42454246692645331018
                 -0.29731252398418533955
                 -0.01951430003169054780
                  0.61989768735985206760
                 -0.18941008694032240856
                 -0.34963906071757466787
                  0.21468640786489046057
                 -0.38501756235798872963
                  0.32837435642622059273
                  0.22293108085845167454
                  0.21010793942428121484
                 -0.02475130694015642216
                 -0.48089216312156318756
                  0.41727325169586415576
                  0.04102790743670845647
                  0.09917973859794955438
                  0.31116239781814375442
                  0.15892563927802780266
                 -0.18683307082272487820
                  0.16257568502320388082
                 -0.11639745218273360450
                 -0.21445749393126006810
                  0.06201034220784757550
                 -0.49865549276222070896
                 -0.17978686843517860394
                  0.27884545575659258621
                  0.15896641066901229244
                  0.01812397561794178852
                 -0.06664116280451674867
                 -0.33342498012992671796
                  0.25206421320686606125
                  0.29941535281922054823
                  0.25593505251803605471
                 -0.34737034363751512211
                  0.34784296262889408125
                  0.34998726456684375874
                 -0.00196360097642744955
                 -0.24743335037046654268
                  0.27583586658829067906
                 -0.39930199253422821171
                  0.17659178182481646835
                  0.05931373352153406636
                 -0.18751840883776257907
                 -0.26806350350971908103
                 -0.01515232176200451142
                 -0.27113617505598475166
                  0.02256568605259487437
                  0.31153565912241298896
                 -0.12864761912124589305
                  0.51304399905885078592
                  0.01541711199721109218
                  0.32716613766259550200
                  0.23391580816841506252
                  0.29916599546907601814
                 -0.27137827097284922262
                 -0.47135942713560485817
                 -0.00976192733533181624
                  0.03388454643241692321
                 -0.73066682510542091400
                 -0.09951742800766255614
                  0.22782851039384763303
                  0.00391130140088628148
                 -0.21656079730531235805
                  0.20300031397232612407
                 -0.11436237507296288796
                 -0.10350271246327352737
                 -0.26405301707941025713
                 -0.02780792920038461027
                  0.06004759638549510281
                  0.06673203520083874352
                 -0.27069775222726472075
                  0.38356655090884278492
                  0.52679313731461274717
                 -0.06518301347488322794
                  0.06241655287496900018
                 -0.10630373527349916418
                 -0.24293961147398085432
                 -0.18781481576106570652
                 -0.22929547875551423153
                  0.21517206155066453954
                 -0.05925594422895320845
                 -0.02823606603253163427
                 -0.05225893308256364389
                 -0.34193453103358578682
                  0.05156338892757370701
                 -0.09586371831570061897
                  0.08041514584383059605
                 -0.00558871520728243618
                 -0.64652125392440462637
                  0.08713777550367886315
                  0.25739994711182140330
                  0.13270448635301140827
                 -0.02406862397075521659
                  0.31891291220808398732
                  0.47838819413856725760
                 -0.19513283242847376253
                 -0.28594432953609166814
                  0.08635930725856261203
                  0.00262338374886456928
                  0.24356546026172506969
                 -0.04830734894210386016
                 -0.01798802463572309746
                 -0.01736643652775286817
                 -0.26865157657641297595
                  0.09250331802494103639
                 -0.40112690749345236707
                  0.04792551578681973623
                 -0.24820448820933727063
                  0.14571818226787050521
                  0.20897801548901787094
                  0.28466824829796300023
                 -0.05819926743653017903
                 -0.17931129864313991029
                  0.06570387896307629261
                 -0.38667268594336950960
                  0.17621020894162248149
                 -0.14066523371951814014
                 -0.14226061741129303329
                  0.38970046142321468352
                 -0.10987742142900823461
                  0.38448876995778141774
                 -0.08642034547415816670
                 -0.21156972754512232138
                 -0.28402460295184872585
                 -0.16168969433875077235
                 -0.23887987274079108824
                  0.31379091956889548776
                  0.25046196916790958165
                 -0.04038089422876404294
                  0.12662469285190974810
                 -0.07645991027665571815
                 -0.34310688839076936008
                 -0.16676751041280563070
                  0.30200546310364495550
                 -0.21232005197718376022
                  0.44253051477366428523
                 -0.32531395921937045213
                  0.29282530460783368076
                  0.06251637925863269551
                 -0.12844885829892890849
                 -0.32800106251918542677
                 -0.21116083120751705238
                  0.12520828564801275706
                 -0.12003896318608982263
                 -0.23013774704756267964
                 -0.17387566158584932818
                 -0.12000159096189209895
                  0.34424127934437331877
                 -0.01749658082605316800
                  0.08350579561457827094
                 -0.16318459813055130603
                 -0.00233867613480346487
                  0.18715855300851796938
                  0.10162895591731765932
                 -0.40199582187225640917
                 -0.25499750102908774751
                 -0.12092079772539382487
                  0.63471941975852397277
                  0.25778214442574398646
                 -0.27688065110963694382
                 -0.52601587528623161560
                 -0.43956468947565119354
                  0.20156848012318809293
                  0.04027209513612941411
                  0.21673506277026585720
                  0.03135520075288435876
                  0.25599466690740330099
                 -0.12160930448123724590
                 -0.04097721946758868528
                  0.31374142359128642799
                 -0.09969551858499273167
                  0.18643165910410933184
                 -0.06224480686179943711
                 -0.10134105530759546232
                 -0.14172142268130694109
                  0.09890071684035704747
                  0.12334314964480351529
                  0.23409218130335204822
                 -0.60166105973038008781
                 -0.00335973652194116942
                 -0.61885963154145118281
                  0.24040907686276299926
                  0.14331174602569110577
                  0.03363159472611303158
                  0.09375666426838769052
                 -0.19014846691995226924
                 -0.22082942675095271201
                  0.61461109873384223157
                 -0.05231578030822064268
                 -0.10414009528990930686
                  0.01246745481334440159
                  0.05358824855412364085
                  0.13525042986442378790
                  0.33123699228181330279
                  0.32180875316377915984
                 -0.15405325703736119647
                  0.20910618866363869794
                 -0.37097515780126194551
                 -0.02436940812256237904
                  0.42982732162331760417
                 -0.13673092030357214544
                  0.18213306708094742503
                  0.46842347899314790149
                 -0.34734304957599582142
                 -0.20830523078217430544
                  0.22769512999652249952
                  0.39089719687172880258
                 -0.02469547895398580342
                 -0.02915678429434216679
                 -0.37296308863099819630
                  0.14012900477284856438
                  0.20212362240679218606
                  0.02076181933450889708
                  0.42361709420079596278
                  0.03719969612232501555
                 -0.36321674771152273609
                 -0.25698645337783487808
                  0.05771363961284609739
                 -0.07459531792257173555
                  0.03894960015393644781
                 -0.17148662839590991802
                 -0.06885206880771760352
                  0.13879346007608917013
                 -0.18301746507103500150
                 -0.16948806319204406945
                 -0.01113999958202400997
                  0.11978630654733396499
                  0.15695401277074444435
                  0.07373962647344520227
                 -0.14469264686934410480
                  0.39582436926922442977
                 -0.15160864020626427240
                  0.30508636259793386891
                  0.05263623864840553251
                  0.23782746538884286247
                  0.25179124821403614520
                  0.30660857178927969358
                 -0.25885797472208177394
                 -0.32854807411245740001
                  0.08304998477560292247
                  0.19300637148947838440
                  0.29054493527396935137
                 -0.24479287142381522813
                 -0.25463073434423949548
                  0.10951553164146218822
                  0.00436813526883680046
                 -0.01331130077089001836
                  0.06158117901543999628
                  0.06570682058347979138
                  0.32579539804254992186
                 -0.30108307604523143475
                 -0.10205025813642677746
                  0.18638897113133906513
                 -0.36859673055089459126
                 -0.05922669640175690087
                  0.28496725959241880899
                  0.06636583637575420302
                  0.51774926460846604215
                 -0.04494043946204966805
                 -0.12673592217758258838
                  0.12086700504287792302
                  0.01996690770366170084
                 -0.03162240988089571464
                 -0.09885197088090566520
                 -0.16682056302714423635
                 -0.31539482997021495159
                 -0.12380418631947506802
                  0.28550863220248468011
                 -0.14639136623164863971
                 -0.19388151426291666546
                 -0.04892723461901833659
                  0.37851589611825553483
                  0.28027108305376263742
                 -1.24831659553479457081
                  0.14084640752031496458
                  0.07228379345711329063
                  0.28205647495526564583
                 -0.27855915800392772042
                  0.40349682237816297814
                  0.30856443281862561134
                  0.00202496261077247507
                 -0.13412946975307488140
                 -0.42719786218641192521
                 -0.08679470721305251879
                 -0.17070519496763450484
                  0.21847190085689152661
                  0.06107371938375987658
                  0.01116380349215434151
                  0.13658986383102622586
                 -0.14834395118157844840
                 -0.31320346631067735865
                 -0.17999463934981660418
                  0.32601991227497484349
                  0.17138747055435207822
                 -0.05982591748799576808
                 -0.07687310262988415743
                  0.10749536319247365856
                 -0.52108193185054996199
                 -0.18406381996902057563
                 -0.09334790152176694611
                  0.05330635232311256577
                 -0.06247202065029092838
                 -0.20834823217382708593
                  0.17521915838222454354
                  0.17300914361147412546
                 -0.19121619378384011045
                 -0.08935931099316227200
                  0.27538896966810555433
                 -0.16599520136928466729
                  0.00525148775987229702
                 -0.00213902693857121037
                 -0.24566378755079465446
                  0.04483493617189727304
                  0.21089354648336716691
                 -0.25756028665844815650
                  0.21361734562804982063
                  0.03319580421626122657
                  0.19229574745428298921
                  0.36807251175287963862
                  0.18752067389581436596
                 -0.19834212353141977836
                  0.08081890390616042197
                  0.11596967764617881202
                 -0.02358652286739389148
                 -0.06243151378665100226
                  0.20263238371481834266
                  0.29618327188632143088
                  0.26392386539924395095
                 -0.02881306506908065321
                  0.15264994701413905909
                  0.20369222438204828696
                 -0.34557616607808311349
                 -0.25256699075357924578
                 -0.37086754200845278850
                  0.15150122652189842998
                  0.01363946662168908155
                  0.02207779274351031815
                 -0.21595954093069513746
                 -0.23676529615960367758
                  0.15343080105476886166
                  0.09154455821481566336
                  0.30790578884070307630
                 -0.32092577791353216199
                 -0.09025397984836597276
                  0.06640703557908397836
                  0.09847491480662572128
                 -0.14680443134842399711
                  0.27166342680566807344
                  0.21358618349581448559
                  0.07792884397352781156
                 -0.36284052957445261933
                 -0.05025741212207266578
                 -0.00322427096346803235
                 -0.12781407663236710182
                  0.02838249922752353327
                  0.31723367897322579667
                  0.21063003601763780059
                  0.18793170304178521968
                 -0.19930457265973033909
                  0.08683960855853993521
                  0.16570113328767402394
                  0.06495536693559246511
                 -0.07307912512268703586
                 -0.43447793650526100873
                 -0.15593615334640337222
                  0.01091397955719384735
                 -0.36740603985669423315
                 -0.48262455652341301748
                  0.15601616307190663280
                 -0.25543825754946186679
                 -0.34463944176823368970
                 -0.71061772134230372089
                  0.62995949271014750614
                  0.40134010162199479366
                 -0.13665449202753873759
                 -0.50683831677783219849
                 -0.24357480611601339815
                 -0.09057835076576953304
                  0.75398369208624649307
                 -0.22526929384998267691
                  0.44226125333606897128
                 -0.44266029240609966466
                  0.85849378520318586627
                  0.48408823469161088582
                  0.37839778295626369520
                 -0.37804538366618423151
                  0.11959580010231705971
                 -0.80244888004408376769
                  0.63164586894756480362
                  0.48876349084054554472
                  0.24100523447044711056
                  0.15408505056098950603
                  0.24234268451531246202
                 -0.39876259242273276451
                  0.26950783620629958914
                 -0.64104858918965157422
                  0.10777013917724251324
                 -0.29725057597343218507
                 -0.32320483671547145521
                  1.01396743650532750181
                 -0.34535350747425597184
                  0.67027446239282129081
                  0.46177697161120062619
                  0.25379556788769225273
                 -0.24366764599643872535
                 -0.10673863091771043643
                  0.62182784263972190608
                 -0.26844625002703470518
                 -0.29632925850225871889
                 -0.68312757082219965898
                  0.02542081958156556035
                 -0.28661994301373555638
                 -0.59349768705273109326
                  0.21067732776483397150
                 -0.97387314080025610963
                  0.64625381944362403352
                  0.30353134188206670752
                  0.03371009366165482468
                 -0.41599193333231099245
                  0.30983690536805452709
                  0.08993114370934444934
                  0.49663012686421470487
                 -0.13351634043617691128
                  0.43634200614167839571
                  0.08329627801161210154
                 -0.28181407424014615071
                 -0.94969787651909731707
                  0.05179396371498883739
                 -0.14603134744684082014
                 -0.52466934514207652640
                 -0.62215978244483272075
                  0.41461435647371425173
                  0.21031661096733531013
                  0.46421711015676531131
                 -0.73008932046335905941
                  0.28364242912200132718
                  0.58720820025964226563
                 -0.38706713339248260963
                 -0.69159785647582761037
                  0.15368184559341033224
                  0.03652434527480837023
                 -0.36286666884790125254
                 -0.68661305332544109170
                  0.27876118122933862820
                  0.06456414744429495034
                 -0.49837913427680657907
                  0.58493275137237121797
                  0.67902380535438155995
                 -0.22930370709006450691
                 -0.24406558086227075899
                 -0.37756070243845912815
                  0.11517239098395953834
                 -0.27177384477084903791
                 -0.56961829272688879744
                 -0.07611768855777242826
                 -0.42908944607972354657
                 -0.49338625817666842410
                 -0.49993397495548674847
                  0.71873304433448825801
                 -0.02771456372589271161
                  0.63385070297987167187
                 -0.57089919812303002722
                 -0.65673765217013602147
                 -0.55025620059368141046
                 -0.37737266445141753879
                 -0.01753582069973128738
                 -0.43345153047916390454
                 -0.35935564929678986967
                 -0.44899434416592426400
                 -0.86532373063366396782
                  0.08630012732816305654
                 -0.12403205439762297890
                  0.22514571130570423807
                 -0.13193610036035627320
                 -0.10079342837773021258
                 -0.34764583123259973352
                  0.40459878222938056025
                 -0.27190502350674955467
                  0.16251037084282277112
                 -0.44202701708382874379
                 -0.51428725998232971417
                 -0.24780843134684249485
                  0.64002421188373348482
                  0.04099685656704026016
                  0.76694984449358971634
                  0.51926418865871104558
                 -0.85178479718625532691
                  0.80253413597541978231
                  0.04006564889973777271
                 -0.04274958253407901143
                 -0.39583063844006860510
                  0.38438973779838464528
                  0.31783392598068194168
                  0.37366742827109039604
                 -0.35935865371721431583
                 -0.85897948396907097823
                  0.12770560132789471330
                 -0.73133200885067806141
                 -0.17561470094660144858
                  0.63716206698613264692
                 -0.50052039173089069024
                 -0.18487007491364085277
                  0.30624471649400725193
                 -0.03460960340498756005
                  0.66339458764712644356
                 -0.67441816955535971445
                  0.19049695005320022023
                  0.69880170026856514021
                 -0.43851260310152750943
                  0.23072889036179319855
                  0.60686389394797513042
                 -0.32114750896455307450
                 -0.09226306842391661378
                 -0.15927219828994804152
                 -0.27058353659865197471
                  0.13775646493667240144
                 -0.00084129054836297023
                  0.31825661717700859388
                 -0.08437155116209389683
                  0.13501804763042163371
                  0.67382955846496705998
                 -0.17635423932947030812
                 -0.71954303079280801381
                 -0.87321497295795114102
                 -0.58682640376857742037
                 -0.45608982422136395973
                 -0.42198318351307928520
                 -0.93953860372173791937
                  0.30002516876819657066
                 -1.15376631940893381589
                  0.30519368143531616644
                 -0.16062651488418253076
                 -0.37392810605023363291
                  0.52471275726904254011
                  0.29072550734314084320
                 -0.28499062037871969455
                  0.34693836754055906724
                 -0.61120244214997820897
                 -0.34391039754775071247
                 -0.48691015007135574066
                  0.24546197856500764911
                 -0.79311413827598165049
                 -0.22379403001047418198
                  0.44728623995433863803
                 -0.75197450751363714705
                 -0.39425084255634879060
                  0.36259539007294561141
                 -0.46412020261125058740
                 -0.54408190998533612071
                  0.37091355760900013294
                 -0.31887921256305523654
                  0.08266592672493380811
                 -0.53805179425904881008
                 -0.06872928070167601267
                  0.83833851605970510779
                  1.27877130965978769161
                 -0.03431469679718155558
                  0.33786239688152419625
                 -0.13754073011409795324
                  0.12511410315970161733
                 -0.47233188305907797266
                 -0.03787928117623331342
                 -0.73895127714947839159
                  0.41485786018985115753
                  0.48819962571093472592
                 -0.62232169010151838773
                  0.34757448515433753133
                  0.21986703352316633309
                  0.77972053672956220804
                  0.36593670330555011505
                  0.82626265689310296469
                  0.21845306026021316104
                  0.20774908568374117479
                 -0.59416814482033963873
                  0.43496771818566332124
                  0.02718213443007128430
                 -1.40380153530583529076
                  0.20332445366244045193
                  0.41187941523117493903
                  0.08442392570723077083
                 -0.36063172847064151050
                  0.58256343418892175823
                  0.74032060942896094069
                  0.39345517310723193694
                  0.42381075158509068368
                 -0.35324881903912885850
                 -0.31491759921094175656
                 -0.58126497382678787851
                  0.46689755080453332337
                  0.67046953314247914602
                  0.29694741826875664659
                 -0.81632448890572262279
                 -0.15573687528270199754
                 -0.71588021376739874313
                 -0.52691140500563005133
                  0.66617403583981993354
                 -0.78349600525930029882
                 -0.06826847180732974196
                 -0.75729104475391428863
                  0.97869375718547568788
                 -0.61410530294970688825
                 -0.37729004822397627095
                 -0.78732377574304668322
                  1.28991005170852024442
                  0.15891886938169966226
                 -1.16803772113832304846
                 -1.10612339679130955439
                  0.50778598050181489310
