    -0.00078195    -0.00079883     0.00001689
     0.03039585     0.03052170    -0.00012585
    -0.00259267    -0.00260344     0.00001077
     0.02471656     0.02452423     0.00019234
    -0.00592648    -0.00584696    -0.00007952
    -0.02022952    -0.02001924    -0.00021028
    -0.00030341    -0.00028904    -0.00001436
     0.03259769     0.03273939    -0.00014171
    -0.00096690    -0.00096383    -0.00000307
    -0.00952545    -0.00935636    -0.00016910
     0.02082338     0.02076576     0.00005762
     0.01503903     0.01494868     0.00009035
    -0.00836549    -0.00851447     0.00014898
    -0.00070159    -0.00064109    -0.00006050
    -0.00162283    -0.00190002     0.00027719
    -0.00132362    -0.00130049    -0.00002312
    -0.02178163    -0.02183549     0.00005387
    -0.00098293    -0.00098463     0.00000170
    -0.02882113    -0.02880884    -0.00001229
     0.00014779     0.00014250     0.00000529
     0.02409740     0.02419724    -0.00009984
    -0.00244497    -0.00255420     0.00010923
    -0.01681275    -0.01687607     0.00006333
    -0.00438052    -0.00453129     0.00015078
    -0.00024322    -0.00016917    -0.00007404
    -0.01070803    -0.01075152     0.00004348
    -0.00023187    -0.00022864    -0.00000323
    -0.02017286    -0.02033574     0.00016288
     0.04359261     0.04356223     0.00003039
    -0.01929802    -0.01933400     0.00003598
    -0.02246607    -0.02236142    -0.00010465
    -0.02559108    -0.02560706     0.00001597
     0.00427458     0.00427536    -0.00000078
    -0.00045549    -0.00047361     0.00001812
     0.03403334     0.03389312     0.00014021
    -0.00635930    -0.00632303    -0.00003628
    -0.00515356    -0.00507721    -0.00007636
    -0.00642787    -0.00642595    -0.00000192
    -0.00178787    -0.00178002    -0.00000785
    -0.01569887    -0.01569122    -0.00000766
     0.02822648     0.02801998     0.00020650
     0.00391640     0.00396230    -0.00004590
    -0.02374751    -0.02379434     0.00004683
     0.01960232     0.01943645     0.00016587
    -0.00066978    -0.00072656     0.00005678
    -0.01461104    -0.01454125    -0.00006979
     0.00979131     0.00982367    -0.00003236
     0.01354909     0.01329586     0.00025323
    -0.00075193    -0.00073549    -0.00001644
     0.03313729     0.03314832    -0.00001103
     0.01794338     0.01812758    -0.00018420
    -0.02040751    -0.02045359     0.00004609
    -0.01384831    -0.01376916    -0.00007915
    -0.01055258    -0.01045437    -0.00009821
     0.01305989     0.01283252     0.00022736
    -0.04271480    -0.04284699     0.00013219
    -0.00045770    -0.00046360     0.00000590
    -0.02018862    -0.02007284    -0.00011577
    -0.00054425    -0.00059103     0.00004678
     0.00595524     0.00597513    -0.00001989
     0.02194639     0.02204738    -0.00010099
    -0.00819860    -0.00823039     0.00003179
    -0.02827151    -0.02828250     0.00001099
     0.03090775     0.03108167    -0.00017392
    -0.00573287    -0.00575030     0.00001743
    -0.00160387    -0.00169158     0.00008771
    -0.00199740    -0.00218740     0.00019001
    -0.00681019    -0.00695458     0.00014438
    -0.01344615    -0.01348066     0.00003450
    -0.02367608    -0.02370182     0.00002573
     0.03156113     0.03169051    -0.00012938
    -0.02061848    -0.02044217    -0.00017630
     0.02064786     0.02070754    -0.00005968
     0.02129043     0.02104978     0.00024066
     0.01153700     0.01171037    -0.00017337
    -0.00057283    -0.00055881    -0.00001402
     0.00014387     0.00014354     0.00000033
    -0.01402548    -0.01393534    -0.00009014
     0.02782960     0.02769797     0.00013163
    -0.00065920    -0.00062982    -0.00002938
    -0.01846557    -0.01845631    -0.00000926
    -0.00002822     0.00015472    -0.00018294
     0.02134611     0.02130352     0.00004258
     0.02835582     0.02801045     0.00034537
    -0.00049280    -0.00049286     0.00000006
    -0.00013910    -0.00030662     0.00016751
    -0.02003166    -0.01991987    -0.00011179
     0.00674872     0.00662391     0.00012481
    -0.01022351    -0.01028774     0.00006424
    -0.00455818    -0.00458299     0.00002481
     0.02967255     0.02982257    -0.00015002
    -0.00474507    -0.00481547     0.00007041
     0.02545579     0.02532372     0.00013207
     0.02731150     0.02728366     0.00002783
    -0.00007951    -0.00008090     0.00000139
    -0.01181937    -0.01170127    -0.00011810
    -0.02093005    -0.02084505    -0.00008499
     0.03899569     0.03906520    -0.00006952
     0.03439734     0.03450919    -0.00011184
    -0.02353886    -0.02353990     0.00000104
    -0.02468696    -0.02459950    -0.00008746
    -0.02468696    -0.02459950    -0.00008746
    -0.02338383    -0.02339429     0.00001045
    -0.04761255    -0.04767493     0.00006238
    -0.02255435    -0.02266592     0.00011157
    -0.02663336    -0.02661289    -0.00002048
    -0.02663363    -0.02661289    -0.00002075
    -0.02564562    -0.02558836    -0.00005726
    -0.02564589    -0.02558836    -0.00005753
    -0.02427411    -0.02424076    -0.00003335
    -0.03333202    -0.03344873     0.00011672
    -0.02495007    -0.02487285    -0.00007721
    -0.02568910    -0.02566987    -0.00001923
    -0.03734385    -0.03736729     0.00002344
    -0.03309321    -0.03315421     0.00006100
    -0.02635953    -0.02640167     0.00004214
    -0.02512612    -0.02511408    -0.00001204
    -0.02419568    -0.02423747     0.00004179
    -0.03190130    -0.03202974     0.00012844
    -0.03259905    -0.03261773     0.00001868
    -0.03259905    -0.03261773     0.00001868
    -0.02342198    -0.02352245     0.00010047
    -0.02349943    -0.02359803     0.00009860
    -0.02702893    -0.02703018     0.00000124
    -0.02647268    -0.02640626    -0.00006642
    -0.02647268    -0.02640626    -0.00006642
    -0.02647268    -0.02640626    -0.00006642
    -0.02647268    -0.02640626    -0.00006642
    -0.02647268    -0.02640626    -0.00006642
    -0.02647268    -0.02640626    -0.00006642
    -0.02647295    -0.02640626    -0.00006669
    -0.02647295    -0.02640626    -0.00006669
    -0.02647295    -0.02640626    -0.00006669
    -0.02647295    -0.02640626    -0.00006669
    -0.02647295    -0.02640626    -0.00006669
    -0.02647295    -0.02640626    -0.00006669
    -0.02369459    -0.02374209     0.00004750
    -0.05104764    -0.05107564     0.00002801
    -0.02706406    -0.02712026     0.00005620
    -0.02442285    -0.02449242     0.00006957
    -0.02545658    -0.02553975     0.00008317
    -0.04168126    -0.04169303     0.00001177
    -0.03406988    -0.03416919     0.00009931
    -0.02765167    -0.02772067     0.00006900
    -0.02765167    -0.02772067     0.00006900
    -0.02456614    -0.02462977     0.00006363
    -0.02675287    -0.02687602     0.00012314
    -0.02675287    -0.02687602     0.00012314
    -0.02664139    -0.02675476     0.00011337
    -0.02718913    -0.02714437    -0.00004475
    -0.02708472    -0.02715831     0.00007360
    -0.03614956    -0.03626503     0.00011547
    -0.02707334    -0.02703167    -0.00004167
    -0.03270436    -0.03272267     0.00001832
    -0.03270436    -0.03272267     0.00001832
    -0.02516321    -0.02519610     0.00003289
    -0.02773039    -0.02782131     0.00009092
    -0.02773039    -0.02782131     0.00009092
    -0.02593732    -0.02593543    -0.00000189
    -0.03990035    -0.03997400     0.00007365
    -0.02631243    -0.02642191     0.00010948
    -0.03367485    -0.03363374    -0.00004111
    -0.04464276    -0.04455040    -0.00009235
    -0.03156880    -0.03162453     0.00005573
    -0.03025914    -0.03031642     0.00005727
    -0.03025914    -0.03031642     0.00005727
    -0.03357673    -0.03358852     0.00001179
    -0.06867857    -0.06873907     0.00006049
    -0.06777222    -0.06784730     0.00007509
    -0.03328924    -0.03347280     0.00018356
    -0.02801420    -0.02809858     0.00008438
    -0.04156169    -0.04156240     0.00000070
    -0.03329574    -0.03328431    -0.00001143
    -0.03475754    -0.03480973     0.00005219
    -0.02942702    -0.02950717     0.00008016
    -0.02986885    -0.02995674     0.00008789
    -0.03295288    -0.03293671    -0.00001617
    -0.03295302    -0.03293671    -0.00001630
    -0.03278504    -0.03277187    -0.00001317
    -0.02990352    -0.02993027     0.00002675
    -0.03230936    -0.03230154    -0.00000782
    -0.03028290    -0.03030078     0.00001789
    -0.03045909    -0.03047275     0.00001366
    -0.03162877    -0.03163090     0.00000213
    -0.03095829    -0.03095978     0.00000149
    -0.03156888    -0.03156120    -0.00000768
    -0.03673553    -0.03674523     0.00000970
    -0.06949418    -0.06943704    -0.00005714
    -0.03288330    -0.03287390    -0.00000940
    -0.03288330    -0.03287390    -0.00000940
    -0.03288330    -0.03287390    -0.00000940
    -0.03288330    -0.03287390    -0.00000940
    -0.03288330    -0.03287390    -0.00000940
    -0.03288330    -0.03287390    -0.00000940
    -0.03288330    -0.03287390    -0.00000940
    -0.03288330    -0.03287390    -0.00000940
    -0.03288330    -0.03287390    -0.00000940
    -0.03288330    -0.03287390    -0.00000940
    -0.03288330    -0.03287390    -0.00000940
    -0.03288330    -0.03287390    -0.00000940
    -0.00246285    -0.00248154     0.00001869
    -0.00246285    -0.00248154     0.00001869
    -0.00246285    -0.00248154     0.00001869
    -0.00246285    -0.00248154     0.00001869
    -0.00246285    -0.00248154     0.00001869
    -0.00246285    -0.00248154     0.00001869
    -0.00246285    -0.00248154     0.00001869
    -0.00246285    -0.00248154     0.00001869
    -0.00246285    -0.00248154     0.00001869
    -0.00246285    -0.00248154     0.00001869
    -0.00246285    -0.00248154     0.00001869
    -0.00475271    -0.00472811    -0.00002460
    -0.00381071    -0.00388852     0.00007781
    -0.00414574    -0.00404847    -0.00009727
    -0.01144544    -0.01145784     0.00001240
     0.02332380     0.02318880     0.00013500
    -0.00605170    -0.00611943     0.00006773
    -0.00687790    -0.00692477     0.00004688
    -0.01449997    -0.01450560     0.00000563
    -0.00649710    -0.00633607    -0.00016103
    -0.01538891    -0.01543218     0.00004327
    -0.00226807    -0.00227456     0.00000649
    -0.00226807    -0.00227456     0.00000649
    -0.00226807    -0.00227456     0.00000649
    -0.00226780    -0.00227456     0.00000676
    -0.00226780    -0.00227456     0.00000676
    -0.00226780    -0.00227456     0.00000676
    -0.00226780    -0.00227456     0.00000676
    -0.00226780    -0.00227456     0.00000676
    -0.00226780    -0.00227456     0.00000676
    -0.00226780    -0.00227456     0.00000676
    -0.00226780    -0.00227456     0.00000676
    -0.00226780    -0.00227456     0.00000676
    -0.00978497    -0.00986699     0.00008202
    -0.03018575    -0.03023329     0.00004753
    -0.00728386    -0.00722744    -0.00005643
    -0.01604941    -0.01598724    -0.00006217
    -0.01604941    -0.01598724    -0.00006217
    -0.01331663    -0.01342798     0.00011136
    -0.00676149    -0.00669430    -0.00006719
    -0.00326392    -0.00325943    -0.00000449
     0.04010009     0.04023776    -0.00013768
    -0.00663351    -0.00650123    -0.00013228
    -0.04013609    -0.04012150    -0.00001458
    -0.00740713    -0.00730079    -0.00010634
    -0.00492668    -0.00489236    -0.00003432
    -0.01289695    -0.01296020     0.00006325
    -0.01010212    -0.01021637     0.00011425
    -0.01167581    -0.01179423     0.00011843
    -0.03807393    -0.03808310     0.00000917
    -0.00454144    -0.00448144    -0.00006000
    -0.01174707    -0.01184612     0.00009905
    -0.01768727    -0.01771303     0.00002577
    -0.03570547    -0.03568650    -0.00001897
     0.02899809     0.02993399    -0.00093590
     0.02873648     0.02866773     0.00006875
    -0.01772321    -0.01764121    -0.00008200
    -0.01772321    -0.01764121    -0.00008200
    -0.01602035    -0.01604681     0.00002646
    -0.00347228    -0.00348486     0.00001258
    -0.02133291    -0.02120536    -0.00012755
    -0.03144232    -0.03130248    -0.00013984
     0.02840741     0.02845364    -0.00004623
     0.02136097     0.02140047    -0.00003951
     0.02818177     0.02821882    -0.00003705
     0.02289427     0.02293242    -0.00003814
     0.04766229     0.04758422     0.00007808
    -0.05618381    -0.05615068    -0.00003313
     0.04882457     0.04875609     0.00006848
    -0.01842717    -0.01840549    -0.00002168
    -0.01842690    -0.01840549    -0.00002141
    -0.02364147    -0.02360473    -0.00003674
    -0.02398564    -0.02402298     0.00003735
    -0.03361874    -0.03359826    -0.00002049
    -0.01955206    -0.01956983     0.00001777
    -0.00019380    -0.00009441    -0.00009939
     0.02604674     0.02615173    -0.00010500
    -0.01676371    -0.01677767     0.00001396
    -0.00188338    -0.00199719     0.00011381
    -0.00981833    -0.00999901     0.00018068
    -0.00919157    -0.00922517     0.00003360
    -0.03809042    -0.03807250    -0.00001792
    -0.01142788    -0.01143548     0.00000760
    -0.03643199    -0.03627057    -0.00016142
     0.01825979     0.01842948    -0.00016969
    -0.03876126    -0.03868515    -0.00007611
     0.05312329     0.05230834     0.00081495
     0.01851672     0.01846671     0.00005001
    -0.04308466    -0.04291792    -0.00016674
     0.01104012     0.01127916    -0.00023903
    -0.00069756    -0.00064431    -0.00005325
    -0.03427456    -0.03434257     0.00006801
     0.02466241     0.02466685    -0.00000443
     0.02287517     0.02276827     0.00010690
     0.03297130     0.03294372     0.00002758
    -0.03116180    -0.03114549    -0.00001631
    -0.03878335    -0.03882713     0.00004377
    -0.04133355    -0.04121351    -0.00012004
    -0.04318812    -0.04307849    -0.00010963
    -0.05506420    -0.05520633     0.00014213
    -0.01120774    -0.01114639    -0.00006135
     0.00373316     0.00374559    -0.00001243
     0.06027646     0.06017304     0.00010342
    -0.02489445    -0.02496789     0.00007345
    -0.03005038    -0.03008414     0.00003377
    -0.01628035    -0.01634394     0.00006359
    -0.01208986    -0.01212273     0.00003287
    -0.04455347    -0.04461425     0.00006078
    -0.02773515    -0.02797638     0.00024123
    -0.02499714    -0.02520451     0.00020737
    -0.03417867    -0.03432048     0.00014181
     0.02469017     0.02477167    -0.00008150
    -0.02076536    -0.02065414    -0.00011122
    -0.02565163    -0.02562492    -0.00002671
    -0.02805791    -0.02806959     0.00001169
     0.02348237     0.02352056    -0.00003820
    -0.04610433    -0.04613852     0.00003418
    -0.02845571    -0.02857373     0.00011802
    -0.02233549    -0.02267909     0.00034360
    -0.02267498    -0.02276814     0.00009316
    -0.01701484    -0.01700032    -0.00001452
    -0.01228926    -0.01231823     0.00002897
    -0.02202819    -0.02179638    -0.00023181
    -0.02783126    -0.02786023     0.00002897
     0.05242606     0.05246729    -0.00004123
    -0.01938621    -0.01943089     0.00004468
    -0.02884363    -0.02882055    -0.00002308
    -0.01248638    -0.01250998     0.00002360
    -0.01505141    -0.01514918     0.00009777
    -0.02374395    -0.02362968    -0.00011427
    -0.01789445    -0.01797759     0.00008314
     0.00491857     0.00487580     0.00004276
     0.04809811     0.04822193    -0.00012382
    -0.01638887    -0.01644885     0.00005998
    -0.01489086    -0.01502863     0.00013777
    -0.00795533    -0.00783539    -0.00011994
    -0.01268151    -0.01269791     0.00001640
     0.00116165     0.00115298     0.00000867
    -0.03056299    -0.03061874     0.00005576
    -0.01789720    -0.01796317     0.00006597
    -0.00082622    -0.00085130     0.00002509
    -0.02147367    -0.02167093     0.00019725
     0.01642659     0.01644286    -0.00001627
    -0.00245368    -0.00243134    -0.00002233
    -0.01893366    -0.01890300    -0.00003066
    -0.01287428    -0.01288196     0.00000768
     0.06080115     0.06076406     0.00003709
     0.05047788     0.05047060     0.00000728
     0.00188278     0.00201992    -0.00013714
     0.04510255     0.04502723     0.00007531
    -0.03132578    -0.03108431    -0.00024147
    -0.00963316    -0.00953801    -0.00009515
    -0.03513768    -0.03521788     0.00008020
    -0.01306476    -0.01306206    -0.00000269
     0.02515927     0.02502925     0.00013002
    -0.02763022    -0.02734969    -0.00028053
     0.05274549     0.05299120    -0.00024571
     0.03525537     0.03530474    -0.00004937
    -0.02706717    -0.02694681    -0.00012036
    -0.03765770    -0.03792751     0.00026981
    -0.01325344    -0.01323813    -0.00001531
     0.00058551     0.00050045     0.00008506
     0.01010669     0.01003976     0.00006693
    -0.02529900    -0.02551737     0.00021837
     0.05648643     0.05630699     0.00017944
    -0.03537888    -0.03533483    -0.00004405
    -0.02683851    -0.02675016    -0.00008835
     0.02030190     0.02022200     0.00007990
     0.03474176     0.03460523     0.00013652
    -0.00887733    -0.00879080    -0.00008653
     0.03534838     0.03512516     0.00022322
     0.05478169     0.05461938     0.00016231
    -0.03088201    -0.03050041    -0.00038161
    -0.00114987    -0.00139162     0.00024175
    -0.03568515    -0.03569493     0.00000978
    -0.03117644    -0.03114564    -0.00003080
    -0.02619991    -0.02617738    -0.00002253
     0.04772572     0.04791662    -0.00019090
    -0.01968295    -0.01994209     0.00025914
    -0.01421770    -0.01413981    -0.00007790
    -0.01584750    -0.01575042    -0.00009709
     0.06033891     0.05987959     0.00045932
    -0.02308347    -0.02308547     0.00000200
     0.05390684     0.05397588    -0.00006904
     0.05203029     0.05192495     0.00010534
    -0.02366144    -0.02367758     0.00001613
     0.04616531     0.04626859    -0.00010328
     0.04715559     0.04714603     0.00000956
    -0.02605866    -0.02588463    -0.00017403
    -0.02438420    -0.02440192     0.00001772
     0.04762423     0.04771963    -0.00009540
    -0.02729327    -0.02749200     0.00019874
    -0.02876611    -0.02869788    -0.00006823
     0.03698800     0.03722973    -0.00024172
    -0.02764584    -0.02763996    -0.00000588
    -0.02415280    -0.02417118     0.00001838
     0.04791702     0.04775888     0.00015814
     0.04562843     0.04553498     0.00009345
     0.05745499     0.05726488     0.00019012
    -0.05612806    -0.05611230    -0.00001576
    -0.01365944    -0.01361535    -0.00004408
     0.02416967     0.02429273    -0.00012306
     0.02781635     0.02785199    -0.00003564
     0.02844393     0.02852151    -0.00007759
     0.00018689     0.00039142    -0.00020453
    -0.04336621    -0.04358155     0.00021534
     0.02403500     0.02416707    -0.00013206
     0.02366060     0.02378148    -0.00012088
     0.00257958     0.00245201     0.00012758
    -0.01260559    -0.01254602    -0.00005957
    -0.03566161    -0.03571718     0.00005557
     0.00565953     0.00556384     0.00009570
    -0.00341500    -0.00357722     0.00016222
     0.00696658     0.00677687     0.00018971
    -0.03592861    -0.03600873     0.00008012
     0.01815666     0.01799520     0.00016146
    -0.01159728    -0.01152982    -0.00006746
     0.01969492     0.01969549    -0.00000057
     0.01786659     0.01788547    -0.00001888
     0.02168530     0.02154588     0.00013942
    -0.03977635    -0.03986521     0.00008885
     0.01863370     0.01878726    -0.00015355
    -0.01063465    -0.01056693    -0.00006771
     0.02692278     0.02695091    -0.00002813
     0.01385386     0.01375062     0.00010324
     0.00243776     0.00242156     0.00001620
    -0.00244478    -0.00243555    -0.00000923
    -0.00971757    -0.00965692    -0.00006065
     0.02378496     0.02351464     0.00027031
     0.01691569     0.01671303     0.00020266
    -0.00884558    -0.00879878    -0.00004680
    -0.03719318    -0.03729527     0.00010210
    -0.00514467    -0.00522546     0.00008079
     0.02251331     0.02220701     0.00030630
     0.02264488     0.02257062     0.00007426
     0.02102912     0.02120274    -0.00017362
    -0.00801868    -0.00799106    -0.00002761
     0.01863098     0.01864606    -0.00001507
     0.02252071     0.02248500     0.00003571
     0.01091340     0.01100501    -0.00009161
     0.02604075     0.02606263    -0.00002188
     0.01151681     0.01157543    -0.00005862
     0.02218237     0.02224952    -0.00006715
     0.02730102     0.02745804    -0.00015702
     0.00877611     0.00882691    -0.00005080
     0.02277590     0.02259554     0.00018036
     0.01940727     0.01941915    -0.00001188
     0.02517029     0.02518721    -0.00001693
     0.02338666     0.02359736    -0.00021070
    -0.03900845    -0.03920585     0.00019740
     0.01612130     0.01577280     0.00034850
     0.02019518     0.02020484    -0.00000966
    -0.04136716    -0.04128217    -0.00008499
     0.00124054     0.00130169    -0.00006115
     0.02431166     0.02432468    -0.00001302
    -0.03641681    -0.03642272     0.00000591
     0.02099500     0.02100321    -0.00000821
     0.02346487     0.02347503    -0.00001016
     0.02180642     0.02181433    -0.00000791
     0.01665995     0.01646767     0.00019228
     0.02262981     0.02263825    -0.00000845
    -0.03806451    -0.03818302     0.00011851
     0.01610792     0.01608149     0.00002642
     0.01906628     0.01907491    -0.00000862
     0.01704521     0.01703097     0.00001424
    -0.03394400    -0.03387112    -0.00007288
    -0.01055323    -0.01046400    -0.00008923
     0.02742818     0.02725988     0.00016830
    -0.00186657    -0.00185135    -0.00001521
     0.01181475     0.01189823    -0.00008348
     0.01619069     0.01604572     0.00014498
     0.02401486     0.02408336    -0.00006850
     0.00832649     0.00824316     0.00008333
     0.00937889     0.00932682     0.00005207
     0.01672994     0.01665084     0.00007910
    -0.01821892    -0.01818173    -0.00003719
    -0.04378470    -0.04377691    -0.00000779
     0.01868138     0.01881594    -0.00013456
    -0.03719258    -0.03727735     0.00008477
     0.00241939     0.00239643     0.00002296
     0.01679454     0.01658718     0.00020736
     0.01581324     0.01593681    -0.00012357
     0.02199358     0.02213374    -0.00014017
     0.00752841     0.00759854    -0.00007013
     0.01998791     0.02020189    -0.00021398
     0.00590977     0.00583912     0.00007065
     0.01338019     0.01353515    -0.00015496
     0.01132671     0.01130957     0.00001714
     0.01658580     0.01643270     0.00015310
     0.01290941     0.01275094     0.00015846
     0.01903246     0.01882398     0.00020848
     0.00582389     0.00581786     0.00000603
     0.01959133     0.01963330    -0.00004198
     0.02472579     0.02469622     0.00002957
     0.01429022     0.01423143     0.00005879
     0.01349320     0.01352786    -0.00003466
     0.02201831     0.02209266    -0.00007435
     0.01791775     0.01781646     0.00010128
     0.01786917     0.01774432     0.00012485
     0.00805579     0.00808737    -0.00003158
    -0.01444914    -0.01449544     0.00004630
    -0.01651342    -0.01644198    -0.00007144
    -0.01651369    -0.01644198    -0.00007172
     0.00274019     0.00294215    -0.00020196
    -0.01057690    -0.01053734    -0.00003956
    -0.00617538    -0.00621775     0.00004237
    -0.02949703    -0.02944549    -0.00005154
    -0.00599236    -0.00599895     0.00000659
    -0.01037418    -0.01042085     0.00004667
    -0.00801764    -0.00807626     0.00005861
     0.01981735     0.01989158    -0.00007424
    -0.00723017    -0.00721311    -0.00001706
     0.00474890     0.00475804    -0.00000914
    -0.01094752    -0.01095534     0.00000782
    -0.00794532    -0.00797022     0.00002490
    -0.01083484    -0.01087281     0.00003797
    -0.01028207    -0.01025985    -0.00002222
    -0.00795430    -0.00799264     0.00003834
    -0.00782316    -0.00787590     0.00005273
     0.03046541     0.03041173     0.00005367
     0.01598206     0.01608635    -0.00010428
     0.01057658     0.01059034    -0.00001376
    -0.00876667    -0.00872243    -0.00004423
    -0.00876694    -0.00872243    -0.00004451
    -0.00793721    -0.00798940     0.00005219
    -0.01048574    -0.01053047     0.00004473
    -0.00654739    -0.00656062     0.00001324
     0.01584560     0.01580241     0.00004319
    -0.00405031    -0.00401096    -0.00003935
    -0.00655792    -0.00657115     0.00001323
    -0.00646311    -0.00646820     0.00000508
     0.00419627     0.00427773    -0.00008146
    -0.00702587    -0.00700171    -0.00002417
    -0.00832358    -0.00831449    -0.00000909
    -0.00944453    -0.00943334    -0.00001118
    -0.00493487    -0.00503678     0.00010191
    -0.00736414    -0.00730020    -0.00006393
    -0.00672086    -0.00672926     0.00000840
    -0.01022517    -0.01027448     0.00004931
    -0.00798447    -0.00802649     0.00004201
     0.01732097     0.01710668     0.00021429
     0.01131795     0.01135489    -0.00003694
    -0.00851882    -0.00856760     0.00004878
    -0.01671179    -0.01673933     0.00002754
    -0.01029507    -0.01034524     0.00005017
    -0.00430601    -0.00429663    -0.00000938
    -0.02179814    -0.02185276     0.00005461
    -0.01481480    -0.01483988     0.00002508
    -0.00744512    -0.00746369     0.00001857
    -0.01221682    -0.01216229    -0.00005454
    -0.01221682    -0.01216229    -0.00005454
    -0.01084537    -0.01080269    -0.00004268
    -0.00771429    -0.00773766     0.00002337
    -0.00949332    -0.00954164     0.00004832
    -0.01325404    -0.01321985    -0.00003419
     0.02332116     0.02311034     0.00021083
    -0.00903168    -0.00906887     0.00003719
     0.00130111     0.00117137     0.00012974
     0.00984029     0.00977578     0.00006451
    -0.01577618    -0.01579136     0.00001518
    -0.00846625    -0.00850091     0.00003466
     0.01878179     0.01844089     0.00034090
    -0.00888648    -0.00893604     0.00004956
     0.01749151     0.01749646    -0.00000495
    -0.00780847    -0.00782995     0.00002148
    -0.00579676    -0.00587978     0.00008302
    -0.01551645    -0.01550094    -0.00001551
    -0.01229566    -0.01232818     0.00003252
    -0.01394788    -0.01392862    -0.00001926
    -0.00837104    -0.00839244     0.00002140
     0.01316808     0.01332734    -0.00015926
    -0.00840990    -0.00843190     0.00002201
    -0.01583284    -0.01586677     0.00003394
    -0.01109977    -0.01114528     0.00004551
    -0.01510531    -0.01511243     0.00000712
    -0.00865929    -0.00868505     0.00002576
    -0.00217457    -0.00227483     0.00010026
     0.02730608     0.02714955     0.00015653
    -0.01532254    -0.01536170     0.00003915
    -0.01073367    -0.01077744     0.00004377
    -0.02764429    -0.02762236    -0.00002193
    -0.01526687    -0.01530034     0.00003348
    -0.02379856    -0.02377202    -0.00002655
     0.01105969     0.01102686     0.00003283
    -0.01374238    -0.01378171     0.00003934
    -0.02578072    -0.02581825     0.00003753
    -0.01119615    -0.01123940     0.00004325
    -0.02538428    -0.02532460    -0.00005968
     0.02454941     0.02461405    -0.00006464
    -0.01445376    -0.01449639     0.00004263
    -0.01145975    -0.01149964     0.00003989
    -0.00852312    -0.00853682     0.00001370
    -0.01395838    -0.01400092     0.00004254
    -0.01107365    -0.01111322     0.00003958
     0.01330242     0.01321558     0.00008684
     0.01932487     0.01925226     0.00007261
    -0.00419197    -0.00421074     0.00001877
     0.00169796     0.00180414    -0.00010618
     0.01246973     0.01242560     0.00004413
     0.01531857     0.01532600    -0.00000743
     0.01767692     0.01768563    -0.00000871
    -0.03156026    -0.03174294     0.00018269
     0.00540938     0.00528865     0.00012072
    -0.03571492    -0.03565615    -0.00005876
     0.03562354     0.03570847    -0.00008493
    -0.02961217    -0.02996775     0.00035558
     0.01667990     0.01685058    -0.00017069
    -0.01262135    -0.01270875     0.00008740
     0.03224960     0.03202086     0.00022874
     0.00421855     0.00429378    -0.00007523
    -0.01105008    -0.01083681    -0.00021327
     0.02758935     0.02750384     0.00008551
     0.02362163     0.02370083    -0.00007919
    -0.03891650    -0.03908571     0.00016921
     0.03236816     0.03247256    -0.00010439
     0.02867261     0.02886349    -0.00019088
    -0.00209245    -0.00215085     0.00005840
     0.02642392     0.02615613     0.00026778
     0.01973557     0.01957790     0.00015767
    -0.02247856    -0.02254953     0.00007097
     0.00737622     0.00713093     0.00024529
    -0.02254278    -0.02262713     0.00008434
     0.00861395     0.00857134     0.00004262
     0.02680221     0.02693519    -0.00013298
    -0.01543770    -0.01541190    -0.00002580
     0.04146887     0.04151282    -0.00004395
     0.05068028     0.05059556     0.00008472
     0.01331020     0.01327891     0.00003130
     0.03245361     0.03248571    -0.00003210
    -0.01665949    -0.01676348     0.00010399
    -0.02598238    -0.02609840     0.00011602
     0.01666836     0.01657737     0.00009099
     0.03278371     0.03258685     0.00019685
     0.02576148     0.02584040    -0.00007892
    -0.01994097    -0.02000624     0.00006527
    -0.04021418    -0.04034976     0.00013557
    -0.02383761    -0.02399632     0.00015871
    -0.02854042    -0.02843909    -0.00010132
     0.01140372     0.01143107    -0.00002735
    -0.02223508    -0.02318179     0.00094671
    -0.02411974    -0.02417897     0.00005923
    -0.03462975    -0.03467028     0.00004052
    -0.03462948    -0.03467028     0.00004080
    -0.02364912    -0.02372246     0.00007334
    -0.02754990    -0.02766280     0.00011290
     0.03440205     0.03444923    -0.00004718
    -0.02154682    -0.02165998     0.00011316
     0.02625140     0.02610611     0.00014528
     0.02866839     0.02870233    -0.00003393
     0.00587728     0.00605923    -0.00018195
     0.03643583     0.03635505     0.00008078
     0.02768056     0.02775918    -0.00007861
    -0.06052406    -0.06043113    -0.00009292
     0.02790675     0.02787564     0.00003110
    -0.00067710    -0.00098845     0.00031135
    -0.02297525    -0.02277222    -0.00020303
    -0.02911967    -0.02922715     0.00010749
     0.02348000     0.02353368    -0.00005368
    -0.02240768    -0.02215122    -0.00025646
    -0.02888276    -0.02892658     0.00004381
    -0.03092664    -0.03103967     0.00011303
    -0.03210171    -0.03198201    -0.00011970
     0.02471526     0.02471098     0.00000428
     0.01633807     0.01627715     0.00006092
     0.02425329     0.02416302     0.00009027
    -0.03069156    -0.03079122     0.00009966
    -0.02089843    -0.02089632    -0.00000211
    -0.02089815    -0.02089632    -0.00000184
     0.02736271     0.02729399     0.00006872
    -0.02647208    -0.02652738     0.00005530
    -0.02761850    -0.02764109     0.00002259
    -0.04656203    -0.04653801    -0.00002402
    -0.03226533    -0.03235480     0.00008947
     0.04305285     0.04297544     0.00007741
    -0.04353865    -0.04381137     0.00027271
     0.04152409     0.04146182     0.00006227
    -0.02251345    -0.02244792    -0.00006553
    -0.02700880    -0.02706169     0.00005289
    -0.04490042    -0.04476891    -0.00013151
    -0.05926243    -0.05920863    -0.00005380
    -0.03384079    -0.03391764     0.00007686
    -0.02532849    -0.02544278     0.00011429
    -0.03593851    -0.03596409     0.00002558
    -0.03593843    -0.03596409     0.00002566
     0.02262597     0.02259615     0.00002982
    -0.02895049    -0.02895439     0.00000389
    -0.03541747    -0.03547955     0.00006208
    -0.03712074    -0.03704028    -0.00008046
    -0.04027146    -0.04015729    -0.00011417
    -0.03869628    -0.03859961    -0.00009667
    -0.03218884    -0.03211201    -0.00007683
    -0.03244220    -0.03251589     0.00007369
     0.04130144     0.04139148    -0.00009003
    -0.03725598    -0.03726553     0.00000955
    -0.03196639    -0.03196927     0.00000288
    -0.03396566    -0.03400423     0.00003857
    -0.03129701    -0.03142096     0.00012395
    -0.03857840    -0.03857274    -0.00000566
    -0.03857840    -0.03857274    -0.00000566
    -0.03990270    -0.03988403    -0.00001867
     0.02487306     0.02480128     0.00007178
     0.03325776     0.03328083    -0.00002307
     0.02086082     0.02080367     0.00005715
     0.03145789     0.03146717    -0.00000928
     0.03471724     0.03487069    -0.00015345
     0.01915045     0.01912374     0.00002671
     0.03052331     0.03041674     0.00010658
    -0.02447749    -0.02454764     0.00007016
     0.03004363     0.03005801    -0.00001438
     0.02170652     0.02170828    -0.00000175
     0.03157378     0.03157619    -0.00000241
     0.03207817     0.03204531     0.00003286
     0.03021931     0.03023827    -0.00001897
    -0.02210452    -0.02224436     0.00013984
    -0.02896932    -0.02902366     0.00005434
     0.02764671     0.02761721     0.00002950
     0.05616743     0.05616556     0.00000187
    -0.01293344    -0.01296509     0.00003165
     0.03123388     0.03118564     0.00004824
     0.02122581     0.02119444     0.00003137
     0.03990411     0.03990407     0.00000004
    -0.03256680    -0.03266732     0.00010051
    -0.01753423    -0.01756950     0.00003527
     0.02230871     0.02219152     0.00011719
    -0.02600962    -0.02606515     0.00005553
     0.02653472     0.02645923     0.00007549
     0.01564187     0.01576857    -0.00012670
     0.03098936     0.03093171     0.00005765
    -0.02628794    -0.02617305    -0.00011489
     0.00171655     0.00151033     0.00020622
    -0.01610688    -0.01586593    -0.00024095
     0.03630557     0.03644865    -0.00014308
     0.02651505     0.02633948     0.00017557
     0.02124412     0.02118606     0.00005806
     0.02546757     0.02540854     0.00005903
     0.01937432     0.01926763     0.00010669
     0.01972975     0.01963556     0.00009419
     0.02674313     0.02655556     0.00018757
    -0.03746532    -0.03756907     0.00010376
    -0.03311087    -0.03296029    -0.00015058
     0.02115274     0.02098961     0.00016313
    -0.01988826    -0.01993701     0.00004875
     0.01896419     0.01887780     0.00008638
     0.04663828     0.04649725     0.00014103
    -0.03589753    -0.03580035    -0.00009718
    -0.01960295    -0.01967181     0.00006887
    -0.01222575    -0.01224895     0.00002320
     0.03633047     0.03637633    -0.00004586
     0.03453636     0.03442836     0.00010801
     0.01436361     0.01431622     0.00004739
     0.01586666     0.01578648     0.00008018
     0.03518381     0.03516338     0.00002042
     0.03280969     0.03283776    -0.00002807
    -0.04660742    -0.04660608    -0.00000134
     0.02306285     0.02291162     0.00015123
    -0.03564686    -0.03559290    -0.00005396
    -0.03307843    -0.03306165    -0.00001678
     0.02123253     0.02115477     0.00007775
     0.02892734     0.02887273     0.00005461
     0.03572368     0.03576144    -0.00003776
     0.02365214     0.02349668     0.00015546
     0.03493368     0.03491035     0.00002333
     0.01339891     0.01331540     0.00008351
     0.03433775     0.03420600     0.00013175
     0.01558385     0.01546408     0.00011977
    -0.01740359    -0.01740501     0.00000143
    -0.01971908    -0.01975911     0.00004003
     0.04015590     0.04006066     0.00009524
     0.02600728     0.02593086     0.00007642
     0.02074302     0.02065652     0.00008651
    -0.02076139    -0.02078873     0.00002734
     0.02053766     0.02050004     0.00003762
     0.03879040     0.03885521    -0.00006481
    -0.02093089    -0.02100082     0.00006993
     0.01911799     0.01904419     0.00007380
     0.02957298     0.02950603     0.00006695
     0.02317450     0.02308977     0.00008472
     0.01647992     0.01632840     0.00015152
     0.02582347     0.02575041     0.00007306
     0.02120053     0.02112412     0.00007640
    -0.02778946    -0.02784919     0.00005972
     0.02606364     0.02599662     0.00006702
     0.01466832     0.01461022     0.00005811
     0.01971783     0.01963929     0.00007854
     0.03407304     0.03398282     0.00009022
    -0.02819342    -0.02825964     0.00006622
     0.03275783     0.03270266     0.00005517
     0.02287615     0.02282021     0.00005594
     0.02458451     0.02446469     0.00011982
    -0.02791417    -0.02791964     0.00000547
     0.02528332     0.02514454     0.00013878
    -0.03271432    -0.03272050     0.00000618
     0.02786748     0.02775522     0.00011226
     0.03294355     0.03286850     0.00007504
    -0.02513951    -0.02529182     0.00015231
    -0.03469950    -0.03464211    -0.00005739
    -0.03515907    -0.03510598    -0.00005309
    -0.04098878    -0.04097964    -0.00000914
    -0.03320965    -0.03318809    -0.00002156
    -0.02740361    -0.02742399     0.00002039
    -0.03530332    -0.03537050     0.00006718
    -0.03530359    -0.03537050     0.00006691
    -0.00568634    -0.00571263     0.00002630
    -0.00344363    -0.00349993     0.00005631
     0.00234097     0.00235085    -0.00000988
     0.00240502     0.00245093    -0.00004590
    -0.00084589    -0.00079356    -0.00005233
     0.00863423     0.00849828     0.00013595
    -0.01458060    -0.01452215    -0.00005844
     0.00184871     0.00192888    -0.00008017
    -0.02570056    -0.02568937    -0.00001118
     0.00483247     0.00485743    -0.00002496
     0.00159157     0.00155957     0.00003199
    -0.00718898    -0.00694775    -0.00024123
    -0.00725039    -0.00722127    -0.00002913
    -0.00891056    -0.00892894     0.00001838
     0.00353636     0.00347350     0.00006286
    -0.04693110    -0.04680388    -0.00012721
     0.00693537     0.00687825     0.00005712
     0.00225460     0.00231174    -0.00005714
    -0.00001820    -0.00001522    -0.00000298
    -0.00611875    -0.00615160     0.00003285
     0.01073010     0.01054754     0.00018256
     0.00197653     0.00205050    -0.00007398
    -0.02529848    -0.02513497    -0.00016351
     0.00237408     0.00240694    -0.00003286
     0.00211190     0.00217819    -0.00006629
    -0.00551997    -0.00534972    -0.00017025
     0.00974742     0.00947290     0.00027452
    -0.02126499    -0.02144996     0.00018497
    -0.03482625    -0.03472415    -0.00010210
    -0.00432302    -0.00442781     0.00010479
    -0.00522927    -0.00546410     0.00023484
    -0.03334119    -0.03342108     0.00007989
    -0.02008116    -0.02009730     0.00001615
    -0.01243386    -0.01240857    -0.00002529
    -0.00127526    -0.00129119     0.00001593
    -0.00153959    -0.00147848    -0.00006112
     0.00494888     0.00496148    -0.00001260
    -0.01455004    -0.01436740    -0.00018264
    -0.00300215    -0.00295519    -0.00004696
    -0.01683343    -0.01697011     0.00013668
     0.00091017     0.00087017     0.00003999
    -0.03577168    -0.03578591     0.00001423
    -0.03579922    -0.03581619     0.00001697
    -0.00132133    -0.00134087     0.00001954
     0.00770115     0.00758527     0.00011587
     0.00338110     0.00333556     0.00004554
    -0.00203340    -0.00216279     0.00012939
     0.02787077     0.02807532    -0.00020455
    -0.00183791    -0.00175514    -0.00008277
    -0.00597548    -0.00612098     0.00014549
     0.00250870     0.00253266    -0.00002396
     0.01868532     0.01859564     0.00008968
    -0.01041053    -0.01040999    -0.00000055
    -0.01866935    -0.01881191     0.00014256
     0.01781962     0.01776671     0.00005291
     0.01777524     0.01765184     0.00012340
    -0.02126641    -0.02119766    -0.00006875
    -0.02050119    -0.02037899    -0.00012221
    -0.03502875    -0.03507319     0.00004444
    -0.00335699    -0.00293018    -0.00042681
     0.00322869     0.00319802     0.00003067
     0.00264650     0.00266133    -0.00001483
    -0.00576802    -0.00571038    -0.00005765
    -0.00301742    -0.00313712     0.00011970
    -0.03123679    -0.03129633     0.00005953
     0.01052142     0.01016781     0.00035361
     0.00307891     0.00306137     0.00001754
    -0.03125824    -0.03131926     0.00006102
     0.00346273     0.00342896     0.00003377
     0.00999066     0.00981317     0.00017749
    -0.01969770    -0.01989344     0.00019574
     0.00278748     0.00279260    -0.00000512
     0.00293184     0.00292609     0.00000575
    -0.01818344    -0.01816510    -0.00001834
    -0.03150363    -0.03144372    -0.00005991
    -0.01190906    -0.01170348    -0.00020558
     0.01704578     0.01693211     0.00011367
    -0.00598887    -0.00622131     0.00023244
    -0.03468137    -0.03463855    -0.00004282
    -0.00755100    -0.00754685    -0.00000415
    -0.02254667    -0.02275839     0.00021171
    -0.00217416    -0.00219025     0.00001608
     0.00662483     0.00635680     0.00026803
     0.03497964     0.03462540     0.00035424
    -0.03240533    -0.03241234     0.00000701
    -0.01491089    -0.01459826    -0.00031263
    -0.03242824    -0.03243681     0.00000856
    -0.03355613    -0.03352141    -0.00003472
    -0.03358046    -0.03354759    -0.00003286
     0.00323508     0.00315381     0.00008127
     0.00578435     0.00577172     0.00001263
    -0.00060181    -0.00047405    -0.00012776
    -0.04753922    -0.04760703     0.00006781
    -0.03519649    -0.03502344    -0.00017305
    -0.00070140    -0.00059181    -0.00010959
    -0.00507933    -0.00479921    -0.00028013
     0.00194629     0.00186588     0.00008041
     0.01850513     0.01827306     0.00023207
    -0.00355315    -0.00353817    -0.00001498
    -0.00280389    -0.00284426     0.00004037
    -0.00120819    -0.00124893     0.00004074
    -0.00120819    -0.00124893     0.00004074
    -0.00289834    -0.00293383     0.00003549
    -0.00351160    -0.00349802    -0.00001358
    -0.00241123    -0.00242870     0.00001747
    -0.00294016    -0.00297272     0.00003256
    -0.00394927    -0.00391344    -0.00003583
    -0.00390347    -0.00384713    -0.00005634
    -0.00351606    -0.00350033    -0.00001574
    -0.00244704    -0.00242831    -0.00001873
     0.00146795     0.00154576    -0.00007781
    -0.00962880    -0.00946888    -0.00015992
    -0.00245675    -0.00243649    -0.00002026
    -0.00257003    -0.00251410    -0.00005593
    -0.00434691    -0.00422195    -0.00012496
    -0.00347993    -0.00342177    -0.00005816
    -0.01404056    -0.01392008    -0.00012048
    -0.00378489    -0.00377870    -0.00000619
     0.01133520     0.01131735     0.00001785
    -0.00344725    -0.00342244    -0.00002481
    -0.00317995    -0.00318829     0.00000834
    -0.00269148    -0.00272125     0.00002977
    -0.00306022    -0.00299584    -0.00006438
    -0.00281317    -0.00284955     0.00003639
    -0.00249449    -0.00248266    -0.00001184
     0.00131964     0.00139744    -0.00007780
     0.00091672     0.00098378    -0.00006706
    -0.00267717    -0.00270467     0.00002751
     0.00122851     0.00130594    -0.00007743
     0.00099308     0.00106448    -0.00007140
     0.00114900     0.00122558    -0.00007658
     0.00114835     0.00122537    -0.00007702
    -0.00276800    -0.00268530    -0.00008270
    -0.00314915    -0.00316357     0.00001442
    -0.00256753    -0.00255187    -0.00001566
    -0.00279763    -0.00282990     0.00003227
    -0.00263156    -0.00257680    -0.00005476
    -0.00263926    -0.00258288    -0.00005638
    -0.00319407    -0.00320908     0.00001501
    -0.00262587    -0.00264640     0.00002053
    -0.00259910    -0.00259926     0.00000016
     0.00330085     0.00338747    -0.00008662
     0.01141226     0.01149224    -0.00007998
     0.00895793     0.00889874     0.00005919
    -0.00364665    -0.00363626    -0.00001039
    -0.00199201    -0.00191670    -0.00007531
    -0.00199201    -0.00191670    -0.00007531
    -0.00358213    -0.00356643    -0.00001570
    -0.00265172    -0.00264997    -0.00000176
    -0.00315358    -0.00314829    -0.00000529
    -0.00081074    -0.00071447    -0.00009627
    -0.00271221    -0.00272413     0.00001191
    -0.00273932    -0.00273338    -0.00000594
    -0.00273959    -0.00273338    -0.00000621
    -0.00257597    -0.00251717    -0.00005880
    -0.00257597    -0.00251717    -0.00005880
     0.00492719     0.00499694    -0.00006974
    -0.00261063    -0.00255722    -0.00005342
    -0.00351892    -0.00349863    -0.00002029
    -0.00296321    -0.00290237    -0.00006084
    -0.00321677    -0.00322337     0.00000660
     0.00236396     0.00237454    -0.00001058
    -0.00264465    -0.00259678    -0.00004786
     0.00456678     0.00461275    -0.00004598
    -0.00285145    -0.00286008     0.00000863
    -0.00308757    -0.00308469    -0.00000288
    -0.00346673    -0.00345546    -0.00001127
    -0.00288784    -0.00285887    -0.00002897
    -0.00306397    -0.00306056    -0.00000341
    -0.00293750    -0.00292389    -0.00001361
    -0.00332316    -0.00328456    -0.00003860
    -0.00271240    -0.00267418    -0.00003822
    -0.00311361    -0.00312013     0.00000652
    -0.00300240    -0.00295563    -0.00004677
    -0.00291763    -0.00288871    -0.00002893
     0.03424629     0.03449929    -0.00025300
    -0.00324398    -0.00320232    -0.00004166
    -0.00303366    -0.00303692     0.00000326
    -0.00217294    -0.00212135    -0.00005159
    -0.00217294    -0.00212135    -0.00005159
    -0.00307551    -0.00304842    -0.00002709
    -0.00342896    -0.00341113    -0.00001783
     0.02777325     0.02797065    -0.00019740
    -0.00335032    -0.00333415    -0.00001617
    -0.00262895    -0.00262668    -0.00000227
    -0.00262895    -0.00262668    -0.00000227
    -0.00296310    -0.00295019    -0.00001291
    -0.00307834    -0.00305506    -0.00002329
     0.00579853     0.00579047     0.00000806
    -0.00330665    -0.00328433    -0.00002231
    -0.00316466    -0.00313875    -0.00002591
    -0.00234271    -0.00231369    -0.00002902
    -0.00234271    -0.00231369    -0.00002902
    -0.00249928    -0.00248489    -0.00001440
    -0.00249928    -0.00248489    -0.00001440
     0.00297902     0.00303397    -0.00005495
     0.00269069     0.00271225    -0.00002156
     0.01771992     0.01778956    -0.00006965
    -0.00131684    -0.00156845     0.00025161
    -0.00035742    -0.00062707     0.00026965
    -0.00095049    -0.00120098     0.00025049
    -0.00961487    -0.00955312    -0.00006176
    -0.00047582    -0.00075654     0.00028073
     0.02001585     0.01993603     0.00007982
    -0.00098432    -0.00124022     0.00025590
    -0.00128255    -0.00156953     0.00028698
    -0.00113828    -0.00138924     0.00025096
    -0.00774197    -0.00771152    -0.00003044
    -0.00136468    -0.00163353     0.00026885
    -0.00144209    -0.00172264     0.00028054
    -0.00102946    -0.00129602     0.00026655
     0.04744308     0.04746223    -0.00001915
    -0.02068944    -0.02064932    -0.00004013
    -0.00981879    -0.00978413    -0.00003467
    -0.00952782    -0.00954936     0.00002153
     0.04726871     0.04736501    -0.00009631
     0.05296786     0.05287936     0.00008850
    -0.00117882    -0.00143691     0.00025808
    -0.00122666    -0.00151244     0.00028577
    -0.00104519    -0.00131269     0.00026751
    -0.01192327    -0.01188477    -0.00003850
     0.04154210     0.04153027     0.00001183
    -0.00112642    -0.00140417     0.00027776
    -0.01722821    -0.01731738     0.00008918
    -0.00126288    -0.00153128     0.00026840
    -0.00114748    -0.00142947     0.00028199
    -0.00131279    -0.00160143     0.00028864
    -0.00131396    -0.00159103     0.00027707
    -0.00647990    -0.00647825    -0.00000165
    -0.00108029    -0.00134577     0.00026548
    -0.00932434    -0.00927651    -0.00004783
    -0.02273764    -0.02258299    -0.00015465
    -0.01528200    -0.01547159     0.00018960
    -0.03335351    -0.03341673     0.00006322
    -0.00691052    -0.00697177     0.00006125
    -0.00124405    -0.00153118     0.00028713
     0.02376681     0.02377514    -0.00000834
    -0.01162397    -0.01154997    -0.00007400
     0.02843057     0.02863620    -0.00020564
    -0.02503295    -0.02493015    -0.00010280
    -0.00709131    -0.00707155    -0.00001977
    -0.01010873    -0.01009404    -0.00001469
    -0.00119613    -0.00147859     0.00028246
    -0.01108249    -0.01105382    -0.00002867
    -0.00646798    -0.00652479     0.00005681
    -0.03433086    -0.03439262     0.00006176
     0.04410914     0.04414519    -0.00003605
    -0.00661419    -0.00661793     0.00000374
    -0.00789794    -0.00787068    -0.00002726
    -0.00702680    -0.00700736    -0.00001944
    -0.01649824    -0.01677333     0.00027509
     0.04527621     0.04532513    -0.00004892
    -0.03938783    -0.03937363    -0.00001420
    -0.01308639    -0.01303174    -0.00005466
    -0.01208904    -0.01210497     0.00001594
    -0.00820505    -0.00816113    -0.00004391
    -0.00637976    -0.00641716     0.00003740
    -0.00794172    -0.00797112     0.00002940
     0.04266253     0.04268514    -0.00002261
     0.03810435     0.03784773     0.00025662
     0.00309274     0.00313171    -0.00003897
     0.04618899     0.04629907    -0.00011008
    -0.00997798    -0.00991993    -0.00005805
    -0.01211886    -0.01211179    -0.00000707
    -0.01211886    -0.01211179    -0.00000707
    -0.03430373    -0.03414041    -0.00016332
    -0.01099971    -0.01102564     0.00002593
     0.00816872     0.00816737     0.00000135
    -0.01011202    -0.01010239    -0.00000963
    -0.00695749    -0.00697246     0.00001498
    -0.01110118    -0.01115566     0.00005448
    -0.01951658    -0.01951977     0.00000319
    -0.00853839    -0.00856275     0.00002436
    -0.00864925    -0.00866986     0.00002061
    -0.02436752    -0.02447956     0.00011203
    -0.01132573    -0.01134386     0.00001813
    -0.01132573    -0.01134386     0.00001813
    -0.01992652    -0.02016136     0.00023484
    -0.00881687    -0.00880813    -0.00000874
    -0.01402132    -0.01403108     0.00000976
    -0.01357987    -0.01360526     0.00002539
     0.03720613     0.03695528     0.00025084
     0.03762962     0.03741636     0.00021326
    -0.03615060    -0.03607042    -0.00008018
    -0.02020007    -0.02032984     0.00012977
    -0.01334618    -0.01364021     0.00029403
    -0.01731229    -0.01730916    -0.00000313
     0.04699355     0.04696977     0.00002377
    -0.03443312    -0.03457222     0.00013909
    -0.03185000    -0.03194088     0.00009087
     0.03303740     0.03308504    -0.00004764
    -0.01804548    -0.01809448     0.00004901
     0.02081181     0.02076546     0.00004635
     0.05077204     0.05087989    -0.00010785
    -0.01702682    -0.01684098    -0.00018583
    -0.05031954    -0.05029996    -0.00001958
     0.01607913     0.01628132    -0.00020219
    -0.02464103    -0.02458446    -0.00005657
    -0.02075037    -0.02098638     0.00023602
    -0.00206371    -0.00214520     0.00008149
    -0.00194507    -0.00202438     0.00007931
     0.04489479     0.04496579    -0.00007100
     0.01038182     0.01061680    -0.00023497
     0.03749231     0.03741008     0.00008223
     0.02481050     0.02510947    -0.00029897
     0.02023014     0.02031878    -0.00008864
    -0.00373838    -0.00376144     0.00002306
     0.01270091     0.01260194     0.00009898
    -0.00898721    -0.00897492    -0.00001230
    -0.00904920    -0.00903712    -0.00001208
     0.03705557     0.03700775     0.00004782
    -0.00244094    -0.00251506     0.00007412
    -0.00206219    -0.00214255     0.00008036
     0.03697562     0.03687637     0.00009925
     0.02895947     0.02879958     0.00015989
     0.02990360     0.02998719    -0.00008359
    -0.03286452    -0.03293538     0.00007085
     0.02261666     0.02258220     0.00003446
     0.02937616     0.02935042     0.00002574
     0.04018376     0.04035328    -0.00016952
     0.02832362     0.02821625     0.00010737
    -0.00875066    -0.00874604    -0.00000462
     0.03888994     0.03883661     0.00005333
    -0.00505517    -0.00512535     0.00007018
    -0.02594543    -0.02573018    -0.00021525
    -0.00840070    -0.00839791    -0.00000279
     0.03947044     0.03927436     0.00019608
     0.04584670     0.04591890    -0.00007220
     0.02866058     0.02866366    -0.00000307
     0.02392561     0.02409024    -0.00016463
     0.03063605     0.03056079     0.00007526
    -0.03156796    -0.03155724    -0.00001072
     0.03040894     0.03041979    -0.00001085
    -0.00300963    -0.00310236     0.00009272
    -0.00852639    -0.00854583     0.00001944
    -0.00264312    -0.00269119     0.00004807
    -0.00867453    -0.00868323     0.00000871
     0.03809553     0.03798519     0.00011034
    -0.00286419    -0.00293359     0.00006940
    -0.00573469    -0.00578589     0.00005120
    -0.02370593    -0.02378964     0.00008370
    -0.00241890    -0.00250573     0.00008683
    -0.00279227    -0.00288810     0.00009583
    -0.00979136    -0.00994575     0.00015439
    -0.00826097    -0.00827709     0.00001612
     0.02928462     0.02937082    -0.00008620
     0.03035414     0.03031879     0.00003534
    -0.00715230    -0.00719605     0.00004375
     0.04677580     0.04685279    -0.00007699
     0.03288148     0.03278298     0.00009850
     0.03387434     0.03396072    -0.00008639
     0.03607892     0.03606712     0.00001181
     0.04052543     0.04034319     0.00018224
    -0.00474787    -0.00478931     0.00004144
     0.04473628     0.04471147     0.00002481
    -0.00266936    -0.00275584     0.00008648
    -0.00662347    -0.00664699     0.00002352
    -0.00517408    -0.00521059     0.00003651
    -0.00533528    -0.00537014     0.00003485
    -0.00696987    -0.00699524     0.00002537
    -0.00368148    -0.00374294     0.00006146
     0.02671456     0.02679795    -0.00008339
    -0.00318817    -0.00326344     0.00007527
    -0.00310362    -0.00318471     0.00008108
    -0.00405583    -0.00413814     0.00008231
     0.04768287     0.04776776    -0.00008489
    -0.00346850    -0.00352305     0.00005455
     0.03276890     0.03271271     0.00005619
     0.03679012     0.03667321     0.00011691
     0.02344634     0.02329721     0.00014913
    -0.00581638    -0.00587441     0.00005803
     0.02941227     0.02951821    -0.00010594
     0.02409911     0.02420983    -0.00011071
     0.03045659     0.03070283    -0.00024624
    -0.00448933    -0.00454498     0.00005564
    -0.00379011    -0.00386148     0.00007137
    -0.00499408    -0.00506471     0.00007063
     0.04155005     0.04139042     0.00015963
    -0.00416925    -0.00424266     0.00007341
    -0.00561074    -0.00566096     0.00005022
    -0.00460621    -0.00466884     0.00006263
    -0.00463951    -0.00470114     0.00006162
    -0.00482526    -0.00488461     0.00005936
     0.03629765     0.03608346     0.00021419
    -0.02625651    -0.02635263     0.00009611
     0.03079159     0.03097597    -0.00018438
     0.03452009     0.03439294     0.00012716
     0.04867733     0.04872087    -0.00004354
     0.01915404     0.01932527    -0.00017123
     0.02469488     0.02479438    -0.00009950
     0.03596782     0.03583805     0.00012977
     0.03032385     0.03046079    -0.00013694
    -0.00439352    -0.00436655    -0.00002697
     0.03724022     0.03710415     0.00013608
    -0.02521208    -0.02516461    -0.00004747
     0.03311443     0.03326031    -0.00014587
    -0.01013496    -0.01017204     0.00003708
    -0.00522404    -0.00540929     0.00018525
     0.00163159     0.00140152     0.00023008
    -0.01203366    -0.01199381    -0.00003986
    -0.00989474    -0.00989924     0.00000450
    -0.00061280    -0.00070508     0.00009228
    -0.02059877    -0.02046264    -0.00013613
    -0.01104975    -0.01103412    -0.00001563
    -0.01242330    -0.01244403     0.00002072
    -0.01538461    -0.01543746     0.00005285
    -0.05054069    -0.05047118    -0.00006951
    -0.03247918    -0.03250955     0.00003037
    -0.02413729    -0.02418494     0.00004765
     0.00965076     0.00957308     0.00007769
     0.00192692     0.00184618     0.00008074
     0.00546478     0.00540891     0.00005588
     0.01153268     0.01148572     0.00004695
    -0.02399476    -0.02409463     0.00009988
    -0.02123340    -0.02130348     0.00007008
     0.00792962     0.00793740    -0.00000779
    -0.00672676    -0.00678478     0.00005802
    -0.00454827    -0.00452295    -0.00002533
    -0.00620860    -0.00618147    -0.00002714
    -0.02296132    -0.02304286     0.00008154
    -0.00597842    -0.00595709    -0.00002133
    -0.01063252    -0.01067989     0.00004736
    -0.00063052    -0.00063559     0.00000507
    -0.00351620    -0.00345231    -0.00006389
    -0.01302927    -0.01299540    -0.00003387
    -0.01148266    -0.01145539    -0.00002727
    -0.02507186    -0.02502570    -0.00004616
    -0.01178250    -0.01191296     0.00013046
     0.01768381     0.01765149     0.00003232
    -0.02010339    -0.02022067     0.00011728
    -0.00203351    -0.00228462     0.00025111
     0.00913222     0.00904752     0.00008470
    -0.01819021    -0.01815486    -0.00003535
    -0.02224811    -0.02222646    -0.00002165
    -0.00671917    -0.00701734     0.00029817
    -0.01800961    -0.01804098     0.00003137
     0.00137676     0.00133683     0.00003993
    -0.01299118    -0.01297052    -0.00002065
    -0.00911535    -0.00921513     0.00009978
    -0.02117672    -0.02115393    -0.00002279
     0.00159617     0.00163692    -0.00004075
    -0.00582076    -0.00589192     0.00007116
    -0.00314289    -0.00325706     0.00011417
    -0.00481954    -0.00488480     0.00006526
    -0.01120159    -0.01118822    -0.00001338
     0.00220820     0.00223094    -0.00002273
    -0.00493917    -0.00509243     0.00015326
    -0.01363641    -0.01371766     0.00008125
    -0.00622093    -0.00613234    -0.00008859
    -0.02333545    -0.02340669     0.00007124
    -0.02739748    -0.02738586    -0.00001163
    -0.00728862    -0.00730293     0.00001431
    -0.01559781    -0.01560803     0.00001022
    -0.00983218    -0.00972209    -0.00011009
    -0.02037643    -0.02052113     0.00014470
     0.00053468     0.00059737    -0.00006269
    -0.00223795    -0.00228881     0.00005086
     0.01264304     0.01254494     0.00009810
     0.00891246     0.00879053     0.00012193
    -0.01154310    -0.01163458     0.00009148
    -0.00439894    -0.00446834     0.00006940
    -0.04467176    -0.04459529    -0.00007648
    -0.00998663    -0.01019864     0.00021201
    -0.00616550    -0.00624436     0.00007886
    -0.00780591    -0.00780247    -0.00000344
    -0.01571977    -0.01583137     0.00011160
    -0.00881181    -0.00890086     0.00008905
    -0.01661269    -0.01666933     0.00005664
    -0.02419299    -0.02424563     0.00005264
    -0.01474174    -0.01479383     0.00005208
    -0.00159385    -0.00168801     0.00009416
    -0.02144127    -0.02145441     0.00001314
    -0.00291301    -0.00286780    -0.00004520
    -0.01141673    -0.01157295     0.00015623
    -0.00898944    -0.00900369     0.00001424
    -0.00187353    -0.00193962     0.00006608
    -0.01279406    -0.01285430     0.00006024
    -0.01305140    -0.01312427     0.00007287
    -0.02349766    -0.02348603    -0.00001163
    -0.00123281    -0.00114921    -0.00008360
    -0.01761847    -0.01769712     0.00007865
    -0.00710035    -0.00716060     0.00006025
    -0.00283907    -0.00291067     0.00007159
    -0.01157251    -0.01152981    -0.00004271
    -0.00457388    -0.00456148    -0.00001240
    -0.01721645    -0.01724018     0.00002372
    -0.00066578    -0.00056632    -0.00009946
    -0.01309605    -0.01319524     0.00009919
    -0.00272778    -0.00277818     0.00005040
     0.00568759     0.00561008     0.00007751
    -0.01454008    -0.01453489    -0.00000518
    -0.01589559    -0.01591842     0.00002283
    -0.00446427    -0.00448431     0.00002003
    -0.01544627    -0.01553744     0.00009117
    -0.00310436    -0.00322458     0.00012023
    -0.00943329    -0.00955055     0.00011726
    -0.01398649    -0.01401427     0.00002778
    -0.02296943    -0.02305192     0.00008249
    -0.00848301    -0.00842990    -0.00005312
    -0.00256960    -0.00247588    -0.00009372
    -0.00075691    -0.00064933    -0.00010758
    -0.00075691    -0.00064933    -0.00010758
    -0.01214425    -0.01218121     0.00003696
    -0.01214425    -0.01218121     0.00003696
    -0.00600493    -0.00589771    -0.00010722
    -0.00697251    -0.00674352    -0.00022899
    -0.00107621    -0.00099390    -0.00008231
    -0.01137235    -0.01139062     0.00001828
    -0.01137235    -0.01139062     0.00001828
    -0.00367332    -0.00342416    -0.00024916
    -0.00127978    -0.00122396    -0.00005582
    -0.00064118    -0.00058904    -0.00005215
    -0.00064118    -0.00058904    -0.00005215
    -0.01174794    -0.01177639     0.00002845
    -0.01174794    -0.01177639     0.00002844
    -0.00164305    -0.00155306    -0.00008999
    -0.00120590    -0.00115076    -0.00005514
    -0.00122615    -0.00117036    -0.00005579
    -0.00109852    -0.00101440    -0.00008413
    -0.00112974    -0.00105758    -0.00007216
    -0.00112974    -0.00105758    -0.00007216
    -0.00122506    -0.00115447    -0.00007058
    -0.00116748    -0.00110895    -0.00005852
    -0.02018405    -0.02008494    -0.00009911
    -0.00120612    -0.00113457    -0.00007154
    -0.00050861    -0.00041497    -0.00009364
    -0.00050861    -0.00041497    -0.00009364
    -0.03784497    -0.03786716     0.00002219
    -0.04141734    -0.04133321    -0.00008412
     0.01624218     0.01611133     0.00013084
    -0.00454180    -0.00442241    -0.00011939
    -0.00173157    -0.00160572    -0.00012585
    -0.00513612    -0.00506087    -0.00007526
    -0.00170177    -0.00157685    -0.00012492
    -0.00120838    -0.00115009    -0.00005828
    -0.00062684    -0.00052467    -0.00010217
    -0.00062684    -0.00052467    -0.00010217
    -0.00803805    -0.00798903    -0.00004902
     0.00443894     0.00440664     0.00003230
     0.00988984     0.00984814     0.00004171
    -0.00173802    -0.00162559    -0.00011243
    -0.00107681    -0.00097256    -0.00010425
    -0.00164637    -0.00152467    -0.00012170
    -0.00797481    -0.00792408    -0.00005073
    -0.03058138    -0.03042544    -0.00015594
     0.00852799     0.00860349    -0.00007550
     0.03256468     0.03261077    -0.00004609
    -0.00175127    -0.00167709    -0.00007418
    -0.00117586    -0.00108483    -0.00009103
    -0.00157973    -0.00146268    -0.00011705
    -0.00118770    -0.00109536    -0.00009234
    -0.00078750    -0.00072545    -0.00006205
    -0.00078750    -0.00072545    -0.00006205
    -0.00156289    -0.00144711    -0.00011577
     0.00222635     0.00227013    -0.00004378
    -0.00134307    -0.00126867    -0.00007440
    -0.00543972    -0.00536920    -0.00007052
    -0.00145320    -0.00134318    -0.00011002
    -0.00152664    -0.00141566    -0.00011099
     0.00076905     0.00063560     0.00013345
    -0.00141989    -0.00132567    -0.00009422
    -0.00095294    -0.00088116    -0.00007178
    -0.00095294    -0.00088116    -0.00007178
    -0.00129572    -0.00120618    -0.00008954
    -0.00135211    -0.00124653    -0.00010557
    -0.00142030    -0.00131203    -0.00010827
    -0.00585347    -0.00579173    -0.00006174
    -0.00749246    -0.00744233    -0.00005014
    -0.00156885    -0.00145972    -0.00010912
    -0.04563515    -0.04557008    -0.00006508
    -0.00580533    -0.00574130    -0.00006403
     0.01796515     0.01797755    -0.00001240
    -0.00130985    -0.00120712    -0.00010273
    -0.00703480    -0.00698386    -0.00005094
    -0.00619247    -0.00613401    -0.00005846
    -0.00665416    -0.00660174    -0.00005242
     0.02060914     0.02060078     0.00000836
    -0.00660159    -0.00654798    -0.00005361
    -0.00146963    -0.00139596    -0.00007367
    -0.00159769    -0.00151583    -0.00008186
    -0.05232309    -0.05226663    -0.00005646
     0.01324775     0.01324474     0.00000302
     0.00553044     0.00540081     0.00012963
    -0.00335397    -0.00325774    -0.00009623
     0.01704083     0.01699543     0.00004540
     0.01012674     0.01003850     0.00008824
     0.00379319     0.00361394     0.00017924
     0.01728111     0.01729236    -0.00001125
    -0.04089224    -0.04084735    -0.00004489
    -0.01756095    -0.01769950     0.00013855
    -0.03008572    -0.02998031    -0.00010542
     0.01538203     0.01540158    -0.00001956
     0.00240002     0.00227481     0.00012521
    -0.03812753    -0.03814659     0.00001905
    -0.02571152    -0.02568902    -0.00002250
    -0.02530814    -0.02536644     0.00005830
    -0.05329598    -0.05339607     0.00010010
    -0.06441868    -0.06444372     0.00002504
    -0.00109395    -0.00119164     0.00009769
    -0.00195247    -0.00182020    -0.00013227
    -0.00060409    -0.00070118     0.00009709
    -0.00060409    -0.00070118     0.00009709
     0.01555569     0.01566989    -0.00011420
     0.04594977     0.04570070     0.00024908
     0.02542199     0.02551072    -0.00008872
    -0.04559877    -0.04551869    -0.00008009
     0.03060701     0.03094656    -0.00033954
    -0.00082600    -0.00070381    -0.00012220
    -0.00082600    -0.00070381    -0.00012220
    -0.00082600    -0.00070381    -0.00012220
    -0.00082600    -0.00070381    -0.00012220
    -0.00082600    -0.00070381    -0.00012220
    -0.00082600    -0.00070381    -0.00012220
    -0.00082600    -0.00070381    -0.00012220
    -0.00082600    -0.00070381    -0.00012220
    -0.00082600    -0.00070381    -0.00012220
    -0.00082600    -0.00070381    -0.00012220
    -0.00082600    -0.00070381    -0.00012220
    -0.00082600    -0.00070381    -0.00012220
     0.02111497     0.02126136    -0.00014639
     0.03744744     0.03779227    -0.00034483
    -0.00094938    -0.00103165     0.00008227
    -0.00037693    -0.00046458     0.00008765
    -0.00037693    -0.00046458     0.00008765
    -0.00091294    -0.00103438     0.00012144
     0.02378017     0.02387985    -0.00009969
    -0.00186991    -0.00174395    -0.00012596
    -0.00083569    -0.00092626     0.00009057
    -0.00080984    -0.00090205     0.00009221
    -0.00057372    -0.00066589     0.00009217
    -0.01058251    -0.01070879     0.00012628
     0.01789464     0.01803179    -0.00013715
     0.00880419     0.00890744    -0.00010325
    -0.00175592    -0.00162517    -0.00013075
     0.01222629     0.01232497    -0.00009867
     0.01042969     0.01056530    -0.00013561
     0.02916195     0.02931320    -0.00015125
    -0.00096100    -0.00105158     0.00009058
    -0.00047103    -0.00059851     0.00012748
    -0.00052959    -0.00062883     0.00009924
    -0.00052959    -0.00062883     0.00009924
    -0.00045340    -0.00054827     0.00009488
    -0.00045340    -0.00054827     0.00009488
    -0.00117757    -0.00130346     0.00012588
     0.01146895     0.01165851    -0.00018957
     0.01955157     0.01966315    -0.00011158
    -0.00100211    -0.00109429     0.00009217
    -0.00059560    -0.00069162     0.00009602
     0.01568715     0.01578703    -0.00009988
     0.02890238     0.02897446    -0.00007208
    -0.00097847    -0.00107102     0.00009255
    -0.00014936    -0.00024955     0.00010019
     0.01611858     0.01622571    -0.00010713
    -0.00060714    -0.00070469     0.00009755
     0.02626838     0.02653474    -0.00026636
     0.02742799     0.02763316    -0.00020517
    -0.00089730    -0.00102058     0.00012328
    -0.00084698    -0.00094694     0.00009996
    -0.00119605    -0.00130331     0.00010726
    -0.00101430    -0.00111525     0.00010095
    -0.00099580    -0.00109512     0.00009932
    -0.00110500    -0.00122294     0.00011794
     0.01596824     0.01610772    -0.00013948
     0.03284403     0.03266125     0.00018279
     0.03284667     0.03266384     0.00018284
    -0.00117757    -0.00128754     0.00010997
    -0.00088252    -0.00100708     0.00012456
    -0.00108035    -0.00119757     0.00011722
     0.02389973     0.02410088    -0.00020115
    -0.00111999    -0.00122696     0.00010697
     0.00778186     0.00755313     0.00022873
    -0.00020923    -0.00031833     0.00010911
    -0.00067639    -0.00078497     0.00010858
    -0.00086603    -0.00099065     0.00012462
    -0.00086595    -0.00099065     0.00012470
    -0.00043435    -0.00056711     0.00013276
    -0.00068801    -0.00079849     0.00011048
    -0.00085672    -0.00098146     0.00012474
     0.02784715     0.02805593    -0.00020878
    -0.00069925    -0.00081199     0.00011274
    -0.00069922    -0.00081199     0.00011277
     0.00057827     0.00035705     0.00022122
    -0.00071090    -0.00082544     0.00011454
    -0.00086992    -0.00098664     0.00011672
    -0.00072271    -0.00083882     0.00011611
    -0.00081517    -0.00093940     0.00012423
    -0.00074625    -0.00086524     0.00011900
    -0.00094475    -0.00106327     0.00011852
    -0.00026656    -0.00038823     0.00012166
    -0.00111126    -0.00124777     0.00013651
    -0.00038559    -0.00051747     0.00013188
    -0.00108530    -0.00121833     0.00013303
    -0.00032577    -0.00045603     0.00013026
    -0.00102078    -0.00115158     0.00013080
    -0.00098492    -0.00111393     0.00012901
    -0.00108255    -0.00122117     0.00013862
     0.02275634     0.02270007     0.00005627
    -0.00105939    -0.00120330     0.00014391
    -0.00111648    -0.00098058    -0.00013590
    -0.00186711    -0.00212613     0.00025902
    -0.01140339    -0.01134391    -0.00005948
    -0.00178765    -0.00206473     0.00027708
     0.04082715     0.04062334     0.00020381
    -0.00164901    -0.00193356     0.00028455
    -0.00066401    -0.00091965     0.00025564
    -0.00066401    -0.00091965     0.00025564
    -0.00066401    -0.00091965     0.00025564
    -0.00066401    -0.00091965     0.00025564
    -0.00066401    -0.00091965     0.00025564
    -0.00066401    -0.00091965     0.00025564
    -0.00066401    -0.00091965     0.00025564
    -0.00137758    -0.00124389    -0.00013368
    -0.00066374    -0.00091965     0.00025591
    -0.00066374    -0.00091965     0.00025591
    -0.00066374    -0.00091965     0.00025591
    -0.00066374    -0.00091965     0.00025591
    -0.00066374    -0.00091965     0.00025591
    -0.00147769    -0.00173236     0.00025467
    -0.00083163    -0.00109244     0.00026081
    -0.00083136    -0.00109244     0.00026108
    -0.00083136    -0.00109244     0.00026108
    -0.00083136    -0.00109244     0.00026108
    -0.00083136    -0.00109244     0.00026108
    -0.00083136    -0.00109244     0.00026108
    -0.00083136    -0.00109244     0.00026108
    -0.00083136    -0.00109244     0.00026108
    -0.00083136    -0.00109244     0.00026108
    -0.00083136    -0.00109244     0.00026108
    -0.00083136    -0.00109244     0.00026108
    -0.00083136    -0.00109244     0.00026108
    -0.00145004    -0.00170847     0.00025843
    -0.00101722    -0.00128290     0.00026568
    -0.00101722    -0.00128290     0.00026568
    -0.00101722    -0.00128290     0.00026568
    -0.00101722    -0.00128290     0.00026568
    -0.00101722    -0.00128290     0.00026568
    -0.00101722    -0.00128290     0.00026568
    -0.00101722    -0.00128290     0.00026568
    -0.00101722    -0.00128290     0.00026568
    -0.00101722    -0.00128290     0.00026568
    -0.00101722    -0.00128290     0.00026568
    -0.00101722    -0.00128290     0.00026568
    -0.00101722    -0.00128290     0.00026568
    -0.00132870    -0.00120676    -0.00012194
     0.03545366     0.03531512     0.00013854
    -0.00150874    -0.00176933     0.00026059
    -0.00142816    -0.00169319     0.00026502
     0.02087829     0.02108217    -0.00020388
    -0.03027961    -0.03033621     0.00005661
    -0.01507748    -0.01512402     0.00004655
     0.03626197     0.03613013     0.00013185
     0.02975892     0.02966727     0.00009165
    -0.00158286    -0.00185264     0.00026978
    -0.04705929    -0.04714491     0.00008562
    -0.00147195    -0.00134489    -0.00012706
     0.02807203     0.02773872     0.00033331
    -0.02810754    -0.02806184    -0.00004570
     0.03044105     0.03014344     0.00029761
     0.02496721     0.02483739     0.00012981
     0.01576840     0.01571311     0.00005529
    -0.00071215    -0.00056422    -0.00014793
    -0.00071215    -0.00056422    -0.00014793
    -0.00060850    -0.00046076    -0.00014775
     0.03749612     0.03733478     0.00016134
    -0.00060877    -0.00046076    -0.00014802
    -0.01871474    -0.01873226     0.00001752
    -0.00131151    -0.00116235    -0.00014916
     0.03636990     0.03617327     0.00019663
     0.01922648     0.01900135     0.00022513
    -0.00154683    -0.00140177    -0.00014506
     0.02409862     0.02381643     0.00028219
    -0.00145913    -0.00130934    -0.00014978
    -0.01189970    -0.01193049     0.00003079
     0.01018996     0.01019081    -0.00000086
    -0.00110633    -0.00118569     0.00007935
    -0.03021460    -0.03015693    -0.00005767
    -0.00066711    -0.00050818    -0.00015893
    -0.00066711    -0.00050818    -0.00015893
    -0.00070431    -0.00054379    -0.00016052
    -0.00070431    -0.00054379    -0.00016052
    -0.02382090    -0.02389557     0.00007466
    -0.00138852    -0.00122869    -0.00015982
    -0.00814437    -0.00905845     0.00091408
    -0.01453951    -0.01453798    -0.00000152
     0.03063091     0.03037944     0.00025146
     0.02508060     0.02491501     0.00016559
    -0.02736682    -0.02742111     0.00005429
     0.03601873     0.03584152     0.00017721
     0.03410408     0.03391398     0.00019010
     0.02895757     0.02880444     0.00015312
     0.03009152     0.02986933     0.00022219
    -0.02326995    -0.02331432     0.00004436
     0.02653698     0.02644040     0.00009658
     0.02757645     0.02755105     0.00002540
    -0.02360656    -0.02354578    -0.00006078
    -0.04658132    -0.04659043     0.00000911
     0.02965636     0.02961989     0.00003646
    -0.03456869    -0.03448369    -0.00008501
    -0.00067841    -0.00061774    -0.00006067
     0.02288614     0.02271434     0.00017179
    -0.03035142    -0.03026165    -0.00008977
    -0.00066763    -0.00067978     0.00001215
    -0.00631878    -0.00638689     0.00006810
    -0.00072001    -0.00064937    -0.00007064
    -0.00125722    -0.00130725     0.00005003
    -0.05094361    -0.05058650    -0.00035710
    -0.00432778    -0.00439569     0.00006790
    -0.00072113    -0.00065280    -0.00006833
    -0.00115376    -0.00118356     0.00002980
    -0.00121093    -0.00125657     0.00004564
    -0.01042302    -0.01076422     0.00034120
    -0.00954839    -0.00984677     0.00029838
    -0.00070409    -0.00063691    -0.00006718
    -0.00966750    -0.00997756     0.00031006
    -0.00069253    -0.00072413     0.00003160
    -0.00071008    -0.00064262    -0.00006746
    -0.00122008    -0.00128599     0.00006592
     0.03386528     0.03361544     0.00024983
    -0.00062246    -0.00068525     0.00006279
    -0.00043269    -0.00045403     0.00002134
    -0.00949296    -0.00980116     0.00030820
    -0.00080772    -0.00083343     0.00002572
    -0.00096962    -0.00096615    -0.00000347
    -0.00114729    -0.00114129    -0.00000600
     0.02823255     0.02816323     0.00006931
    -0.00127611    -0.00128736     0.00001126
    -0.00480749    -0.00486434     0.00005685
    -0.00007889    -0.00007887    -0.00000001
    -0.00062769    -0.00065237     0.00002469
    -0.00090690    -0.00090867     0.00000177
    -0.00085495    -0.00084851    -0.00000644
    -0.00092628    -0.00096443     0.00003815
     0.01209541     0.01218143    -0.00008603
    -0.00117428    -0.00119363     0.00001935
    -0.00422650    -0.00429028     0.00006378
    -0.02248262    -0.02241691    -0.00006571
    -0.00053775    -0.00053278    -0.00000497
    -0.00092241    -0.00090919    -0.00001322
    -0.00716974    -0.00722226     0.00005252
    -0.00125216    -0.00128026     0.00002811
    -0.04255039    -0.04253540    -0.00001499
    -0.03918372    -0.03926910     0.00008538
    -0.00044665    -0.00045622     0.00000957
    -0.00044665    -0.00045622     0.00000957
    -0.00789737    -0.00796146     0.00006409
    -0.00056945    -0.00060656     0.00003711
    -0.00067982    -0.00070335     0.00002352
    -0.00067982    -0.00070335     0.00002352
     0.02845925     0.02823509     0.00022415
    -0.00111265    -0.00112903     0.00001638
    -0.00091174    -0.00090892    -0.00000282
    -0.00102601    -0.00111594     0.00008994
     0.00006827     0.00004011     0.00002817
    -0.00081762    -0.00082814     0.00001052
    -0.05407624    -0.05450754     0.00043131
    -0.00091311    -0.00093687     0.00002377
    -0.00099507    -0.00104909     0.00005403
    -0.00092472    -0.00100696     0.00008224
    -0.01015153    -0.01006491    -0.00008662
    -0.04204690    -0.04197944    -0.00006745
    -0.00026621    -0.00031129     0.00004508
    -0.00063144    -0.00065007     0.00001863
    -0.00063141    -0.00065007     0.00001866
    -0.00089387    -0.00096452     0.00007065
    -0.00072521    -0.00077110     0.00004589
    -0.02500481    -0.02493449    -0.00007033
    -0.01937739    -0.01943009     0.00005270
     0.00982532     0.00989336    -0.00006804
    -0.00703643    -0.00713861     0.00010218
    -0.02914263    -0.02902297    -0.00011966
    -0.00107907    -0.00115582     0.00007675
    -0.00091487    -0.00098064     0.00006577
     0.00348464     0.00341505     0.00006959
    -0.03050184    -0.03044823    -0.00005361
     0.03513948     0.03489376     0.00024572
    -0.02783850    -0.02786923     0.00003073
    -0.03501509    -0.03504849     0.00003340
    -0.03495697    -0.03481596    -0.00014102
    -0.00726122    -0.00725839    -0.00000283
    -0.00058034    -0.00059455     0.00001421
    -0.00058034    -0.00059455     0.00001421
    -0.00099651    -0.00106835     0.00007185
    -0.00105079    -0.00107741     0.00002661
     0.00528701     0.00543690    -0.00014989
    -0.01078945    -0.01086148     0.00007203
    -0.00121842    -0.00124395     0.00002554
    -0.00119561    -0.00122406     0.00002844
    -0.01869961    -0.01861019    -0.00008942
    -0.00252758    -0.00261281     0.00008522
    -0.02553032    -0.02555545     0.00002513
     0.00086187     0.00062902     0.00023284
    -0.02442214    -0.02446667     0.00004454
    -0.04916967    -0.04941594     0.00024627
    -0.00442699    -0.00451694     0.00008995
    -0.02974702    -0.02985630     0.00010928
    -0.02238449    -0.02239440     0.00000990
    -0.02433732    -0.02444941     0.00011210
    -0.02617991    -0.02615791    -0.00002201
    -0.00445818    -0.00456696     0.00010878
    -0.00445818    -0.00456696     0.00010878
    -0.00537458    -0.00524890    -0.00012567
    -0.00519191    -0.00506691    -0.00012500
     0.03270068     0.03252946     0.00017123
    -0.00478588    -0.00493636     0.00015047
    -0.01077672    -0.01067743    -0.00009929
    -0.00558808    -0.00564008     0.00005201
     0.03126175     0.03111003     0.00015171
     0.00393977     0.00405859    -0.00011882
    -0.00504749    -0.00492123    -0.00012626
    -0.00607802    -0.00609548     0.00001747
    -0.00554658    -0.00561465     0.00006807
    -0.00483971    -0.00498655     0.00014684
     0.03071102     0.03092209    -0.00021108
    -0.00562111    -0.00567641     0.00005530
     0.04360842     0.04351103     0.00009739
    -0.00506681    -0.00518148     0.00011466
    -0.00604523    -0.00606808     0.00002285
     0.02485572     0.02505240    -0.00019668
    -0.00597333    -0.00599732     0.00002398
    -0.00518295    -0.00528623     0.00010327
    -0.02608791    -0.02592123    -0.00016668
    -0.02610625    -0.02603676    -0.00006949
    -0.00142267    -0.00130391    -0.00011875
    -0.00579437    -0.00584483     0.00005046
    -0.00520238    -0.00528809     0.00008571
    -0.00520238    -0.00528809     0.00008571
    -0.00142294    -0.00130391    -0.00011902
    -0.01772180    -0.01757428    -0.00014752
    -0.00190257    -0.00178290    -0.00011967
    -0.00489002    -0.00504083     0.00015081
    -0.00190697    -0.00179532    -0.00011166
    -0.00106848    -0.00094595    -0.00012254
    -0.00106848    -0.00094595    -0.00012254
     0.00665838     0.00682050    -0.00016212
    -0.00230883    -0.00218695    -0.00012189
     0.02661108     0.02683330    -0.00022223
    -0.00612893    -0.00616584     0.00003691
    -0.00231436    -0.00220050    -0.00011385
     0.02149621     0.02169637    -0.00020016
    -0.00123831    -0.00111779    -0.00012052
    -0.00123831    -0.00111779    -0.00012052
    -0.00195470    -0.00184081    -0.00011389
    -0.00595913    -0.00599852     0.00003939
    -0.00492015    -0.00507068     0.00015054
    -0.00535594    -0.00549132     0.00013538
     0.00945688     0.00959872    -0.00014184
    -0.00552780    -0.00559848     0.00007068
    -0.00157951    -0.00145572    -0.00012379
    -0.00161304    -0.00148980    -0.00012323
    -0.00591464    -0.00595781     0.00004317
    -0.00224687    -0.00212311    -0.00012376
    -0.00535847    -0.00542746     0.00006899
    -0.00228023    -0.00216242    -0.00011781
    -0.00599222    -0.00605725     0.00006503
    -0.00547558    -0.00555531     0.00007973
    -0.00247760    -0.00235146    -0.00012614
    -0.01251906    -0.01234139    -0.00017767
     0.03155694     0.03178199    -0.00022506
    -0.00212398    -0.00200705    -0.00011694
    -0.00593997    -0.00599383     0.00005386
    -0.00480599    -0.00490792     0.00010193
    -0.00480599    -0.00490792     0.00010193
    -0.00588920    -0.00599348     0.00010429
    -0.00547148    -0.00555594     0.00008446
    -0.00595146    -0.00600570     0.00005424
    -0.00180689    -0.00167995    -0.00012694
    -0.00595146    -0.00604515     0.00009370
    -0.00509299    -0.00523851     0.00014552
    -0.00579363    -0.00589132     0.00009769
    -0.00221049    -0.00208885    -0.00012164
    -0.00579856    -0.00587366     0.00007510
    -0.00590607    -0.00597118     0.00006511
    -0.00189742    -0.00177110    -0.00012633
    -0.00560043    -0.00572186     0.00012143
    -0.00194025    -0.00181414    -0.00012611
    -0.00209811    -0.00197596    -0.00012214
    -0.00210162    -0.00197552    -0.00012610
    -0.00208066    -0.00195481    -0.00012585
    -0.00542979    -0.00556028     0.00013049
    -0.00494719    -0.00503360     0.00008641
    -0.01008576    -0.01000162    -0.00008414
     0.01555346     0.01555901    -0.00000555
    -0.00894204    -0.00879393    -0.00014812
    -0.05111599    -0.05095101    -0.00016498
    -0.00517648    -0.00531808     0.00014160
    -0.00582860    -0.00591257     0.00008397
    -0.00517618    -0.00531633     0.00014015
    -0.00568098    -0.00578644     0.00010546
    -0.00524856    -0.00537966     0.00013110
    -0.00557289    -0.00568644     0.00011355
     0.00171489     0.00185195    -0.00013706
    -0.01807519    -0.01789517    -0.00018002
    -0.05028784    -0.05016604    -0.00012180
     0.02547252     0.02569415    -0.00022163
     0.01794107     0.01813338    -0.00019232
    -0.03537774    -0.03520964    -0.00016811
    -0.00747848    -0.00750522     0.00002674
    -0.02419748    -0.02428264     0.00008516
    -0.00000634     0.00005948    -0.00006582
    -0.00000634     0.00005948    -0.00006582
    -0.00000634     0.00005948    -0.00006582
    -0.00000634     0.00005948    -0.00006582
    -0.00000634     0.00005948    -0.00006582
    -0.00000634     0.00005948    -0.00006582
    -0.00225397    -0.00226098     0.00000700
     0.03436695     0.03434195     0.00002500
    -0.00515201    -0.00511089    -0.00004112
    -0.00515229    -0.00511089    -0.00004140
     0.00841931     0.00838132     0.00003799
    -0.01241925    -0.01232492    -0.00009433
    -0.01831236    -0.01830263    -0.00000973
    -0.01132032    -0.01150881     0.00018849
     0.02361048     0.02345518     0.00015530
    -0.01309597    -0.01294802    -0.00014795
    -0.00406601    -0.00406539    -0.00000062
     0.00170098     0.00163008     0.00007091
    -0.01864723    -0.01861507    -0.00003216
    -0.01864723    -0.01861507    -0.00003216
     0.03094052     0.03053647     0.00040404
     0.02054520     0.02026303     0.00028217
    -0.00732560    -0.00715262    -0.00017298
     0.05163086     0.05150690     0.00012395
    -0.00220635    -0.00220455    -0.00000180
     0.01703792     0.01674599     0.00029193
     0.02799211     0.02786322     0.00012889
    -0.00427314    -0.00423179    -0.00004135
     0.01587202     0.01595311    -0.00008109
     0.01808327     0.01793681     0.00014646
     0.02514128     0.02487025     0.00027103
    -0.03047311    -0.03029328    -0.00017983
    -0.01934414    -0.01924125    -0.00010289
     0.02590761     0.02584065     0.00006696
    -0.00746120    -0.00755386     0.00009266
     0.02401688     0.02368741     0.00032946
    -0.00238010    -0.00238681     0.00000671
     0.01622196     0.01588908     0.00033288
     0.02793066     0.02757356     0.00035711
     0.02604856     0.02598788     0.00006068
     0.01723697     0.01692534     0.00031163
    -0.00957267    -0.00961214     0.00003947
     0.03109342     0.03100425     0.00008917
    -0.01827310    -0.01828659     0.00001349
    -0.00307113    -0.00305712    -0.00001402
     0.01793625     0.01785566     0.00008059
    -0.01955397    -0.01952579    -0.00002818
    -0.00337704    -0.00335179    -0.00002525
    -0.01277079    -0.01282499     0.00005420
     0.02244907     0.02243040     0.00001867
    -0.00445075    -0.00451191     0.00006116
     0.00869643     0.00847601     0.00022043
    -0.03047259    -0.03047661     0.00000402
    -0.00362069    -0.00343403    -0.00018666
     0.02464448     0.02457933     0.00006515
    -0.00382995    -0.00388475     0.00005481
    -0.02669445    -0.02621896    -0.00047550
    -0.00259648    -0.00269108     0.00009460
    -0.02911436    -0.02915997     0.00004561
    -0.01043187    -0.01056601     0.00013415
    -0.03682664    -0.03693272     0.00010608
     0.02071440     0.02024734     0.00046706
     0.01885082     0.01867992     0.00017091
    -0.02155188    -0.02153063    -0.00002125
    -0.02288456    -0.02262536    -0.00025920
     0.01673851     0.01671340     0.00002511
    -0.00290408    -0.00288325    -0.00002083
    -0.02991081    -0.02981516    -0.00009565
     0.03381793     0.03369701     0.00012092
    -0.00233700    -0.00231586    -0.00002114
    -0.00233700    -0.00231586    -0.00002114
    -0.00349508    -0.00347154    -0.00002354
    -0.00349508    -0.00347154    -0.00002354
    -0.01919222    -0.01923364     0.00004142
    -0.00351843    -0.00350219    -0.00001625
    -0.04536685    -0.04515290    -0.00021395
    -0.00177252    -0.00175779    -0.00001473
     0.00008966    -0.00006667     0.00015633
    -0.00396269    -0.00393299    -0.00002970
     0.02201325     0.02188717     0.00012608
    -0.00092132    -0.00078672    -0.00013461
    -0.00504423    -0.00500851    -0.00003572
    -0.00476722    -0.00474196    -0.00002526
    -0.03261200    -0.03290048     0.00028848
    -0.02326410    -0.02327640     0.00001230
    -0.02326410    -0.02327640     0.00001230
    -0.00523188    -0.00521631    -0.00001556
    -0.03322859    -0.03314256    -0.00008603
    -0.00433910    -0.00432473    -0.00001437
    -0.02772108    -0.02789070     0.00016961
    -0.00452283    -0.00453075     0.00000792
     0.02366958     0.02349089     0.00017869
     0.04157051     0.04143309     0.00013742
     0.01320677     0.01314137     0.00006540
     0.01066447     0.01073848    -0.00007401
     0.00176401     0.00157873     0.00018527
     0.00038975     0.00048030    -0.00009055
    -0.00645808    -0.00633477    -0.00012331
    -0.03366617    -0.03353972    -0.00012645
     0.02929654     0.02924007     0.00005647
     0.00012466     0.00011349     0.00017147     0.00022266     0.00094671
