    -0.00103343    -0.00103066    -0.00000277
    -0.00747023    -0.00742028    -0.00004995
    -0.00563668    -0.00557894    -0.00005773
    -0.00095749    -0.00102859     0.00007110
    -0.00051163    -0.00046209    -0.00004953
     0.02273479     0.02282117    -0.00008639
     0.02194552     0.02181750     0.00012802
    -0.02411051    -0.02408910    -0.00002142
    -0.01091158    -0.01093948     0.00002790
    -0.00047024    -0.00046702    -0.00000322
     0.01570511     0.01590143    -0.00019633
    -0.02315901    -0.02318116     0.00002214
    -0.03150341    -0.03138415    -0.00011926
    -0.00047141    -0.00049998     0.00002857
    -0.01143482    -0.01148491     0.00005009
    -0.00247240    -0.00256516     0.00009276
    -0.01208986    -0.01212483     0.00003497
    -0.01363641    -0.01369236     0.00005594
     0.02277601     0.02272592     0.00005009
     0.00002977     0.00023080    -0.00020103
     0.01393147     0.01387829     0.00005317
    -0.00030360    -0.00007693    -0.00022667
     0.00007391     0.00022218    -0.00014827
     0.00893285     0.00888882     0.00004402
     0.02382433     0.02378819     0.00003614
     0.01333850     0.01306484     0.00027366
     0.01761858     0.01767163    -0.00005305
    -0.04233945    -0.04229699    -0.00004245
     0.01439341     0.01447720    -0.00008379
     0.02824735     0.02827807    -0.00003071
    -0.00027677    -0.00026499    -0.00001177
     0.00283834     0.00278266     0.00005568
    -0.00417689    -0.00420484     0.00002795
     0.02639518     0.02648889    -0.00009371
    -0.00053179    -0.00050686    -0.00002493
    -0.01616269    -0.01626188     0.00009919
    -0.00479927    -0.00494309     0.00014381
    -0.00048191    -0.00052172     0.00003980
    -0.02854991    -0.02859710     0.00004719
     0.01998067     0.01989802     0.00008265
     0.01113640     0.01105205     0.00008435
    -0.00666434    -0.00670851     0.00004417
    -0.00051879    -0.00061591     0.00009713
    -0.01757262    -0.01745209    -0.00012054
     0.02201864     0.02197082     0.00004782
    -0.00047721    -0.00041184    -0.00006537
    -0.02422047    -0.02418154    -0.00003894
     0.01964436     0.01974040    -0.00009603
     0.00225008     0.00219428     0.00005581
     0.03225586     0.03218476     0.00007110
     0.02913561     0.02909164     0.00004397
    -0.01619056    -0.01614454    -0.00004602
    -0.00200548    -0.00201508     0.00000960
    -0.00045595    -0.00043671    -0.00001924
     0.01208009     0.01211223    -0.00003214
    -0.00896974    -0.00910720     0.00013745
     0.02620465     0.02615518     0.00004947
    -0.00098935    -0.00083374    -0.00015561
    -0.00859779    -0.00868216     0.00008437
     0.03272107     0.03267436     0.00004670
    -0.03343134    -0.03341423    -0.00001710
     0.02419492     0.02425444    -0.00005952
     0.00007391     0.00022218    -0.00014827
    -0.00065571    -0.00051784    -0.00013787
     0.01074531     0.01077790    -0.00003259
    -0.00058205    -0.00042868    -0.00015337
    -0.00084671    -0.00070756    -0.00013915
    -0.03750039    -0.03760849     0.00010810
     0.01409792     0.01416791    -0.00006999
    -0.02057867    -0.02061137     0.00003270
     0.02537503     0.02543240    -0.00005737
    -0.00045296    -0.00050589     0.00005292
    -0.01578070    -0.01562783    -0.00015287
     0.01248524     0.01248835    -0.00000311
    -0.00284914    -0.00270893    -0.00014021
    -0.00600493    -0.00589792    -0.00010700
    -0.00050039    -0.00034700    -0.00015339
    -0.00059745    -0.00036777    -0.00022968
    -0.00019290    -0.00027341     0.00008051
     0.03147427     0.03140404     0.00007023
     0.00795645     0.00787582     0.00008063
    -0.00189810    -0.00214500     0.00024690
     0.03498712     0.03487752     0.00010961
     0.02151101     0.02138979     0.00012122
     0.01645249     0.01645602    -0.00000352
     0.02972218     0.02986850    -0.00014632
    -0.00037407    -0.00026156    -0.00011252
    -0.00654121    -0.00638340    -0.00015781
    -0.00045661    -0.00052820     0.00007159
     0.02942996     0.02952082    -0.00009086
    -0.00057990    -0.00047969    -0.00010021
    -0.00422854    -0.00433661     0.00010807
     0.00193402     0.00197773    -0.00004370
     0.00932221     0.00940292    -0.00008071
    -0.01980126    -0.01987451     0.00007324
     0.02062277     0.02082571    -0.00020294
    -0.00179149    -0.00175882    -0.00003267
    -0.00602283    -0.00598545    -0.00003738
    -0.00168770    -0.00177601     0.00008830
     0.01996570     0.01995048     0.00001522
    -0.00504905    -0.00500307    -0.00004598
    -0.00656624    -0.00662834     0.00006210
    -0.00377373    -0.00373560    -0.00003813
    -0.01289695    -0.01294363     0.00004668
    -0.00199840    -0.00202183     0.00002342
    -0.00199840    -0.00202183     0.00002342
    -0.00199840    -0.00202183     0.00002342
    -0.00199840    -0.00202183     0.00002342
    -0.00199813    -0.00202183     0.00002370
    -0.00199813    -0.00202183     0.00002370
    -0.00199813    -0.00202183     0.00002370
    -0.00199813    -0.00202183     0.00002370
    -0.00199813    -0.00202183     0.00002370
    -0.00199813    -0.00202183     0.00002370
    -0.00199813    -0.00202183     0.00002370
    -0.00199813    -0.00202183     0.00002370
     0.02287517     0.02272153     0.00015364
    -0.00401749    -0.00399580    -0.00002169
    -0.00371278    -0.00371233    -0.00000045
    -0.00423755    -0.00421714    -0.00002041
    -0.00366341    -0.00366425     0.00000083
    -0.00360031    -0.00360367     0.00000336
     0.02466241     0.02444044     0.00022197
    -0.00535474    -0.00527648    -0.00007825
    -0.00600618    -0.00593434    -0.00007183
    -0.00345293    -0.00346212     0.00000919
    -0.00978497    -0.00979672     0.00001175
    -0.00331184    -0.00332846     0.00001661
    -0.00814437    -0.00809302    -0.00005135
    -0.00640229    -0.00632706    -0.00007524
    -0.00378622    -0.00375596    -0.00003025
    -0.01449997    -0.01450533     0.00000536
    -0.00324942    -0.00327445     0.00002503
    -0.00326196    -0.00328760     0.00002563
    -0.00570280    -0.00564596    -0.00005684
    -0.00596259    -0.00590352    -0.00005906
    -0.01144544    -0.01144910     0.00000366
    -0.00646189    -0.00639075    -0.00007113
    -0.00976045    -0.00976654     0.00000609
    -0.01326027    -0.01327113     0.00001086
    -0.00369776    -0.00370899     0.00001123
    -0.00295189    -0.00300026     0.00004837
    -0.00518410    -0.00513106    -0.00005304
    -0.00361367    -0.00362991     0.00001624
    -0.00386421    -0.00383990    -0.00002430
    -0.00317981    -0.00321498     0.00003517
    -0.00313543    -0.00317374     0.00003831
    -0.00417466    -0.00417377    -0.00000089
    -0.01162019    -0.01162804     0.00000785
    -0.00351593    -0.00353150     0.00001557
    -0.00784039    -0.00781052    -0.00002987
    -0.00615600    -0.00612476    -0.00003125
    -0.01331663    -0.01336195     0.00004533
    -0.00777925    -0.00778567     0.00000643
    -0.00395591    -0.00394250    -0.00001341
    -0.00475271    -0.00469550    -0.00005721
    -0.00722070    -0.00720019    -0.00002052
    -0.00327339    -0.00330315     0.00002976
    -0.00413349    -0.00413038    -0.00000311
    -0.00375493    -0.00378215     0.00002723
    -0.00357786    -0.00363483     0.00005697
    -0.00697896    -0.00695758    -0.00002138
    -0.00404827    -0.00404143    -0.00000683
    -0.00246312    -0.00246232    -0.00000080
    -0.00246285    -0.00246232    -0.00000053
    -0.00246285    -0.00246232    -0.00000053
    -0.00246285    -0.00246232    -0.00000053
    -0.00246285    -0.00246232    -0.00000053
    -0.00246285    -0.00246232    -0.00000053
    -0.00246285    -0.00246232    -0.00000053
    -0.00246285    -0.00246232    -0.00000053
    -0.00246285    -0.00246232    -0.00000053
    -0.00246285    -0.00246232    -0.00000053
    -0.00246285    -0.00246232    -0.00000053
    -0.00246285    -0.00246232    -0.00000053
    -0.00605170    -0.00604849    -0.00000321
    -0.00687790    -0.00686141    -0.00001649
    -0.00381071    -0.00382743     0.00001672
    -0.00740713    -0.00739172    -0.00001541
    -0.00347228    -0.00345559    -0.00001669
    -0.00728386    -0.00729393     0.00001006
    -0.00676149    -0.00675368    -0.00000781
    -0.00649710    -0.00649536    -0.00000174
    -0.00663351    -0.00663160    -0.00000192
    -0.00492668    -0.00492227    -0.00000441
    -0.00226807    -0.00227467     0.00000660
    -0.00226807    -0.00227467     0.00000660
    -0.00226807    -0.00227467     0.00000660
    -0.00226780    -0.00227467     0.00000687
    -0.00226780    -0.00227467     0.00000687
    -0.00226780    -0.00227467     0.00000687
    -0.00226780    -0.00227467     0.00000687
    -0.00226780    -0.00227467     0.00000687
    -0.00226780    -0.00227467     0.00000687
    -0.00226780    -0.00227467     0.00000687
    -0.00226780    -0.00227467     0.00000687
    -0.00226780    -0.00227467     0.00000687
    -0.00326392    -0.00328456     0.00002063
    -0.00454144    -0.00453906    -0.00000239
    -0.00414574    -0.00416672     0.00002098
    -0.02933287    -0.02931154    -0.00002133
    -0.05325783    -0.05323647    -0.00002135
     0.06033891     0.06015346     0.00018545
     0.05203029     0.05206482    -0.00003453
     0.02469017     0.02468779     0.00000238
    -0.03290368    -0.03279547    -0.00010821
    -0.03169354    -0.03179495     0.00010141
    -0.03195262    -0.03193952    -0.00001310
    -0.04179487    -0.04170321    -0.00009165
    -0.03662791    -0.03651673    -0.00011118
    -0.05422111    -0.05449176     0.00027066
    -0.02810754    -0.02810996     0.00000243
    -0.04178006    -0.04174214    -0.00003792
    -0.02668964    -0.02672813     0.00003850
    -0.04171372    -0.04169173    -0.00002199
     0.04715559     0.04726088    -0.00010528
    -0.03008572    -0.03017342     0.00008770
    -0.02983965    -0.02978434    -0.00005531
    -0.02888276    -0.02890470     0.00002193
     0.04762423     0.04772932    -0.00010510
    -0.05690100    -0.05693217     0.00003118
    -0.02532849    -0.02520478    -0.00012372
    -0.04292885    -0.04292169    -0.00000716
    -0.03570547    -0.03574855     0.00004308
     0.02515927     0.02513697     0.00002230
    -0.02895049    -0.02894684    -0.00000366
    -0.05104764    -0.05109196     0.00004432
    -0.05818524    -0.05816503    -0.00002021
    -0.03156026    -0.03162979     0.00006954
    -0.03942231    -0.03947005     0.00004774
    -0.05054069    -0.05051610    -0.00002459
    -0.02949703    -0.02955273     0.00005569
    -0.04102963    -0.04105464     0.00002501
    -0.03389058    -0.03398481     0.00009423
    -0.04916967    -0.04918547     0.00001580
    -0.03107216    -0.03107724     0.00000507
    -0.04177419    -0.04184060     0.00006642
    -0.03017476    -0.03008196    -0.00009280
    -0.03164388    -0.03160014    -0.00004374
    -0.05028784    -0.05025331    -0.00003453
    -0.03255078    -0.03253760    -0.00001318
    -0.04352793    -0.04353425     0.00000632
    -0.04456316    -0.04457045     0.00000728
    -0.04455347    -0.04463260     0.00007912
    -0.03846041    -0.03851598     0.00005557
    -0.04068178    -0.04072477     0.00004298
    -0.03427456    -0.03424576    -0.00002880
    -0.06052406    -0.06051971    -0.00000434
    -0.04939397    -0.04942743     0.00003346
     0.01642659     0.01644735    -0.00002076
    -0.05031954    -0.05035641     0.00003687
    -0.03495697    -0.03491693    -0.00004004
    -0.04536685    -0.04525899    -0.00010786
    -0.04780807    -0.04769644    -0.00011162
    -0.05232309    -0.05231911    -0.00000398
    -0.04021418    -0.04027043     0.00005625
    -0.04318812    -0.04320495     0.00001684
    -0.03361874    -0.03355806    -0.00006068
    -0.03018575    -0.03025568     0.00006992
    -0.03876126    -0.03883981     0.00007855
    -0.04694789    -0.04708439     0.00013650
    -0.03809042    -0.03808214    -0.00000828
    -0.03654217    -0.03661875     0.00007658
    -0.03205501    -0.03213030     0.00007528
    -0.03261200    -0.03273333     0.00012133
    -0.05618381    -0.05616728    -0.00001654
     0.05745499     0.05733495     0.00012004
     0.04562843     0.04558876     0.00003968
     0.04791702     0.04795267    -0.00003565
    -0.04559877    -0.04558163    -0.00001714
    -0.03918372    -0.03943992     0.00025621
    -0.05799005    -0.05797845    -0.00001160
    -0.04264054    -0.04260654    -0.00003400
    -0.03403181    -0.03403970     0.00000789
    -0.03887693    -0.03878037    -0.00009657
    -0.04489071    -0.04489669     0.00000599
    -0.04467176    -0.04467428     0.00000251
    -0.04204690    -0.04218264     0.00013574
    -0.04610433    -0.04607639    -0.00002794
    -0.03643199    -0.03636352    -0.00006847
    -0.05329598    -0.05326462    -0.00003136
    -0.05926243    -0.05924010    -0.00002233
    -0.04013609    -0.04013338    -0.00000271
    -0.03807393    -0.03809992     0.00002599
    -0.04255039    -0.04256779     0.00001740
    -0.04546761    -0.04557139     0.00010378
    -0.04598460    -0.04602071     0.00003610
    -0.04308466    -0.04307902    -0.00000564
    -0.05111599    -0.05108112    -0.00003487
    -0.03878335    -0.03872667    -0.00005669
    -0.04133355    -0.04129555    -0.00003800
    -0.04490042    -0.04493477     0.00003435
    -0.05407624    -0.05400790    -0.00006834
    -0.06420916    -0.06426322     0.00005407
    -0.05506420    -0.05506815     0.00000395
    -0.06777222    -0.06767245    -0.00009977
    -0.06704431    -0.06703471    -0.00000960
    -0.06867857    -0.06869652     0.00001795
    -0.06441868    -0.06440491    -0.00001377
    -0.06949418    -0.06944415    -0.00005003
    -0.03355613    -0.03355110    -0.00000503
     0.04867733     0.04875853    -0.00008120
     0.03045659     0.03050389    -0.00004730
     0.05049405     0.05040569     0.00008836
     0.02730608     0.02726400     0.00004208
     0.00673204     0.00678453    -0.00005249
    -0.00162923    -0.00163792     0.00000869
     0.04036219     0.04036178     0.00000041
     0.03132730     0.03120277     0.00012453
     0.02635880     0.02632393     0.00003487
     0.04489479     0.04490122    -0.00000644
     0.04146887     0.04152428    -0.00005541
     0.04037329     0.04036709     0.00000620
     0.03651635     0.03656961    -0.00005326
     0.03297130     0.03302787    -0.00005657
     0.03064579     0.03060400     0.00004179
     0.01037712     0.01038519    -0.00000808
     0.00122612     0.00131288    -0.00008676
     0.00494888     0.00499853    -0.00004965
     0.02572850     0.02575471    -0.00002621
     0.04244427     0.04244736    -0.00000310
     0.02155068     0.02143340     0.00011728
     0.04116038     0.04113367     0.00002671
     0.04152409     0.04140729     0.00011679
    -0.00217457    -0.00283835     0.00066377
     0.02609801     0.02608803     0.00000997
     0.00373316     0.00362701     0.00010614
     0.01981735     0.01979455     0.00002279
     0.00941201     0.00944401    -0.00003200
     0.04567706     0.04556485     0.00011221
     0.03151990     0.03183901    -0.00031911
     0.04490611     0.04491652    -0.00001041
     0.04584670     0.04584182     0.00000488
     0.05068028     0.05067821     0.00000207
     0.02576148     0.02573513     0.00002635
     0.04287608     0.04291641    -0.00004033
     0.04473628     0.04476128    -0.00002500
     0.03453598     0.03447529     0.00006070
     0.02604674     0.02605339    -0.00000665
     0.03749073     0.03748295     0.00000778
     0.05028370     0.05033522    -0.00005152
     0.05919864     0.05905584     0.00014280
     0.00980619     0.00972798     0.00007821
     0.01925829     0.01931710    -0.00005881
     0.04380396     0.04379016     0.00001381
     0.04677580     0.04675833     0.00001747
     0.02223663     0.02229885    -0.00006222
    -0.00188338    -0.00193703     0.00005365
     0.00153646     0.00161756    -0.00008110
     0.05163086     0.05164154    -0.00001068
     0.02591289     0.02594756    -0.00003468
     0.02262610     0.02268558    -0.00005947
     0.03210440     0.03214249    -0.00003809
    -0.03468137    -0.03468744     0.00000607
     0.01001278     0.00997676     0.00003602
     0.04768287     0.04765056     0.00003230
    -0.00069756    -0.00087884     0.00018128
     0.02325744     0.02323503     0.00002241
     0.01946833     0.01952369    -0.00005536
     0.04512802     0.04509510     0.00003292
    -0.00019380    -0.00022315     0.00002935
     0.02209075     0.02202705     0.00006370
     0.03497964     0.03493855     0.00004108
     0.03626197     0.03624575     0.00001623
     0.02777325     0.02777122     0.00000203
     0.01011172     0.01009338     0.00001835
     0.02895757     0.02891503     0.00004254
     0.01607913     0.01607075     0.00000838
     0.01554867     0.01533369     0.00021497
     0.04641337     0.04635755     0.00005583
     0.03424629     0.03449219    -0.00024590
     0.02764568     0.02765404    -0.00000836
     0.02873648     0.02879171    -0.00005524
     0.04610210     0.04608070     0.00002140
     0.03055485     0.03054947     0.00000538
     0.02965636     0.02962000     0.00003635
     0.01531492     0.01526891     0.00004601
     0.02899809     0.02896090     0.00003719
     0.02757645     0.02757425     0.00000220
     0.01088390     0.01080812     0.00007578
     0.04018376     0.04016848     0.00001528
    -0.03579922    -0.03580060     0.00000138
    -0.03577168    -0.03577279     0.00000111
     0.01771992     0.01778282    -0.00006291
     0.01825979     0.01821562     0.00004418
     0.01602585     0.01609722    -0.00007138
    -0.00110633    -0.00111918     0.00001285
     0.01104012     0.01070625     0.00033387
     0.03440205     0.03441518    -0.00001313
     0.02508060     0.02507606     0.00000454
     0.04305285     0.04305820    -0.00000535
     0.01801429     0.01797106     0.00004323
     0.00941917     0.00937798     0.00004118
     0.03303740     0.03304011    -0.00000271
     0.03381793     0.03383531    -0.00001738
     0.02081181     0.02077465     0.00003716
     0.04130144     0.04134757    -0.00004613
     0.03236816     0.03236775     0.00000041
     0.03643583     0.03636632     0.00006951
     0.02929654     0.02922172     0.00007482
    -0.00964976    -0.00962303    -0.00002672
    -0.00459698    -0.00472126     0.00012427
     0.00102818     0.00100546     0.00002272
     0.00622109     0.00620372     0.00001737
     0.01350136     0.01343732     0.00006404
    -0.01726048    -0.01734590     0.00008541
     0.02487306     0.02486440     0.00000866
    -0.02687927    -0.02688629     0.00000702
    -0.00430702    -0.00441962     0.00011260
    -0.03038407    -0.03037604    -0.00000804
    -0.03815679    -0.03815096    -0.00000582
    -0.02253203    -0.02247745    -0.00005458
    -0.00372714    -0.00367617    -0.00005097
    -0.02220093    -0.02218054    -0.00002038
     0.00643500     0.00640976     0.00002524
    -0.00592463    -0.00597139     0.00004676
     0.00396228     0.00392777     0.00003451
    -0.01629516    -0.01630173     0.00000658
    -0.02417669    -0.02411419    -0.00006250
     0.02365214     0.02360799     0.00004415
     0.01911799     0.01920370    -0.00008572
     0.01045353     0.01037798     0.00007554
    -0.00087988    -0.00089997     0.00002009
    -0.01676371    -0.01681080     0.00004709
     0.00130111     0.00127334     0.00002777
     0.00024330     0.00035105    -0.00010775
    -0.00748147    -0.00751795     0.00003648
    -0.01153893    -0.01150851    -0.00003042
     0.02065624     0.02061681     0.00003943
    -0.00355119    -0.00358665     0.00003546
     0.00902841     0.00905834    -0.00002993
     0.01158070     0.01163006    -0.00004936
    -0.01187698    -0.01193444     0.00005746
    -0.01220221    -0.01221935     0.00001713
     0.01492833     0.01489726     0.00003107
     0.00706832     0.00704309     0.00002523
    -0.00651296    -0.00653323     0.00002027
    -0.00645808    -0.00645135    -0.00000673
     0.01971783     0.01967124     0.00004659
    -0.01547917    -0.01545979    -0.00001938
     0.02039167     0.02037435     0.00001732
    -0.03156796    -0.03153771    -0.00003024
    -0.01657546    -0.01659611     0.00002065
     0.00665808     0.00659431     0.00006377
    -0.02625651    -0.02633688     0.00008037
     0.00221903     0.00227818    -0.00005914
     0.01079119     0.01073397     0.00005722
    -0.01704464    -0.01708194     0.00003730
     0.00956420     0.00952296     0.00004124
    -0.00197013    -0.00199106     0.00002093
     0.00832649     0.00825032     0.00007617
     0.00171655     0.00167043     0.00004612
    -0.01055323    -0.01051432    -0.00003891
    -0.02671636    -0.02683083     0.00011447
     0.01623200     0.01620839     0.00002361
     0.01000418     0.01001186    -0.00000768
     0.01063127     0.01054691     0.00008436
    -0.00044899    -0.00038678    -0.00006221
    -0.02027335    -0.02024037    -0.00003298
    -0.00027421    -0.00025550    -0.00001871
     0.01466832     0.01461810     0.00005022
    -0.01398649    -0.01397820    -0.00000829
    -0.00362069    -0.00350211    -0.00011859
    -0.03537774    -0.03537345    -0.00000430
     0.01407795     0.01409077    -0.00001282
     0.00122647     0.00113656     0.00008991
     0.00712623     0.00718253    -0.00005630
    -0.00394056    -0.00386524    -0.00007532
    -0.01097650    -0.01100141     0.00002491
     0.00805925     0.00802940     0.00002985
    -0.01865145    -0.01855411    -0.00009733
    -0.00558084    -0.00562195     0.00004111
    -0.00422718    -0.00422486    -0.00000232
    -0.02147280    -0.02146063    -0.00001217
    -0.01381756    -0.01381641    -0.00000115
    -0.02999770    -0.02988364    -0.00011405
     0.00525123     0.00515825     0.00009298
    -0.00223525    -0.00214531    -0.00008994
    -0.02521208    -0.02523485     0.00002276
    -0.00946407    -0.00935947    -0.00010460
    -0.02203782    -0.02199395    -0.00004387
    -0.00941182    -0.00940681    -0.00000501
     0.01564187     0.01556058     0.00008129
    -0.01377089    -0.01380643     0.00003554
    -0.00138699    -0.00142045     0.00003346
    -0.02177686    -0.02182049     0.00004362
    -0.01737580    -0.01747351     0.00009771
    -0.01160234    -0.01155183    -0.00005051
    -0.02103761    -0.02107051     0.00003289
    -0.00579676    -0.00565270    -0.00014406
    -0.01584750    -0.01584946     0.00000195
    -0.01752661    -0.01747795    -0.00004866
    -0.03256680    -0.03259708     0.00003028
    -0.02233549    -0.02235457     0.00001908
    -0.02202819    -0.02200214    -0.00002605
    -0.01482022    -0.01482422     0.00000400
    -0.01577618    -0.01550742    -0.00026876
    -0.00439352    -0.00474165     0.00034813
    -0.01136451    -0.01149723     0.00013273
    -0.01543770    -0.01541169    -0.00002601
    -0.03226533    -0.03224420    -0.00002113
    -0.03541747    -0.03537716    -0.00004031
    -0.02817154    -0.02812851    -0.00004303
    -0.03384079    -0.03380852    -0.00003227
    -0.02923284    -0.02923219    -0.00000065
    -0.01120159    -0.01117969    -0.00002190
    -0.01141882    -0.01137366    -0.00004516
     0.01612130     0.01615909    -0.00003779
     0.00565953     0.00563511     0.00002442
    -0.01701484    -0.01702068     0.00000584
    -0.00072418    -0.00076764     0.00004346
    -0.01299118    -0.01296506    -0.00002612
    -0.02854042    -0.02867888     0.00013846
    -0.03032636    -0.03022375    -0.00010261
    -0.03360652    -0.03356252    -0.00004401
    -0.01372161    -0.01382053     0.00009892
    -0.01369236    -0.01374814     0.00005578
    -0.03568515    -0.03577843     0.00009328
    -0.03794922    -0.03796075     0.00001154
    -0.01193317    -0.01190806    -0.00002511
    -0.01707705    -0.01716225     0.00008520
    -0.00732531    -0.00739188     0.00006657
    -0.02146557    -0.02144818    -0.00001739
    -0.03099401    -0.03107438     0.00008036
    -0.02482250    -0.02487200     0.00004950
    -0.01018503    -0.01011455    -0.00007048
    -0.03471422    -0.03477317     0.00005895
    -0.03526106    -0.03528214     0.00002108
    -0.01916234    -0.01925339     0.00009105
    -0.02291052    -0.02284777    -0.00006275
    -0.01806735    -0.01810224     0.00003489
    -0.02763022    -0.02755062    -0.00007961
    -0.02882431    -0.02885590     0.00003158
    -0.01348828    -0.01348778    -0.00000050
    -0.02123857    -0.02113941    -0.00009916
    -0.01210327    -0.01216765     0.00006438
    -0.02387249    -0.02380247    -0.00007002
    -0.00912621    -0.00912941     0.00000321
    -0.01133047    -0.01133711     0.00000664
    -0.02871887    -0.02871864    -0.00000023
    -0.01885499    -0.01874621    -0.00010878
    -0.01944836    -0.01939239    -0.00005596
    -0.02629227    -0.02618596    -0.00010631
    -0.03230854    -0.03223963    -0.00006891
    -0.04100367    -0.04099441    -0.00000926
    -0.01170449    -0.01177233     0.00006784
    -0.02222762    -0.02229804     0.00007042
    -0.02308347    -0.02308115    -0.00000232
    -0.00905715    -0.00925701     0.00019986
    -0.01691879    -0.01696540     0.00004661
    -0.01356863    -0.01375307     0.00018444
    -0.01913940    -0.01919449     0.00005508
    -0.03132578    -0.03127988    -0.00004589
     0.00441137     0.00438988     0.00002149
    -0.03537888    -0.03537859    -0.00000029
    -0.02691750    -0.02690755    -0.00000995
    -0.03236590    -0.03234620    -0.00001970
    -0.03793958    -0.03798708     0.00004750
    -0.00987028    -0.00992011     0.00004984
    -0.02147642    -0.02147396    -0.00000246
    -0.02044318    -0.02034172    -0.00010146
    -0.01704363    -0.01698204    -0.00006160
    -0.00869967    -0.00872509     0.00002542
    -0.01902424    -0.01891540    -0.00010884
    -0.01756095    -0.01762605     0.00006510
    -0.01155308    -0.01155723     0.00000415
    -0.02911863    -0.02900037    -0.00011827
    -0.02132730    -0.02130341    -0.00002390
    -0.02227135    -0.02215270    -0.00011865
    -0.03048761    -0.03049170     0.00000409
    -0.02529004    -0.02529772     0.00000767
    -0.02254278    -0.02244604    -0.00009674
    -0.02681693    -0.02678646    -0.00003047
    -0.01522594    -0.01523716     0.00001122
    -0.01848067    -0.01849219     0.00001152
    -0.02565163    -0.02559287    -0.00005876
    -0.01544627    -0.01543927    -0.00000700
    -0.02792076    -0.02774885    -0.00017191
    -0.01989000    -0.02000104     0.00011104
    -0.02038149    -0.02037445    -0.00000704
    -0.02778699    -0.02780658     0.00001959
    -0.01371073    -0.01374649     0.00003576
    -0.02383761    -0.02382310    -0.00001451
    -0.01665949    -0.01660830    -0.00005119
    -0.03215787    -0.03218736     0.00002949
    -0.03285652    -0.03297686     0.00012034
    -0.01478781    -0.01476991    -0.00001790
    -0.02721759    -0.02721431    -0.00000328
    -0.02557601    -0.02558190     0.00000589
    -0.01659016    -0.01652476    -0.00006540
    -0.03283925    -0.03276178    -0.00007746
    -0.02374607    -0.02363025    -0.00011582
    -0.02879699    -0.02881376     0.00001677
    -0.02206865    -0.02207383     0.00000518
    -0.02594543    -0.02591862    -0.00002681
    -0.01957182    -0.01947818    -0.00009364
    -0.01829163    -0.01816705    -0.00012458
    -0.02075037    -0.02063056    -0.00011981
    -0.02116942    -0.02111365    -0.00005578
    -0.00316191    -0.00305348    -0.00010843
    -0.00171837    -0.00174051     0.00002214
    -0.02942359    -0.02940196    -0.00002163
    -0.00164340    -0.00166452     0.00002112
    -0.01831811    -0.01829297    -0.00002514
     0.03689978     0.03670357     0.00019621
     0.02867261     0.02880334    -0.00013073
     0.04027941     0.04024471     0.00003470
    -0.02622138    -0.02623614     0.00001476
     0.03808187     0.03807455     0.00000732
    -0.00132457    -0.00134624     0.00002167
     0.03749231     0.03745650     0.00003581
     0.05108943     0.05114750    -0.00005807
     0.03787403     0.03792005    -0.00004602
    -0.02683851    -0.02679189    -0.00004662
    -0.02334906    -0.02334469    -0.00000436
     0.04251801     0.04240556     0.00011245
     0.04518875     0.04517425     0.00001450
     0.04610022     0.04612861    -0.00002839
    -0.02399144    -0.02398826    -0.00000317
    -0.02395519    -0.02395184    -0.00000335
    -0.02395519    -0.02395184    -0.00000335
     0.03975605     0.03971131     0.00004474
     0.04622238     0.04625540    -0.00003303
    -0.03730929    -0.03727585    -0.00003344
     0.01515484     0.01511888     0.00003596
    -0.01958771    -0.01957158    -0.00001612
    -0.02793815    -0.02791957    -0.00001858
     0.03809553     0.03809839    -0.00000286
    -0.02208784    -0.02208258    -0.00000526
     0.01667990     0.01671971    -0.00003981
    -0.02518607    -0.02519116     0.00000509
     0.05688921     0.05674481     0.00014440
     0.05214053     0.05211717     0.00002335
     0.01356436     0.01353628     0.00002808
     0.04167043     0.04158682     0.00008360
    -0.03021460    -0.03020490    -0.00000970
    -0.02147367    -0.02149636     0.00002268
    -0.01991182    -0.01987217    -0.00003966
    -0.01421770    -0.01432285     0.00010514
    -0.02089633    -0.02088696    -0.00000937
     0.05296786     0.05293090     0.00003696
    -0.02647360    -0.02646045    -0.00001315
    -0.02020007    -0.02025299     0.00005292
    -0.02346743    -0.02345791    -0.00000952
    -0.03990270    -0.03988014    -0.00002255
     0.01417857     0.01415665     0.00002193
     0.04170629     0.04185809    -0.00015180
     0.04882457     0.04877016     0.00005442
     0.04438248     0.04436434     0.00001813
    -0.02082558    -0.02079591    -0.00002967
     0.05037628     0.05039694    -0.00002066
    -0.03728978    -0.03726490    -0.00002488
    -0.03571492    -0.03578409     0.00006917
    -0.02641349    -0.02642491     0.00001142
     0.05312329     0.05311020     0.00001310
    -0.02224215    -0.02223628    -0.00000587
    -0.02503382    -0.02502556    -0.00000826
     0.00816872     0.00816581     0.00000291
     0.04048801     0.04044699     0.00004103
    -0.02905362    -0.02911773     0.00006411
    -0.02362239    -0.02361672    -0.00000568
    -0.03433133    -0.03437409     0.00004276
    -0.02163088    -0.02161439    -0.00001648
     0.04766229     0.04770957    -0.00004727
     0.00977044     0.00979702    -0.00002658
    -0.02767191    -0.02768736     0.00001545
     0.05906621     0.05888405     0.00018216
    -0.03296083    -0.03298941     0.00002859
    -0.02961217    -0.02987834     0.00026617
    -0.03160651    -0.03162838     0.00002186
    -0.02895898    -0.02897648     0.00001750
    -0.03027158    -0.03029056     0.00001898
    -0.02166456    -0.02170707     0.00004251
     0.05976654     0.05987467    -0.00010812
     0.02680221     0.02684233    -0.00004012
     0.04557548     0.04557012     0.00000536
    -0.03417867    -0.03418830     0.00000963
     0.05636096     0.05636476    -0.00000381
     0.04042741     0.04042205     0.00000536
     0.06032068     0.06038386    -0.00006318
    -0.02059584    -0.02057366    -0.00002218
     0.05968823     0.05956716     0.00012107
    -0.02240768    -0.02241008     0.00000240
     0.04137304     0.04135732     0.00001571
    -0.02489445    -0.02489395    -0.00000050
     0.04609919     0.04610562    -0.00000643
    -0.03129701    -0.03155757     0.00026056
     0.03046541     0.03034259     0.00012281
    -0.03443312    -0.03429059    -0.00014253
    -0.00981833    -0.00982973     0.00001140
    -0.05612806    -0.05611511    -0.00001294
     0.06027646     0.06019766     0.00007880
     0.00274019     0.00275367    -0.00001348
     0.05797171     0.05800199    -0.00003028
    -0.02464103    -0.02465113     0.00001010
    -0.04425257    -0.04414278    -0.00010979
    -0.04753922    -0.04752772    -0.00001150
    -0.00979136    -0.00918332    -0.00060805
     0.01749151     0.01748586     0.00000564
    -0.04098878    -0.04101862     0.00002984
    -0.00111523    -0.00107863    -0.00003660
    -0.00111523    -0.00107863    -0.00003660
    -0.00111523    -0.00107863    -0.00003660
    -0.00111523    -0.00107863    -0.00003660
    -0.00111523    -0.00107863    -0.00003660
    -0.03900845    -0.03896612    -0.00004233
    -0.01374619    -0.01366006    -0.00008612
     0.03284667     0.03278132     0.00006536
    -0.00189266    -0.00185965    -0.00003301
     0.03284403     0.03277869     0.00006534
    -0.00184311    -0.00181052    -0.00003259
     0.01597208     0.01596469     0.00000738
     0.01199181     0.01199677    -0.00000496
    -0.03096509    -0.03101635     0.00005126
     0.00272949     0.00270065     0.00002884
    -0.00145361    -0.00146017     0.00000657
    -0.03257940    -0.03243389    -0.00014552
    -0.03444613    -0.03434038    -0.00010576
    -0.00168526    -0.00167450    -0.00001076
     0.01388521     0.01389901    -0.00001380
    -0.00139720    -0.00142908     0.00003188
    -0.00131426    -0.00134066     0.00002641
    -0.00147078    -0.00148784     0.00001707
    -0.00155083    -0.00155773     0.00000689
    -0.00177982    -0.00179865     0.00001884
    -0.00137605    -0.00140571     0.00002966
    -0.02442214    -0.02437593    -0.00004621
    -0.00160446    -0.00160328    -0.00000119
    -0.00175592    -0.00174273    -0.00001319
    -0.00082600    -0.00083524     0.00000924
    -0.00082600    -0.00083524     0.00000924
    -0.00082600    -0.00083524     0.00000924
    -0.00082600    -0.00083524     0.00000924
    -0.00082600    -0.00083524     0.00000924
    -0.00082600    -0.00083524     0.00000924
    -0.00082600    -0.00083524     0.00000924
    -0.00082600    -0.00083524     0.00000924
    -0.00082600    -0.00083524     0.00000924
    -0.00082600    -0.00083524     0.00000924
    -0.00082600    -0.00083524     0.00000924
    -0.00082600    -0.00083524     0.00000924
     0.00290427     0.00290514    -0.00000086
    -0.00137091    -0.00139576     0.00002485
    -0.03938783    -0.03941686     0.00002903
    -0.00186991    -0.00184815    -0.00002176
    -0.01505141    -0.01499746    -0.00005395
     0.04663828     0.04654608     0.00009220
    -0.02179814    -0.02180450     0.00000636
    -0.00141635    -0.00144079     0.00002444
    -0.03592861    -0.03592272    -0.00000589
    -0.00157491    -0.00157969     0.00000477
    -0.00155429    -0.00156255     0.00000826
     0.01531242     0.01538659    -0.00007417
    -0.02966025    -0.02974562     0.00008537
    -0.03510291    -0.03504872    -0.00005418
     0.01312726     0.01314024    -0.00001298
    -0.03641681    -0.03646302     0.00004621
    -0.02210452    -0.02209198    -0.00001254
    -0.03206339    -0.03204810    -0.00001530
    -0.03836079    -0.03835971    -0.00000108
    -0.00045536    -0.00059541     0.00014005
    -0.00339261    -0.00362908     0.00023647
    -0.00243839    -0.00233310    -0.00010529
     0.00146022     0.00143461     0.00002561
    -0.03850623    -0.03860885     0.00010261
     0.00982532     0.00986479    -0.00003946
    -0.01095533    -0.01097381     0.00001847
    -0.01935622    -0.01932626    -0.00002996
    -0.03566161    -0.03565898    -0.00000263
    -0.03394400    -0.03400830     0.00006430
     0.00176988     0.00177418    -0.00000430
     0.01010669     0.01011963    -0.00001294
    -0.03434744    -0.03430615    -0.00004129
    -0.02746456    -0.02749052     0.00002596
     0.00348464     0.00335027     0.00013436
    -0.02617991    -0.02622432     0.00004441
    -0.00862936    -0.00859136    -0.00003800
    -0.03484851    -0.03483830    -0.00001020
    -0.02632748    -0.02634945     0.00002197
    -0.04742732    -0.04738794    -0.00003938
    -0.01375873    -0.01380269     0.00004396
    -0.03719318    -0.03715925    -0.00003393
    -0.01931641    -0.01926930    -0.00004711
    -0.03915011    -0.03921294     0.00006283
    -0.03719258    -0.03718347    -0.00000911
    -0.03806451    -0.03803940    -0.00002511
    -0.02513951    -0.02515605     0.00001653
    -0.01351323    -0.01369951     0.00018628
    -0.01048746    -0.01054696     0.00005951
    -0.03902586    -0.03902933     0.00000347
    -0.02791417    -0.02790417    -0.00001001
    -0.03515907    -0.03508450    -0.00007457
    -0.03320965    -0.03317334    -0.00003631
    -0.03469950    -0.03460897    -0.00009052
    -0.03207063    -0.03212869     0.00005805
    -0.03149013    -0.03146045    -0.00002969
    -0.02740361    -0.02738691    -0.00001670
    -0.03239371    -0.03233676    -0.00005695
    -0.03311087    -0.03300433    -0.00010654
    -0.03746532    -0.03722792    -0.00023740
    -0.00180025    -0.00173332    -0.00006693
    -0.00180025    -0.00173332    -0.00006693
    -0.00276389    -0.00268442    -0.00007947
    -0.00209811    -0.00193892    -0.00015919
     0.03009152     0.02997152     0.00012000
     0.03742134     0.03739188     0.00002946
    -0.00251754    -0.00240906    -0.00010849
     0.00060042     0.00068905    -0.00008863
     0.02943091     0.02941023     0.00002068
    -0.01807519    -0.01797958    -0.00009561
     0.00362287     0.00374004    -0.00011717
     0.01397792     0.01395723     0.00002069
    -0.00231436    -0.00217616    -0.00013819
    -0.00543387    -0.00544961     0.00001574
    -0.00142267    -0.00128929    -0.00013338
    -0.00142294    -0.00128929    -0.00013365
    -0.00216453    -0.00207953    -0.00008500
    -0.00271847    -0.00263949    -0.00007898
     0.01718399     0.01714955     0.00003444
    -0.00703284    -0.00695862    -0.00007421
    -0.00228023    -0.00213737    -0.00014286
    -0.00221049    -0.00205943    -0.00015106
    -0.01262135    -0.01267060     0.00004925
    -0.00208066    -0.00192609    -0.00015457
    -0.01610688    -0.01603817    -0.00006871
     0.00665838     0.00676430    -0.00010592
    -0.00161230    -0.00150743    -0.00010487
    -0.00161230    -0.00150743    -0.00010487
    -0.00190257    -0.00177200    -0.00013057
    -0.00210162    -0.00194920    -0.00015241
    -0.00250407    -0.00242003    -0.00008405
     0.03054171     0.03036566     0.00017605
    -0.00205304    -0.00194574    -0.00010730
     0.03527096     0.03516565     0.00010531
    -0.00252369    -0.00243320    -0.00009049
    -0.01251906    -0.01242251    -0.00009655
    -0.00910637    -0.00907260    -0.00003377
     0.02964044     0.02961507     0.00002537
     0.03543154     0.03530782     0.00012372
    -0.00247822    -0.00237638    -0.00010184
    -0.00198850    -0.00199692     0.00000842
    -0.00747848    -0.00752064     0.00004216
    -0.00237055    -0.00225563    -0.00011491
    -0.00224687    -0.00211223    -0.00013464
    -0.01175053    -0.01173547    -0.00001506
    -0.00230883    -0.00218020    -0.00012863
     0.00014985     0.00021637    -0.00006652
     0.02401688     0.02385921     0.00015767
     0.00945688     0.00954738    -0.00009050
     0.01622196     0.01603554     0.00018642
    -0.00385694    -0.00376423    -0.00009271
     0.02818177     0.02816919     0.00001258
     0.00474890     0.00451267     0.00023623
    -0.02610625    -0.02594028    -0.00016597
     0.02285166     0.02276109     0.00009057
     0.00751750     0.00748980     0.00002770
     0.03044105     0.03029586     0.00014519
     0.03056900     0.03054917     0.00001983
     0.01208496     0.01208981    -0.00000485
     0.02030190     0.02025379     0.00004810
    -0.02296943    -0.02301519     0.00004576
    -0.01140339    -0.01143551     0.00003211
     0.03698800     0.03700328    -0.00001528
     0.03256468     0.03257413    -0.00000945
     0.02695054     0.02686088     0.00008965
     0.05616743     0.05617804    -0.00001061
     0.02790675     0.02789382     0.00001292
     0.03150883     0.03149497     0.00001385
     0.03063091     0.03052120     0.00010970
     0.02409862     0.02394871     0.00014991
     0.02807203     0.02792663     0.00014539
     0.00561727     0.00577826    -0.00016098
     0.01179682     0.01167080     0.00012601
     0.00018749     0.00019616    -0.00000868
    -0.00067710    -0.00067190    -0.00000521
    -0.00894204    -0.00882869    -0.00011335
    -0.04658132    -0.04650937    -0.00007195
     0.03232884     0.03215191     0.00017693
     0.03246016     0.03245237     0.00000779
     0.03094052     0.03072508     0.00021544
    -0.02974702    -0.02971128    -0.00003575
     0.02793066     0.02771709     0.00021358
     0.00882860     0.00878952     0.00003908
    -0.00177252    -0.00175712    -0.00001540
     0.03342301     0.03342127     0.00000174
    -0.00249284    -0.00243169    -0.00006115
     0.03439734     0.03440153    -0.00000419
     0.00173445     0.00177201    -0.00003756
    -0.01821892    -0.01821072    -0.00000820
     0.03538248     0.03539304    -0.00001056
     0.03637912     0.03639564    -0.00001652
    -0.02433732    -0.02410628    -0.00023104
    -0.04656203    -0.04656991     0.00000788
     0.02332380     0.02315464     0.00016917
    -0.04705929    -0.04710669     0.00004740
     0.02840741     0.02833175     0.00007566
    -0.02415280    -0.02415109    -0.00000171
    -0.02419748    -0.02424611     0.00004863
    -0.02223508    -0.02223893     0.00000385
    -0.02567721    -0.02563386    -0.00004334
    -0.00066401    -0.00077128     0.00010726
    -0.00084913    -0.00090761     0.00005847
    -0.00066374    -0.00077128     0.00010754
    -0.00066374    -0.00077128     0.00010754
    -0.00066374    -0.00077128     0.00010754
    -0.00066374    -0.00077128     0.00010754
    -0.00066374    -0.00077128     0.00010754
    -0.00088037    -0.00094390     0.00006353
     0.02944920     0.02950460    -0.00005540
    -0.00147769    -0.00158709     0.00010941
     0.02290880     0.02285253     0.00005627
    -0.00142073    -0.00150627     0.00008554
    -0.00108530    -0.00137198     0.00028668
     0.03548438     0.03547846     0.00000592
    -0.00150874    -0.00162178     0.00011304
    -0.00143932    -0.00152938     0.00009006
     0.03303590     0.03311423    -0.00007833
    -0.00160800    -0.00171997     0.00011196
     0.02464519     0.02478843    -0.00014325
     0.05745750     0.05747803    -0.00002054
     0.02682273     0.02689367    -0.00007094
    -0.00164901    -0.00176885     0.00011984
    -0.00111126    -0.00141486     0.00030360
    -0.00025527    -0.00031479     0.00005952
    -0.00113471    -0.00122349     0.00008878
    -0.00158286    -0.00170289     0.00012003
    -0.00145004    -0.00155997     0.00010993
     0.03183297     0.03193926    -0.00010629
    -0.00145290    -0.00154776     0.00009486
    -0.00162283    -0.00174694     0.00012411
     0.02674313     0.02651857     0.00022456
     0.03720613     0.03716452     0.00004161
     0.03148200     0.03151108    -0.00002909
    -0.00131684    -0.00142100     0.00010416
    -0.00108421    -0.00113966     0.00005545
     0.03498252     0.03490375     0.00007878
    -0.00108255    -0.00137423     0.00029168
     0.02425767     0.02435876    -0.00010108
     0.03192775     0.03193994    -0.00001219
     0.03372242     0.03374660    -0.00002418
    -0.00142816    -0.00153929     0.00011113
    -0.00035742    -0.00042766     0.00007024
    -0.00047582    -0.00055564     0.00007982
     0.02886927     0.02860259     0.00026668
     0.02753735     0.02756305    -0.00002570
    -0.00093066    -0.00099541     0.00006475
    -0.04074018    -0.04070686    -0.00003332
    -0.00113828    -0.00123296     0.00009468
    -0.00125439    -0.00133540     0.00008100
    -0.00095049    -0.00102471     0.00007422
    -0.00105939    -0.00135044     0.00029105
    -0.00130949    -0.00139860     0.00008910
     0.03165947     0.03162934     0.00003013
     0.02534278     0.02536151    -0.00001873
    -0.00136468    -0.00147613     0.00011145
     0.02311161     0.02299739     0.00011422
    -0.00117882    -0.00127814     0.00009932
    -0.00098432    -0.00106238     0.00007806
    -0.01359342    -0.01356929    -0.00002413
    -0.00144209    -0.00155972     0.00011763
    -0.00128255    -0.00137545     0.00009289
    -0.00102946    -0.00110505     0.00007559
    -0.00126288    -0.00136962     0.00010674
     0.03468524     0.03463043     0.00005481
    -0.02530814    -0.02533500     0.00002686
    -0.00104519    -0.00112614     0.00008096
     0.03325925     0.03332993    -0.00007068
    -0.00131396    -0.00142476     0.00011080
    -0.00122666    -0.00131844     0.00009178
    -0.00108029    -0.00117218     0.00009189
    -0.00112642    -0.00121182     0.00008540
     0.02388357     0.02373268     0.00015089
    -0.00131279    -0.00141901     0.00010623
    -0.00114748    -0.00123527     0.00008780
     0.01057658     0.01054956     0.00002702
     0.03626195     0.03634469    -0.00008274
     0.03617871     0.03616205     0.00001666
    -0.01649824    -0.01657849     0.00008025
     0.02860311     0.02857168     0.00003144
    -0.00124405    -0.00134640     0.00010235
    -0.00119613    -0.00129876     0.00010262
     0.02626838     0.02649880    -0.00023043
     0.03173947     0.03164792     0.00009155
    -0.00507933    -0.00502753    -0.00005180
     0.03187653     0.03183969     0.00003684
     0.01105969     0.01107719    -0.00001750
     0.04086693     0.04081981     0.00004712
     0.03629765     0.03624656     0.00005109
     0.02698287     0.02698568    -0.00000282
     0.03022940     0.03032075    -0.00009135
     0.03648669     0.03647553     0.00001116
     0.01972975     0.01970332     0.00002643
     0.04369928     0.04378653    -0.00008725
     0.04855978     0.04862231    -0.00006253
     0.03706155     0.03703219     0.00002936
     0.04360189     0.04361355    -0.00001165
     0.03587903     0.03583655     0.00004248
    -0.01108154    -0.01106582    -0.00001572
     0.03804508     0.03803357     0.00001151
     0.03135916     0.03126183     0.00009733
    -0.00247890    -0.00240353    -0.00007537
     0.02366060     0.02363359     0.00002701
     0.01876756     0.01872691     0.00004064
     0.01237441     0.01243160    -0.00005719
     0.01185614     0.01193095    -0.00007481
    -0.00174855    -0.00190114     0.00015259
     0.01147276     0.01152579    -0.00005303
    -0.00321511    -0.00321423    -0.00000088
     0.01391071     0.01393809    -0.00002738
    -0.02699193    -0.02698434    -0.00000759
     0.00739706     0.00746217    -0.00006511
     0.01117857     0.01120009    -0.00002152
     0.01629391     0.01623269     0.00006121
     0.01916860     0.01922159    -0.00005299
     0.01352360     0.01357931    -0.00005571
     0.01453991     0.01456483    -0.00002491
     0.00570800     0.00575995    -0.00005196
     0.01463589     0.01465391    -0.00001802
     0.02387780     0.02385326     0.00002454
     0.01867466     0.01868943    -0.00001477
     0.01070227     0.01080373    -0.00010146
     0.01951957     0.01952885    -0.00000928
    -0.02036024    -0.02023749    -0.00012275
     0.00698119     0.00693897     0.00004222
     0.01789543     0.01792654    -0.00003111
    -0.01142788    -0.01141409    -0.00001379
     0.01794107     0.01802836    -0.00008729
     0.00869845     0.00864742     0.00005102
     0.01249495     0.01252007    -0.00002512
     0.00705654     0.00717654    -0.00012000
     0.01619763     0.01612857     0.00006906
    -0.01869961    -0.01856980    -0.00012981
     0.02217287     0.02221864    -0.00004576
     0.01234874     0.01226868     0.00008006
    -0.00887733    -0.00885091    -0.00002643
     0.00981041     0.00986345    -0.00005304
     0.01617818     0.01623672    -0.00005854
     0.02218237     0.02214073     0.00004163
     0.02053401     0.02055818    -0.00002417
     0.00315638     0.00322419    -0.00006781
    -0.00192469    -0.00187329    -0.00005140
     0.01280252     0.01292175    -0.00011923
    -0.00810238    -0.00808744    -0.00001494
     0.01368466     0.01393456    -0.00024990
     0.03003827     0.02999021     0.00004806
     0.00309274     0.00317185    -0.00007911
    -0.01501938    -0.01498265    -0.00003673
     0.01812964     0.01814304    -0.00001340
     0.01687288     0.01682659     0.00004629
     0.01208830     0.01215057    -0.00006227
     0.01468999     0.01473763    -0.00004764
     0.00516965     0.00519732    -0.00002767
     0.00033239     0.00045863    -0.00012625
     0.00450593     0.00458142    -0.00007549
     0.00407031     0.00407945    -0.00000915
     0.00924725     0.00923338     0.00001387
     0.02105767     0.02101731     0.00004036
     0.02124401     0.02117899     0.00006502
     0.00750917     0.00749379     0.00001539
     0.04010009     0.04013760    -0.00003751
    -0.00201838    -0.00183423    -0.00018415
     0.00300898     0.00299212     0.00001686
    -0.02679282    -0.02672595    -0.00006687
     0.01843120     0.01842481     0.00000638
     0.00393877     0.00397295    -0.00003418
     0.01751151     0.01755907    -0.00004756
     0.02403500     0.02404288    -0.00000788
     0.01631116     0.01620077     0.00011039
     0.02139248     0.02137039     0.00002209
     0.00948344     0.00947537     0.00000807
    -0.00236932    -0.00236828    -0.00000104
     0.01581324     0.01584311    -0.00002987
     0.01891779     0.01884416     0.00007363
     0.01946754     0.01948851    -0.00002097
     0.02782176     0.02777750     0.00004426
     0.01617363     0.01618212    -0.00000849
    -0.01970752    -0.01967623    -0.00003129
     0.01998791     0.02003010    -0.00004219
     0.02358977     0.02355930     0.00003047
     0.02259813     0.02261349    -0.00001536
     0.00847425     0.00851377    -0.00003951
    -0.01211982    -0.01200137    -0.00011845
     0.00772074     0.00770837     0.00001237
     0.00675729     0.00679762    -0.00004033
     0.01436720     0.01441913    -0.00005192
    -0.00963316    -0.00965415     0.00002100
     0.00642230     0.00645223    -0.00002994
     0.00510951     0.00511426    -0.00000475
     0.01633807     0.01612295     0.00021512
     0.01338504     0.01341932    -0.00003429
     0.00616338     0.00613791     0.00002547
     0.01601896     0.01597680     0.00004216
     0.02199358     0.02201145    -0.00001788
    -0.00732560    -0.00718999    -0.00013561
     0.01231201     0.01228548     0.00002653
     0.01178522     0.01178676    -0.00000154
    -0.02020739    -0.02019979    -0.00000761
     0.01935189     0.01934859     0.00000330
     0.01514945     0.01513037     0.00001908
     0.01514276     0.01514925    -0.00000650
     0.00008242     0.00007000     0.00017869     0.00012545     0.00066377
