28291
27227
8831
27560
32015
23761
29776
16887
21334
15245
22747
15689
3048
18475
31649
9829
12967
15604
22826
23957
16922
2276
17502
24990
27382
23831
26295
16528
3147
6135
10675
21063
8451
19268
10234
284
17330
7271
13831
19626
15558
19859
858
28019
1461
17523
24100
2686
29975
18797
12687
9764
18437
21706
1447
4906
26911
1677
25397
24913
23908
16595
19816
23382
32186
29796
31255
15564
27334
8368
5267
32076
20047
10445
6351
5853
7314
3006
19967
77
22054
14469
29226
18259
24750
27739
28527
9878
248
12546
24019
19353
13646
16844
21514
15498
5562
8612
28822
12009
7313
10083
32136
32134
14854
24280
7099
7355
7663
7661
9556
21688
22148
13018
23615
8272
7324
8053
8544
7694
8082
7177
14212
7756
7492
7307
6862
7413
24023
14643
12813
12146
7073
7333
18078
9060
24940
22417
7025
13568
7602
7871
23447
13564
7146
22522
32135
19308
8256
32261
13374
8993
6904
7093
6964
6805
7188
11511
12441
18108
6568
6728
6709
6733
13398
22755
10951
7619
8190
8627
26251
7054
24556
11001
10674
32057
8240
10273
11200
6829
25964
7518
7538
10738
20093
8461
22291
22525
14064
11759
11410
7544
7509
7837
7083
16638
10500
13043
15789
12103
32209
32201
32204
32207
32208
32202
32206
32203
29068
28959
16128
16899
28872
29343
28923
28975
29205
29058
28919
28808
28838
29120
29370
29430
29131
14128
13613
29479
28779
29016
27042
29447
29496
29488
29433
29399
32333
13176
28211
29338
13081
29236
29222
22018
29397
29144
29395
28355
29473
29420
20628
32374
32369
32376
32373
32372
32375
32377
32370
32379
32380
32371
32378
29310
25658
28946
28648
32417
29458
29406
29260
29424
28875
29437
29413
29142
29478
29441
29065
32289
32286
32288
32292
32285
32287
32296
32290
32291
32295
32293
32294
29157
25113
29162
28971
29095
28652
29492
29321
29402
12411
28470
29220
13432
10521
16842
24446
8731
9782
29037
29392
16824
14400
20561
24874
11748
27255
28649
29254
23534
28943
29372
16167
28800
29347
13025
22646
23065
14718
9102
13141
14114
20560
15306
22262
22120
13721
17011
9413
21507
29177
21939
21773
10970
16031
13944
17316
12839
10549
26687
20066
20602
12039
14172
11002
17361
7621
28248
16806
28916
11908
16237
26864
11310
10774
19446
20403
19362
22032
20686
14025
27518
29017
11639
24406
20613
14034
27726
27690
11162
19832
12990
12801
9738
12420
18794
24817
13563
23073
15713
18361
25408
17186
26076
25796
22811
28861
20994
17528
27820
7804
25626
14967
11916
9953
14806
9926
10113
16129
7779
13670
8484
7577
10114
11616
8058
11484
13256
13570
8039
14470
14566
8556
14234
10626
10566
10172
9723
10775
10086
10678
12165
8878
9347
13300
7991
11400
10631
7789
13273
14260
10691
9211
13365
9012
11597
11522
10765
9457
10868
12988
8953
12854
11911
11566
12591
13894
9287
10739
10003
9119
8665
12193
11688
10763
12646
11179
14068
12620
9590
14027
14660
11273
18736
13486
12916
9607
10026
15954
13375
10124
13937
13264
8608
8916
8712
11932
12763
11526
11619
13094
11268
12643
9398
10712
11860
11426
9861
8598
14386
27379
29168
27853
24408
28366
27587
32468
32474
25064
29113
29010
27205
28824
28782
32486
32478
28596
28566
27415
28481
28956
29483
29481
24043
28584
28752
28419
16218
27445
27554
29125
28802
29178
28976
28276
29418
25377
28516
29012
32393
29490
29477
26832
29082
32465
29071
25321
27240
27232
28843
24973
29234
32466
32476
29410
29431
22250
28313
27993
28532
26829
26432
20890
28643
29130
26883
29494
28155
28036
27010
28887
29476
27658
29225
28644
13685
29414
28409
29150
28407
27997
27579
29382
28142
27932
28681
28392
28235
27743
22787
28578
27435
27754
28698
28526
28997
26774
28108
27698
28431
27142
1568
8743
28878
14199
4816
25526
6107
29009
1306
12284
5994
1336
1170
13938
6815
24844
1067
7500
1149
6556
15081
22929
1257
24477
1048
6153
7265
1042
7818
1982
8208
1818
6339
14859
16264
12510
6622
1081
8124
25782
24884
18528
8623
6985
7389
10122
12920
14292
14903
8637
8527
11161
11326
10694
11514
9554
18862
25102
7062
28421
10924
27732
10886
27735
16347
9564
27364
16946
7637
29108
16060
12252
7664
18506
27542
12006
9438
9271
10382
9626
10006
7881
19183
10493
9837
18127
15270
9283
9762
28041
12333
9880
13182
11353
14204
11110
28677
19703
21597
28270
372
373
16670
28797
374
375
376
377
378
379
27991
380
26593
381
27616
382
21145
383
25202
384
17285
27723
14618
385
29383
13235
13373
26950
27251
17876
29115
17277
20898
16368
20899
28272
28716
27817
29026
29152
29137
27562
28935
28769
14869
27873
10111
22204
28846
7830
18781
14678
17731
11451
26939
28415
26603
26191
27340
13105
25435
29096
27287
14561
28599
21153
14658
27350
14552
12371
16169
13735
28913
23031
18206
27769
28751
28365
15093
28047
29061
16053
16122
26099
17130
15507
28452
28957
29033
27404
17797
17806
28870
28178
28865
19794
29400
21915
22068
9788
14384
20859
2158
21509
180
166
28439
8101
10714
1118
10277
17789
2788
15337
24967
20284
15908
9331
17907
11094
28486
11009
22576
15669
14641
8176
12894
20867
11712
6188
12191
12100
18372
13476
11681
31295
29216
10913
19316
167
16447
16301
9240
28558
20917
10359
179
8342
15626
763
14217
19364
168
17281
28219
10252
2364
1583
21017
23545
1068
24347
534
20237
169
178
16494
8611
7502
170
9303
16149
177
171
14262
22753
176
8572
172
19645
175
173
174
8902
10837
15003
27609
9466
13012
7358
14246
11710
10089
11018
8771
10762
12236
9769
7515
30795
30894
30904
2053
1462
30619
30627
1662
862
995
30713
1111
2109
30965
2146
30652
25846
30642
711
2191
1401
752
2721
30703
30711
1392
1530
16627
1258
872
852
20586
2215
2790
1554
593
554
657
664
3555
2964
2170
18285
30797
581
30881
2411
1226
607
598
1297
30810
30820
30736
30726
3262
3102
30798
30808
1151
31050
31060
1534
1984
28743
16024
1012
1075
2616
1426
7478
28531
30892
30882
2388
4984
30966
30976
747
25500
15912
3560
1433
21988
28640
27770
6478
12679
28204
15506
8239
12625
25677
21903
28029
7939
28265
18661
28012
29210
30599
30595
30596
30598
2038
2413
3255
2284
30351
30343
30345
30346
30348
30349
30342
30350
30347
30341
30344
5968
1775
30352
2083
4200
2693
2142
30215
2676
2622
2670
4138
2120
2891
15921
2719
30517
30512
30518
30514
30520
30513
30511
30515
30516
30509
30519
30510
2356
1688
2241
2569
2635
30431
30433
30432
30436
30430
30429
30428
30427
30435
30426
30425
30434
30299
30551
2980
18215
10145
4499
2958
5420
1726
6157
15796
2024
5963
3111
1633
30383
29467
2254
2087
1756
2613
30467
2947
28163
2366
4802
4917
5197
2319
27653
1663
3017
24892
19387
29081
29149
6129
7467
2001
28230
3372
6144
288
30728
30734
6072
30812
30818
30909
30913
6097
2393
21601
11864
6054
29028
11996
1996
28994
1858
1995
3705
23805
6109
6311
15965
287
17270
6238
29172
28364
3488
1720
22937
11984
2770
28264
3447
1826
8325
25215
1937
27969
28796
286
24681
25811
1737
2003
1997
7403
3179
27588
23407
29328
28459
19314
27323
23810
29349
11312
22582
7604
29148
21296
29101
17927
8022
26755
13120
25157
28254
7087
15920
25826
29091
22805
24821
9207
13068
10457
22471
15858
22435
28225
14142
29086
15617
18752
12395
29059
12056
24877
17314
25553
28587
28775
10994
27166
7816
28524
25151
22170
22830
32390
32384
9565
10982
13616
27956
22231
8951
13641
24761
11767
8470
8979
7490
32383
32391
27428
28528
8965
7606
12905
28857
8213
29136
17542
10953
29212
8566
13764
24152
14954
29498
28774
32416
32406
9943
28060
28399
23649
27244
19781
28845
26370
28257
28461
18189
29247
7422
28850
27047
29374
32461
32457
20608
12778
28344
28984
29173
26956
29035
27885
29508
25365
18831
28921
29387
17910
29445
29378
29454
29104
29487
29357
29463
29505
29501
29495
29465
28807
32463
32455
29511
32477
32487
32464
32454
29500
32456
32462
29506
29215
32453
30065
30233
1628
29261
1598
19908
19777
4752
28046
2047
6001
28035
18856
30149
1769
29301
2238
30191
30189
30185
30188
30193
30190
30187
30196
30192
30186
30194
30195
18462
29266
1479
1743
29857
29855
29850
29849
29854
29853
29856
29858
29852
29851
29859
29860
4116
5988
2204
1069
28195
2084
3030
29938
29944
29943
29942
29941
29940
29939
29936
29937
29934
29933
29935
4543
28170
30101
30103
30108
30112
30102
30109
30106
30104
30107
30110
30111
30105
2908
1403
29265
1209
1272
1227
18694
1277
5686
30017
30018
30019
30020
30021
30022
30023
30024
30025
30026
30027
30028
8994
29184
19940
12072
28512
17513
25915
10750
28553
6625
12372
28115
13070
11977
6650
23177
25829
15153
6744
709
7746
20653
17348
7021
12556
20598
17086
15992
28670
7688
7937
7521
7400
26991
12217
6940
32284
32278
32277
32276
32281
32275
32274
32273
32283
32282
32279
32280
7812
6342
8112
8035
13019
744
10882
19628
15607
14890
32443
32442
32441
32447
32450
32448
32445
32449
32444
32451
32452
32446
8955
8925
17903
29258
8876
6701
23428
8360
12435
12896
8095
7414
18844
32359
32368
32367
32366
32365
32364
32363
32362
32361
32360
32357
32358
10919
10308
5964
7105
14612
17079
17556
11255
26006
29103
29403
28983
10569
7656
16785
17877
14648
11750
27307
29052
29385
29019
27701
18433
20250
29117
27907
17899
29373
7498
32240
32246
28917
29366
28249
10251
28970
8980
28787
29342
29213
28472
29244
28639
32414
32408
10022
9507
25786
27543
14201
17846
14515
18675
9464
8646
32330
32324
15381
10397
29141
6839
16675
8332
24777
28515
29109
10817
15609
8090
7080
7886
29192
7723
7563
7448
28051
29167
16574
29060
29346
28507
32394
32404
28837
29214
32225
29250
27904
29083
25442
32320
32310
10206
10296
16164
9690
9865
28776
21430
17088
29295
29196
9602
32309
29182
