                 -1.47406498167262722809
                  1.24429583859761350162
                 -1.09882853739201880039
                 -0.84106121296779257079
                 -0.63450177125744078310
                  0.37531512359805729862
                 -0.20255608312426676143
                 -0.02377670012205215788
                  0.30175016509066587833
                 -0.44764194159414322227
                  0.60474606846375089653
                 -0.87846051353234411163
                  1.07530059567689662003
                  1.25428063236221754018
                  1.52465008339773744339
                 -1.70967917406901892541
                  1.44620481562208635928
                 -1.21605276452842847590
                 -0.91477102990414149719
                 -0.69930013778426480808
                  0.46162389439880124886
                 -0.23437475275610356040
                 -0.02352458293765914699
                  0.25771041932012550557
                 -0.49623308554445177965
                 -0.69951290142451494347
                  0.92743538163251582063
                  1.23160020809792825069
                 -1.44230092020002187425
                  1.64667396330398174698
                  0.35520474486555098093
