    -0.00078195    -0.00083907     0.00005712
     0.03039585     0.03043024    -0.00003438
    -0.00259267    -0.00256193    -0.00003075
     0.02471656     0.02460494     0.00011163
    -0.00592648    -0.00595728     0.00003080
    -0.02022952    -0.02007391    -0.00015561
    -0.00030341    -0.00015261    -0.00015079
     0.03259769     0.03266076    -0.00006308
    -0.00096690    -0.00079929    -0.00016761
    -0.00952545    -0.00947512    -0.00005034
     0.02082338     0.02092249    -0.00009911
     0.01503903     0.01503154     0.00000748
    -0.00836549    -0.00841960     0.00005411
    -0.00070159    -0.00055613    -0.00014546
    -0.00162283    -0.00184335     0.00022052
    -0.00132362    -0.00125290    -0.00007072
    -0.02178163    -0.02178913     0.00000750
    -0.00098293    -0.00092482    -0.00005811
    -0.02882113    -0.02882295     0.00000182
     0.00014779     0.00009701     0.00005078
     0.02409740     0.02413606    -0.00003866
    -0.00244497    -0.00240803    -0.00003694
    -0.01681275    -0.01684686     0.00003412
    -0.00438052    -0.00446943     0.00008891
    -0.00024322    -0.00022232    -0.00002089
    -0.01070803    -0.01071782     0.00000979
    -0.00023187    -0.00026911     0.00003724
    -0.02017286    -0.02018484     0.00001198
     0.04359261     0.04362123    -0.00002861
    -0.01929802    -0.01934342     0.00004540
    -0.02246607    -0.02250999     0.00004392
    -0.02559108    -0.02565053     0.00005945
     0.00427458     0.00425116     0.00002342
    -0.00045549    -0.00051642     0.00006093
     0.03403334     0.03401075     0.00002259
    -0.00635930    -0.00643492     0.00007562
    -0.00515356    -0.00519577     0.00004221
    -0.00642787    -0.00645342     0.00002554
    -0.00178787    -0.00187227     0.00008440
    -0.01569887    -0.01575117     0.00005230
     0.02822648     0.02807866     0.00014782
     0.00391640     0.00383976     0.00007664
    -0.02374751    -0.02377123     0.00002371
     0.01960232     0.01958593     0.00001639
    -0.00066978    -0.00075316     0.00008338
    -0.01461104    -0.01454090    -0.00007015
     0.00979131     0.00983111    -0.00003980
     0.01354909     0.01353613     0.00001296
    -0.00075193    -0.00064818    -0.00010375
     0.03313729     0.03313656     0.00000073
     0.01794338     0.01807414    -0.00013076
    -0.02040751    -0.02044441     0.00003690
    -0.01384831    -0.01373357    -0.00011474
    -0.01055258    -0.01049446    -0.00005812
     0.01305989     0.01305842     0.00000147
    -0.04271480    -0.04275274     0.00003794
    -0.00045770    -0.00048215     0.00002445
    -0.02018862    -0.02009015    -0.00009846
    -0.00054425    -0.00053600    -0.00000825
     0.00595524     0.00602382    -0.00006859
     0.02194639     0.02194268     0.00000371
    -0.00819860    -0.00806724    -0.00013136
    -0.02827151    -0.02826986    -0.00000166
     0.03090775     0.03093874    -0.00003099
    -0.00573287    -0.00577911     0.00004625
    -0.00160387    -0.00168485     0.00008098
    -0.00199740    -0.00201248     0.00001508
    -0.00681019    -0.00681039     0.00000020
    -0.01344615    -0.01343177    -0.00001438
    -0.02367608    -0.02372458     0.00004850
     0.03156113     0.03168219    -0.00012106
    -0.02061848    -0.02040347    -0.00021500
     0.02064786     0.02069070    -0.00004283
     0.02129043     0.02132533    -0.00003490
     0.01153700     0.01147313     0.00006388
    -0.00057283    -0.00060617     0.00003334
     0.00014387     0.00009889     0.00004498
    -0.01402548    -0.01399655    -0.00002893
     0.02782960     0.02772303     0.00010658
    -0.00065920    -0.00057786    -0.00008133
    -0.01846557    -0.01858967     0.00012411
    -0.00002822     0.00010885    -0.00013707
     0.02134611     0.02144322    -0.00009711
     0.02835582     0.02825080     0.00010502
    -0.00049280    -0.00053549     0.00004269
    -0.00013910    -0.00029247     0.00015336
    -0.02003166    -0.02005059     0.00001893
     0.00674872     0.00673946     0.00000927
    -0.01022351    -0.01025892     0.00003541
    -0.00455818    -0.00452183    -0.00003635
     0.02967255     0.02963682     0.00003572
    -0.00474507    -0.00470566    -0.00003941
     0.02545579     0.02545611    -0.00000032
     0.02731150     0.02733493    -0.00002344
    -0.00007951    -0.00008214     0.00000262
    -0.01181937    -0.01182787     0.00000850
    -0.02093005    -0.02092908    -0.00000097
     0.03899569     0.03891440     0.00008128
     0.03439734     0.03437719     0.00002016
    -0.02353886    -0.02346994    -0.00006892
    -0.02468696    -0.02467949    -0.00000746
    -0.02468696    -0.02467949    -0.00000746
    -0.02338383    -0.02345407     0.00007024
    -0.04761255    -0.04765678     0.00004423
    -0.02255435    -0.02263946     0.00008511
    -0.02663336    -0.02658911    -0.00004425
    -0.02663363    -0.02658911    -0.00004452
    -0.02564562    -0.02562043    -0.00002519
    -0.02564589    -0.02562043    -0.00002546
    -0.02427411    -0.02430819     0.00003409
    -0.03333202    -0.03333700     0.00000498
    -0.02495007    -0.02494566    -0.00000441
    -0.02568910    -0.02566685    -0.00002225
    -0.03734385    -0.03738828     0.00004444
    -0.03309321    -0.03307928    -0.00001393
    -0.02635953    -0.02635502    -0.00000451
    -0.02512612    -0.02514676     0.00002064
    -0.02419568    -0.02425797     0.00006228
    -0.03190130    -0.03184396    -0.00005734
    -0.03259905    -0.03256874    -0.00003031
    -0.03259905    -0.03256874    -0.00003031
    -0.02342198    -0.02349050     0.00006852
    -0.02349943    -0.02356395     0.00006452
    -0.02702893    -0.02700509    -0.00002385
    -0.02647268    -0.02645852    -0.00001416
    -0.02647268    -0.02645852    -0.00001416
    -0.02647268    -0.02645852    -0.00001416
    -0.02647268    -0.02645852    -0.00001416
    -0.02647268    -0.02645852    -0.00001416
    -0.02647268    -0.02645852    -0.00001416
    -0.02647295    -0.02645852    -0.00001444
    -0.02647295    -0.02645852    -0.00001444
    -0.02647295    -0.02645852    -0.00001444
    -0.02647295    -0.02645852    -0.00001444
    -0.02647295    -0.02645852    -0.00001444
    -0.02647295    -0.02645852    -0.00001444
    -0.02369459    -0.02371714     0.00002256
    -0.05104764    -0.05103922    -0.00000841
    -0.02706406    -0.02707752     0.00001346
    -0.02442285    -0.02445564     0.00003279
    -0.02545658    -0.02550062     0.00004404
    -0.04168126    -0.04165164    -0.00002961
    -0.03406988    -0.03402077    -0.00004911
    -0.02765167    -0.02766711     0.00001544
    -0.02765167    -0.02766711     0.00001544
    -0.02456614    -0.02459316     0.00002702
    -0.02675287    -0.02676653     0.00001365
    -0.02675287    -0.02676653     0.00001365
    -0.02664139    -0.02664787     0.00000648
    -0.02718913    -0.02717583    -0.00001330
    -0.02708472    -0.02709894     0.00001422
    -0.03614956    -0.03615380     0.00000424
    -0.02707334    -0.02705955    -0.00001379
    -0.03270436    -0.03270689     0.00000253
    -0.03270436    -0.03270689     0.00000253
    -0.02516321    -0.02516847     0.00000525
    -0.02773039    -0.02774704     0.00001665
    -0.02773039    -0.02774704     0.00001665
    -0.02593732    -0.02592822    -0.00000910
    -0.03990035    -0.03990711     0.00000675
    -0.02631243    -0.02633814     0.00002571
    -0.03367485    -0.03364194    -0.00003291
    -0.04464276    -0.04466390     0.00002115
    -0.03156880    -0.03163255     0.00006375
    -0.03025914    -0.03032750     0.00006836
    -0.03025914    -0.03032750     0.00006836
    -0.03357673    -0.03359040     0.00001367
    -0.06867857    -0.06871205     0.00003348
    -0.06777222    -0.06776070    -0.00001152
    -0.03328924    -0.03326339    -0.00002585
    -0.02801420    -0.02799733    -0.00001688
    -0.04156169    -0.04157503     0.00001334
    -0.03329574    -0.03331440     0.00001866
    -0.03475754    -0.03477324     0.00001570
    -0.02942702    -0.02938870    -0.00003832
    -0.02986885    -0.02984026    -0.00002859
    -0.03295288    -0.03297051     0.00001763
    -0.03295302    -0.03297051     0.00001750
    -0.03278504    -0.03280441     0.00001937
    -0.02990352    -0.02987694    -0.00002658
    -0.03230936    -0.03232690     0.00001755
    -0.03028290    -0.03026034    -0.00002256
    -0.03045909    -0.03043950    -0.00001959
    -0.03162877    -0.03163933     0.00001055
    -0.03095829    -0.03094269    -0.00001560
    -0.03156888    -0.03156453    -0.00000435
    -0.03673553    -0.03675085     0.00001531
    -0.06949418    -0.06946381    -0.00003037
    -0.03288330    -0.03288870     0.00000540
    -0.03288330    -0.03288870     0.00000540
    -0.03288330    -0.03288870     0.00000540
    -0.03288330    -0.03288870     0.00000540
    -0.03288330    -0.03288870     0.00000540
    -0.03288330    -0.03288870     0.00000540
    -0.03288330    -0.03288870     0.00000540
    -0.03288330    -0.03288870     0.00000540
    -0.03288330    -0.03288870     0.00000540
    -0.03288330    -0.03288870     0.00000540
    -0.03288330    -0.03288870     0.00000540
    -0.03288330    -0.03288870     0.00000540
    -0.00246285    -0.00248068     0.00001783
    -0.00246285    -0.00248068     0.00001783
    -0.00246285    -0.00248068     0.00001783
    -0.00246285    -0.00248068     0.00001783
    -0.00246285    -0.00248068     0.00001783
    -0.00246285    -0.00248068     0.00001783
    -0.00246285    -0.00248068     0.00001783
    -0.00246285    -0.00248068     0.00001783
    -0.00246285    -0.00248068     0.00001783
    -0.00246285    -0.00248068     0.00001783
    -0.00246285    -0.00248068     0.00001783
    -0.00475271    -0.00469831    -0.00005441
    -0.00381071    -0.00383008     0.00001937
    -0.00414574    -0.00409910    -0.00004664
    -0.01144544    -0.01142588    -0.00001955
     0.02332380     0.02335767    -0.00003387
    -0.00605170    -0.00609889     0.00004719
    -0.00687790    -0.00692982     0.00005192
    -0.01449997    -0.01454650     0.00004654
    -0.00649710    -0.00643521    -0.00006189
    -0.01538891    -0.01538942     0.00000052
    -0.00226807    -0.00230148     0.00003341
    -0.00226807    -0.00230148     0.00003341
    -0.00226807    -0.00230148     0.00003341
    -0.00226780    -0.00230148     0.00003368
    -0.00226780    -0.00230148     0.00003368
    -0.00226780    -0.00230148     0.00003368
    -0.00226780    -0.00230148     0.00003368
    -0.00226780    -0.00230148     0.00003368
    -0.00226780    -0.00230148     0.00003368
    -0.00226780    -0.00230148     0.00003368
    -0.00226780    -0.00230148     0.00003368
    -0.00226780    -0.00230148     0.00003368
    -0.00978497    -0.00977394    -0.00001103
    -0.03018575    -0.03026573     0.00007998
    -0.00728386    -0.00729163     0.00000776
    -0.01604941    -0.01607371     0.00002430
    -0.01604941    -0.01607371     0.00002430
    -0.01331663    -0.01334043     0.00002381
    -0.00676149    -0.00677069     0.00000921
    -0.00326392    -0.00326702     0.00000309
     0.04010009     0.04009262     0.00000747
    -0.00663351    -0.00660400    -0.00002951
    -0.04013609    -0.04023986     0.00010378
    -0.00740713    -0.00741919     0.00001206
    -0.00492668    -0.00492989     0.00000321
    -0.01289695    -0.01292633     0.00002939
    -0.01010212    -0.01011225     0.00001013
    -0.01167581    -0.01170779     0.00003198
    -0.03807393    -0.03805237    -0.00002156
    -0.00454144    -0.00453193    -0.00000951
    -0.01174707    -0.01176505     0.00001797
    -0.01768727    -0.01775501     0.00006775
    -0.03570547    -0.03581436     0.00010888
     0.02899809     0.02922173    -0.00022364
     0.02873648     0.02871105     0.00002543
    -0.01772321    -0.01775156     0.00002835
    -0.01772321    -0.01775156     0.00002835
    -0.01602035    -0.01604600     0.00002565
    -0.00347228    -0.00346877    -0.00000351
    -0.02133291    -0.02132665    -0.00000626
    -0.03144232    -0.03150384     0.00006152
     0.02840741     0.02837791     0.00002949
     0.02136097     0.02136836    -0.00000740
     0.02818177     0.02820084    -0.00001907
     0.02289427     0.02284075     0.00005353
     0.04766229     0.04769288    -0.00003059
    -0.05618381    -0.05616654    -0.00001727
     0.04882457     0.04880000     0.00002458
    -0.01842717    -0.01843667     0.00000950
    -0.01842690    -0.01843667     0.00000977
    -0.02364147    -0.02361258    -0.00002889
    -0.02398564    -0.02397202    -0.00001362
    -0.03361874    -0.03364329     0.00002455
    -0.01955206    -0.01958492     0.00003286
    -0.00019380    -0.00023944     0.00004565
     0.02604674     0.02603011     0.00001663
    -0.01676371    -0.01673517    -0.00002854
    -0.00188338    -0.00192107     0.00003769
    -0.00981833    -0.00976812    -0.00005021
    -0.00919157    -0.00914660    -0.00004498
    -0.03809042    -0.03805451    -0.00003590
    -0.01142788    -0.01145298     0.00002509
    -0.03643199    -0.03635458    -0.00007742
     0.01825979     0.01824742     0.00001237
    -0.03876126    -0.03878481     0.00002355
     0.05312329     0.05342003    -0.00029674
     0.01851672     0.01849715     0.00001958
    -0.04308466    -0.04305977    -0.00002489
     0.01104012     0.01108034    -0.00004022
    -0.00069756    -0.00074361     0.00004604
    -0.03427456    -0.03433620     0.00006164
     0.02466241     0.02461383     0.00004858
     0.02287517     0.02284918     0.00002599
     0.03297130     0.03294545     0.00002585
    -0.03116180    -0.03112729    -0.00003450
    -0.03878335    -0.03873219    -0.00005117
    -0.04133355    -0.04130044    -0.00003312
    -0.04318812    -0.04316979    -0.00001833
    -0.05506420    -0.05508338     0.00001918
    -0.01120774    -0.01127136     0.00006361
     0.00373316     0.00326725     0.00046591
     0.06027646     0.06027488     0.00000158
    -0.02489445    -0.02496055     0.00006611
    -0.03005038    -0.03011989     0.00006952
    -0.01628035    -0.01635311     0.00007276
    -0.01208986    -0.01206424    -0.00002561
    -0.04455347    -0.04451398    -0.00003950
    -0.02773515    -0.02777530     0.00004015
    -0.02499714    -0.02509282     0.00009568
    -0.03417867    -0.03409733    -0.00008134
     0.02469017     0.02466666     0.00002350
    -0.02076536    -0.02059212    -0.00017325
    -0.02565163    -0.02570310     0.00005147
    -0.02805791    -0.02806521     0.00000731
     0.02348237     0.02347429     0.00000808
    -0.04610433    -0.04615044     0.00004611
    -0.02845571    -0.02854982     0.00009411
    -0.02233549    -0.02237243     0.00003694
    -0.02267498    -0.02270391     0.00002893
    -0.01701484    -0.01707867     0.00006383
    -0.01228926    -0.01227071    -0.00001855
    -0.02202819    -0.02200786    -0.00002033
    -0.02783126    -0.02781250    -0.00001876
     0.05242606     0.05251637    -0.00009032
    -0.01938621    -0.01943980     0.00005360
    -0.02884363    -0.02887873     0.00003509
    -0.01248638    -0.01247519    -0.00001119
    -0.01505141    -0.01502780    -0.00002361
    -0.02374395    -0.02370965    -0.00003429
    -0.01789445    -0.01797244     0.00007799
     0.00491857     0.00484984     0.00006873
     0.04809811     0.04814182    -0.00004371
    -0.01638887    -0.01640474     0.00001586
    -0.01489086    -0.01495489     0.00006403
    -0.00795533    -0.00795102    -0.00000431
    -0.01268151    -0.01267775    -0.00000376
     0.00116165     0.00119295    -0.00003130
    -0.03056299    -0.03070443     0.00014144
    -0.01789720    -0.01806070     0.00016350
    -0.00082622    -0.00079872    -0.00002750
    -0.02147367    -0.02149425     0.00002057
     0.01642659     0.01646484    -0.00003825
    -0.00245368    -0.00252796     0.00007429
    -0.01893366    -0.01894234     0.00000869
    -0.01287428    -0.01287844     0.00000416
     0.06080115     0.06081784    -0.00001669
     0.05047788     0.05051577    -0.00003789
     0.00188278     0.00190893    -0.00002615
     0.04510255     0.04494567     0.00015688
    -0.03132578    -0.03126515    -0.00006063
    -0.00963316    -0.00965969     0.00002653
    -0.03513768    -0.03514525     0.00000757
    -0.01306476    -0.01307729     0.00001253
     0.02515927     0.02515429     0.00000498
    -0.02763022    -0.02757049    -0.00005974
     0.05274549     0.05271872     0.00002677
     0.03525537     0.03532722    -0.00007185
    -0.02706717    -0.02693302    -0.00013415
    -0.03765770    -0.03768109     0.00002338
    -0.01325344    -0.01327433     0.00002089
     0.00058551     0.00058332     0.00000219
     0.01010669     0.01008416     0.00002253
    -0.02529900    -0.02535362     0.00005463
     0.05648643     0.05644054     0.00004589
    -0.03537888    -0.03538121     0.00000232
    -0.02683851    -0.02679026    -0.00004825
     0.02030190     0.02018728     0.00011462
     0.03474176     0.03475405    -0.00001230
    -0.00887733    -0.00881752    -0.00005981
     0.03534838     0.03533512     0.00001326
     0.05478169     0.05477661     0.00000508
    -0.03088201    -0.03083747    -0.00004454
    -0.00114987    -0.00119339     0.00004351
    -0.03568515    -0.03578580     0.00010065
    -0.03117644    -0.03114555    -0.00003088
    -0.02619991    -0.02617138    -0.00002853
     0.04772572     0.04781068    -0.00008496
    -0.01968295    -0.01972328     0.00004033
    -0.01421770    -0.01417350    -0.00004420
    -0.01584750    -0.01583458    -0.00001292
     0.06033891     0.06021817     0.00012074
    -0.02308347    -0.02304543    -0.00003804
     0.05390684     0.05398015    -0.00007331
     0.05203029     0.05204528    -0.00001499
    -0.02366144    -0.02368890     0.00002746
     0.04616531     0.04620987    -0.00004456
     0.04715559     0.04716125    -0.00000566
    -0.02605866    -0.02610318     0.00004452
    -0.02438420    -0.02440152     0.00001731
     0.04762423     0.04767742    -0.00005319
    -0.02729327    -0.02726944    -0.00002383
    -0.02876611    -0.02868653    -0.00007958
     0.03698800     0.03700970    -0.00002170
    -0.02764584    -0.02762154    -0.00002430
    -0.02415280    -0.02415835     0.00000555
     0.04791702     0.04787274     0.00004428
     0.04562843     0.04566932    -0.00004089
     0.05745499     0.05735800     0.00009700
    -0.05612806    -0.05613160     0.00000354
    -0.01365944    -0.01362901    -0.00003042
     0.02416967     0.02416963     0.00000004
     0.02781635     0.02779434     0.00002201
     0.02844393     0.02848434    -0.00004042
     0.00018689     0.00018468     0.00000221
    -0.04336621    -0.04332953    -0.00003668
     0.02403500     0.02405903    -0.00002403
     0.02366060     0.02364244     0.00001816
     0.00257958     0.00259571    -0.00001612
    -0.01260559    -0.01257261    -0.00003298
    -0.03566161    -0.03570007     0.00003846
     0.00565953     0.00570319    -0.00004365
    -0.00341500    -0.00349493     0.00007992
     0.00696658     0.00700382    -0.00003725
    -0.03592861    -0.03592011    -0.00000850
     0.01815666     0.01813485     0.00002181
    -0.01159728    -0.01156516    -0.00003211
     0.01969492     0.01971375    -0.00001883
     0.01786659     0.01785084     0.00001575
     0.02168530     0.02160511     0.00008019
    -0.03977635    -0.03989183     0.00011547
     0.01863370     0.01871009    -0.00007638
    -0.01063465    -0.01060651    -0.00002813
     0.02692278     0.02690021     0.00002257
     0.01385386     0.01378143     0.00007243
     0.00243776     0.00244910    -0.00001134
    -0.00244478    -0.00244585     0.00000107
    -0.00971757    -0.00969618    -0.00002139
     0.02378496     0.02380837    -0.00002341
     0.01691569     0.01679914     0.00011654
    -0.00884558    -0.00883340    -0.00001218
    -0.03719318    -0.03718538    -0.00000780
    -0.00514467    -0.00519271     0.00004804
     0.02251331     0.02242337     0.00008994
     0.02264488     0.02251549     0.00012939
     0.02102912     0.02106273    -0.00003360
    -0.00801868    -0.00801720    -0.00000148
     0.01863098     0.01861368     0.00001730
     0.02252071     0.02248928     0.00003143
     0.01091340     0.01098321    -0.00006982
     0.02604075     0.02601788     0.00002288
     0.01151681     0.01156254    -0.00004573
     0.02218237     0.02214625     0.00003612
     0.02730102     0.02734350    -0.00004248
     0.00877611     0.00881464    -0.00003853
     0.02277590     0.02263367     0.00014223
     0.01940727     0.01938848     0.00001879
     0.02517029     0.02514740     0.00002289
     0.02338666     0.02348617    -0.00009951
    -0.03900845    -0.03902973     0.00002128
     0.01612130     0.01603696     0.00008434
     0.02019518     0.02017526     0.00001992
    -0.04136716    -0.04131663    -0.00005053
     0.00124054     0.00130921    -0.00006867
     0.02431166     0.02428882     0.00002284
    -0.03641681    -0.03646129     0.00004448
     0.02099500     0.02097401     0.00002099
     0.02346487     0.02344217     0.00002270
     0.02180642     0.02178475     0.00002166
     0.01665995     0.01665010     0.00000985
     0.02262981     0.02260747     0.00002233
    -0.03806451    -0.03803690    -0.00002761
     0.01610792     0.01608776     0.00002016
     0.01906628     0.01904805     0.00001823
     0.01704521     0.01719191    -0.00014670
    -0.03394400    -0.03393820    -0.00000580
    -0.01055323    -0.01031040    -0.00024282
     0.02742818     0.02725886     0.00016932
    -0.00186657    -0.00182454    -0.00004203
     0.01181475     0.01187506    -0.00006032
     0.01619069     0.01621098    -0.00002029
     0.02401486     0.02399520     0.00001967
     0.00832649     0.00833511    -0.00000862
     0.00937889     0.00936817     0.00001072
     0.01672994     0.01673630    -0.00000636
    -0.01821892    -0.01812913    -0.00008979
    -0.04378470    -0.04377898    -0.00000572
     0.01868138     0.01866171     0.00001967
    -0.03719258    -0.03716920    -0.00002337
     0.00241939     0.00247121    -0.00005182
     0.01679454     0.01676812     0.00002642
     0.01581324     0.01589395    -0.00008070
     0.02199358     0.02203409    -0.00004052
     0.00752841     0.00760705    -0.00007864
     0.01998791     0.02005944    -0.00007153
     0.00590977     0.00591226    -0.00000249
     0.01338019     0.01350093    -0.00012074
     0.01132671     0.01133991    -0.00001320
     0.01658580     0.01652725     0.00005856
     0.01290941     0.01289638     0.00001303
     0.01903246     0.01891568     0.00011678
     0.00582389     0.00587583    -0.00005194
     0.01959133     0.01974406    -0.00015273
     0.02472579     0.02467782     0.00004797
     0.01429022     0.01432211    -0.00003188
     0.01349320     0.01352375    -0.00003055
     0.02201831     0.02212252    -0.00010421
     0.01791775     0.01782227     0.00009548
     0.01786917     0.01778396     0.00008521
     0.00805579     0.00811699    -0.00006120
    -0.01444914    -0.01444115    -0.00000799
    -0.01651342    -0.01652992     0.00001650
    -0.01651369    -0.01652992     0.00001623
     0.00274019     0.00271835     0.00002184
    -0.01057690    -0.01057691     0.00000001
    -0.00617538    -0.00623163     0.00005625
    -0.02949703    -0.02957480     0.00007776
    -0.00599236    -0.00602784     0.00003549
    -0.01037418    -0.01040171     0.00002753
    -0.00801764    -0.00807180     0.00005415
     0.01981735     0.01977610     0.00004124
    -0.00723017    -0.00723482     0.00000465
     0.00474890     0.00472715     0.00002176
    -0.01094752    -0.01096719     0.00001967
    -0.00794532    -0.00797872     0.00003340
    -0.01083484    -0.01085700     0.00002217
    -0.01028207    -0.01028490     0.00000284
    -0.00795430    -0.00799285     0.00003855
    -0.00782316    -0.00787055     0.00004738
     0.03046541     0.03048787    -0.00002246
     0.01598206     0.01598405    -0.00000199
     0.01057658     0.01057210     0.00000448
    -0.00876667    -0.00875403    -0.00001264
    -0.00876694    -0.00875403    -0.00001291
    -0.00793721    -0.00798178     0.00004458
    -0.01048574    -0.01050462     0.00001887
    -0.00654739    -0.00657495     0.00002756
     0.01584560     0.01572807     0.00011753
    -0.00405031    -0.00402979    -0.00002052
    -0.00655792    -0.00658511     0.00002719
    -0.00646311    -0.00648459     0.00002147
     0.00419627     0.00418191     0.00001436
    -0.00702587    -0.00701591    -0.00000996
    -0.00832358    -0.00832537     0.00000179
    -0.00944453    -0.00944522     0.00000069
    -0.00493487    -0.00491861    -0.00001626
    -0.00736414    -0.00735340    -0.00001073
    -0.00672086    -0.00673932     0.00001846
    -0.01022517    -0.01024665     0.00002148
    -0.00798447    -0.00801375     0.00002928
     0.01732097     0.01733371    -0.00001274
     0.01131795     0.01131200     0.00000595
    -0.00851882    -0.00854819     0.00002937
    -0.01671179    -0.01670174    -0.00001005
    -0.01029507    -0.01031289     0.00001782
    -0.00430601    -0.00435531     0.00004930
    -0.02179814    -0.02182597     0.00002783
    -0.01481480    -0.01479400    -0.00002080
    -0.00744512    -0.00745780     0.00001269
    -0.01221682    -0.01220147    -0.00001535
    -0.01221682    -0.01220147    -0.00001535
    -0.01084537    -0.01082328    -0.00002209
    -0.00771429    -0.00772526     0.00001096
    -0.00949332    -0.00951212     0.00001880
    -0.01325404    -0.01324327    -0.00001077
     0.02332116     0.02331951     0.00000165
    -0.00903168    -0.00904693     0.00001525
     0.00130111     0.00126352     0.00003759
     0.00984029     0.00971140     0.00012889
    -0.01577618    -0.01580968     0.00003350
    -0.00846625    -0.00847856     0.00001231
     0.01878179     0.01868124     0.00010055
    -0.00888648    -0.00890362     0.00001714
     0.01749151     0.01747488     0.00001663
    -0.00780847    -0.00781332     0.00000485
    -0.00579676    -0.00577281    -0.00002394
    -0.01551645    -0.01551255    -0.00000390
    -0.01229566    -0.01227893    -0.00001672
    -0.01394788    -0.01393647    -0.00001140
    -0.00837104    -0.00836503    -0.00000601
     0.01316808     0.01326498    -0.00009690
    -0.00840990    -0.00840257    -0.00000732
    -0.01583284    -0.01581793    -0.00001491
    -0.01109977    -0.01109303    -0.00000674
    -0.01510531    -0.01509595    -0.00000937
    -0.00865929    -0.00865028    -0.00000901
    -0.00217457    -0.00217615     0.00000158
     0.02730608     0.02724518     0.00006090
    -0.01532254    -0.01530313    -0.00001941
    -0.01073367    -0.01072440    -0.00000927
    -0.02764429    -0.02765703     0.00001273
    -0.01526687    -0.01525315    -0.00001372
    -0.02379856    -0.02378411    -0.00001445
     0.01105969     0.01103846     0.00002123
    -0.01374238    -0.01371779    -0.00002459
    -0.02578072    -0.02581572     0.00003500
    -0.01119615    -0.01117765    -0.00001850
    -0.02538428    -0.02533852    -0.00004575
     0.02454941     0.02425368     0.00029573
    -0.01445376    -0.01442715    -0.00002661
    -0.01145975    -0.01143084    -0.00002891
    -0.00852312    -0.00850089    -0.00002224
    -0.01395838    -0.01392680    -0.00003158
    -0.01107365    -0.01104394    -0.00002970
     0.01330242     0.01321591     0.00008651
     0.01932487     0.01932313     0.00000174
    -0.00419197    -0.00419018    -0.00000178
     0.00169796     0.00175771    -0.00005975
     0.01246973     0.01249107    -0.00002135
     0.01531857     0.01540018    -0.00008161
     0.01767692     0.01771443    -0.00003750
    -0.03156026    -0.03156698     0.00000673
     0.00540938     0.00540162     0.00000776
    -0.03571492    -0.03574600     0.00003108
     0.03562354     0.03573954    -0.00011600
    -0.02961217    -0.02962519     0.00001302
     0.01667990     0.01667254     0.00000736
    -0.01262135    -0.01260152    -0.00001983
     0.03224960     0.03203797     0.00021163
     0.00421855     0.00422350    -0.00000495
    -0.01105008    -0.01094392    -0.00010616
     0.02758935     0.02751756     0.00007179
     0.02362163     0.02361735     0.00000429
    -0.03891650    -0.03904113     0.00012463
     0.03236816     0.03246110    -0.00009294
     0.02867261     0.02870385    -0.00003124
    -0.00209245    -0.00206991    -0.00002254
     0.02642392     0.02623142     0.00019250
     0.01973557     0.01958908     0.00014650
    -0.02247856    -0.02249520     0.00001664
     0.00737622     0.00738923    -0.00001301
    -0.02254278    -0.02250453    -0.00003825
     0.00861395     0.00858721     0.00002675
     0.02680221     0.02678803     0.00001418
    -0.01543770    -0.01546303     0.00002533
     0.04146887     0.04146052     0.00000835
     0.05068028     0.05066899     0.00001130
     0.01331020     0.01328033     0.00002988
     0.03245361     0.03244032     0.00001328
    -0.01665949    -0.01668429     0.00002479
    -0.02598238    -0.02598592     0.00000354
     0.01666836     0.01662570     0.00004266
     0.03278371     0.03274001     0.00004369
     0.02576148     0.02581189    -0.00005041
    -0.01994097    -0.01995319     0.00001222
    -0.04021418    -0.04019563    -0.00001856
    -0.02383761    -0.02398034     0.00014273
    -0.02854042    -0.02878855     0.00024814
     0.01140372     0.01145684    -0.00005312
    -0.02223508    -0.02221304    -0.00002204
    -0.02411974    -0.02416347     0.00004374
    -0.03462975    -0.03462089    -0.00000886
    -0.03462948    -0.03462090    -0.00000859
    -0.02364912    -0.02369419     0.00004507
    -0.02754990    -0.02755449     0.00000460
     0.03440205     0.03444528    -0.00004323
    -0.02154682    -0.02153168    -0.00001514
     0.02625140     0.02619552     0.00005588
     0.02866839     0.02862227     0.00004612
     0.00587728     0.00589720    -0.00001992
     0.03643583     0.03639564     0.00004019
     0.02768056     0.02774755    -0.00006698
    -0.06052406    -0.06052212    -0.00000194
     0.02790675     0.02792430    -0.00001755
    -0.00067710    -0.00073070     0.00005360
    -0.02297525    -0.02299116     0.00001591
    -0.02911967    -0.02912663     0.00000696
     0.02348000     0.02347617     0.00000383
    -0.02240768    -0.02240417    -0.00000350
    -0.02888276    -0.02885022    -0.00003254
    -0.03092664    -0.03099194     0.00006530
    -0.03210171    -0.03203485    -0.00006686
     0.02471526     0.02473266    -0.00001740
     0.01633807     0.01624995     0.00008812
     0.02425329     0.02415718     0.00009611
    -0.03069156    -0.03070245     0.00001089
    -0.02089843    -0.02092686     0.00002844
    -0.02089815    -0.02092686     0.00002871
     0.02736271     0.02725083     0.00011188
    -0.02647208    -0.02647414     0.00000206
    -0.02761850    -0.02760581    -0.00001269
    -0.04656203    -0.04651153    -0.00005050
    -0.03226533    -0.03228212     0.00001679
     0.04305285     0.04299482     0.00005803
    -0.04353865    -0.04356400     0.00002534
     0.04152409     0.04154311    -0.00001902
    -0.02251345    -0.02254003     0.00002658
    -0.02700880    -0.02698723    -0.00002157
    -0.04490042    -0.04491459     0.00001417
    -0.05926243    -0.05925762    -0.00000480
    -0.03384079    -0.03386576     0.00002497
    -0.02532849    -0.02542183     0.00009334
    -0.03593851    -0.03592245    -0.00001607
    -0.03593843    -0.03592245    -0.00001598
     0.02262597     0.02255166     0.00007431
    -0.02895049    -0.02889688    -0.00005361
    -0.03541747    -0.03545353     0.00003606
    -0.03712074    -0.03704557    -0.00007516
    -0.04027146    -0.04024306    -0.00002840
    -0.03869628    -0.03864204    -0.00005424
    -0.03218884    -0.03214134    -0.00004750
    -0.03244220    -0.03245018     0.00000798
     0.04130144     0.04128170     0.00001974
    -0.03725598    -0.03723764    -0.00001834
    -0.03196639    -0.03196851     0.00000212
    -0.03396566    -0.03388482    -0.00008085
    -0.03129701    -0.03138518     0.00008816
    -0.03857840    -0.03856547    -0.00001293
    -0.03857840    -0.03856547    -0.00001293
    -0.03990270    -0.03990514     0.00000245
     0.02487306     0.02485421     0.00001885
     0.03325776     0.03321513     0.00004263
     0.02086082     0.02078995     0.00007087
     0.03145789     0.03156335    -0.00010546
     0.03471724     0.03474246    -0.00002522
     0.01915045     0.01912980     0.00002065
     0.03052331     0.03049650     0.00002681
    -0.02447749    -0.02451077     0.00003328
     0.03004363     0.03005238    -0.00000875
     0.02170652     0.02170063     0.00000590
     0.03157378     0.03154593     0.00002784
     0.03207817     0.03209887    -0.00002070
     0.03021931     0.03023139    -0.00001208
    -0.02210452    -0.02207763    -0.00002689
    -0.02896932    -0.02900327     0.00003395
     0.02764671     0.02758352     0.00006320
     0.05616743     0.05616670     0.00000073
    -0.01293344    -0.01296387     0.00003044
     0.03123388     0.03116344     0.00007044
     0.02122581     0.02117350     0.00005230
     0.03990411     0.03989062     0.00001349
    -0.03256680    -0.03260011     0.00003330
    -0.01753423    -0.01758090     0.00004667
     0.02230871     0.02228663     0.00002208
    -0.02600962    -0.02585329    -0.00015633
     0.02653472     0.02654181    -0.00000709
     0.01564187     0.01564505    -0.00000319
     0.03098936     0.03100087    -0.00001151
    -0.02628794    -0.02623188    -0.00005606
     0.00171655     0.00169929     0.00001726
    -0.01610688    -0.01610422    -0.00000266
     0.03630557     0.03633131    -0.00002575
     0.02651505     0.02642497     0.00009008
     0.02124412     0.02126167    -0.00001755
     0.02546757     0.02545343     0.00001414
     0.01937432     0.01935907     0.00001525
     0.01972975     0.01966690     0.00006285
     0.02674313     0.02672704     0.00001609
    -0.03746532    -0.03807734     0.00061202
    -0.03311087    -0.03307435    -0.00003652
     0.02115274     0.02112816     0.00002458
    -0.01988826    -0.01994107     0.00005281
     0.01896419     0.01899290    -0.00002871
     0.04663828     0.04663775     0.00000052
    -0.03589753    -0.03598197     0.00008443
    -0.01960295    -0.01956362    -0.00003933
    -0.01222575    -0.01223984     0.00001409
     0.03633047     0.03640530    -0.00007483
     0.03453636     0.03455466    -0.00001830
     0.01436361     0.01445146    -0.00008785
     0.01586666     0.01575469     0.00011197
     0.03518381     0.03517121     0.00001259
     0.03280969     0.03280287     0.00000682
    -0.04660742    -0.04657983    -0.00002759
     0.02306285     0.02303732     0.00002552
    -0.03564686    -0.03571717     0.00007031
    -0.03307843    -0.03306838    -0.00001006
     0.02123253     0.02125432    -0.00002179
     0.02892734     0.02888077     0.00004656
     0.03572368     0.03570956     0.00001412
     0.02365214     0.02364661     0.00000552
     0.03493368     0.03494680    -0.00001312
     0.01339891     0.01344610    -0.00004718
     0.03433775     0.03430710     0.00003065
     0.01558385     0.01545050     0.00013336
    -0.01740359    -0.01744220     0.00003861
    -0.01971908    -0.01981917     0.00010008
     0.04015590     0.04021252    -0.00005662
     0.02600728     0.02598507     0.00002221
     0.02074302     0.02072818     0.00001485
    -0.02076139    -0.02078362     0.00002223
     0.02053766     0.02058318    -0.00004553
     0.03879040     0.03881555    -0.00002515
    -0.02093089    -0.02083755    -0.00009334
     0.01911799     0.01915487    -0.00003689
     0.02957298     0.02952007     0.00005291
     0.02317450     0.02321431    -0.00003981
     0.01647992     0.01645213     0.00002779
     0.02582347     0.02579246     0.00003101
     0.02120053     0.02124238    -0.00004186
    -0.02778946    -0.02781333     0.00002386
     0.02606364     0.02608921    -0.00002558
     0.01466832     0.01472867    -0.00006035
     0.01971783     0.01969327     0.00002457
     0.03407304     0.03408783    -0.00001480
    -0.02819342    -0.02820099     0.00000757
     0.03275783     0.03280067    -0.00004284
     0.02287615     0.02292483    -0.00004868
     0.02458451     0.02459603    -0.00001152
    -0.02791417    -0.02793677     0.00002260
     0.02528332     0.02528180     0.00000152
    -0.03271432    -0.03272551     0.00001119
     0.02786748     0.02790050    -0.00003302
     0.03294355     0.03295328    -0.00000974
    -0.02513951    -0.02508225    -0.00005727
    -0.03469950    -0.03471032     0.00001082
    -0.03515907    -0.03514384    -0.00001523
    -0.04098878    -0.04106952     0.00008073
    -0.03320965    -0.03320937    -0.00000028
    -0.02740361    -0.02745112     0.00004751
    -0.03530332    -0.03530580     0.00000248
    -0.03530359    -0.03530580     0.00000221
    -0.00568634    -0.00566509    -0.00002125
    -0.00344363    -0.00348654     0.00004291
     0.00234097     0.00243036    -0.00008939
     0.00240502     0.00242530    -0.00002028
    -0.00084589    -0.00078503    -0.00006087
     0.00863423     0.00850545     0.00012877
    -0.01458060    -0.01455290    -0.00002770
     0.00184871     0.00175547     0.00009325
    -0.02570056    -0.02575888     0.00005832
     0.00483247     0.00488089    -0.00004842
     0.00159157     0.00156649     0.00002508
    -0.00718898    -0.00717962    -0.00000936
    -0.00725039    -0.00726280     0.00001241
    -0.00891056    -0.00900461     0.00009405
     0.00353636     0.00348373     0.00005264
    -0.04693110    -0.04693543     0.00000433
     0.00693537     0.00699323    -0.00005786
     0.00225460     0.00223839     0.00001621
    -0.00001820    -0.00003001     0.00001181
    -0.00611875    -0.00611299    -0.00000576
     0.01073010     0.01061701     0.00011309
     0.00197653     0.00190383     0.00007270
    -0.02529848    -0.02536316     0.00006468
     0.00237408     0.00236888     0.00000521
     0.00211190     0.00206468     0.00004723
    -0.00551997    -0.00548302    -0.00003694
     0.00974742     0.00957906     0.00016836
    -0.02126499    -0.02132538     0.00006039
    -0.03482625    -0.03488942     0.00006317
    -0.00432302    -0.00441138     0.00008836
    -0.00522927    -0.00541789     0.00018863
    -0.03334119    -0.03327759    -0.00006359
    -0.02008116    -0.02003434    -0.00004682
    -0.01243386    -0.01241585    -0.00001801
    -0.00127526    -0.00132074     0.00004547
    -0.00153959    -0.00155635     0.00001676
     0.00494888     0.00503062    -0.00008174
    -0.01455004    -0.01461029     0.00006026
    -0.00300215    -0.00286485    -0.00013730
    -0.01683343    -0.01696169     0.00012827
     0.00091017     0.00089577     0.00001439
    -0.03577168    -0.03574692    -0.00002476
    -0.03579922    -0.03577518    -0.00002404
    -0.00132133    -0.00136754     0.00004621
     0.00770115     0.00753272     0.00016843
     0.00338110     0.00333191     0.00004919
    -0.00203340    -0.00190106    -0.00013234
     0.02787077     0.02785012     0.00002065
    -0.00183791    -0.00176340    -0.00007451
    -0.00597548    -0.00606411     0.00008862
     0.00250870     0.00249477     0.00001393
     0.01868532     0.01864519     0.00004014
    -0.01041053    -0.01041846     0.00000793
    -0.01866935    -0.01867648     0.00000713
     0.01781962     0.01782174    -0.00000212
     0.01777524     0.01769603     0.00007921
    -0.02126641    -0.02120626    -0.00006015
    -0.02050119    -0.02051780     0.00001661
    -0.03502875    -0.03505351     0.00002475
    -0.00335699    -0.00341911     0.00006212
     0.00322869     0.00318331     0.00004537
     0.00264650     0.00262475     0.00002174
    -0.00576802    -0.00577549     0.00000746
    -0.00301742    -0.00312377     0.00010635
    -0.03123679    -0.03119906    -0.00003774
     0.01052142     0.01029818     0.00022324
     0.00307891     0.00303814     0.00004077
    -0.03125824    -0.03122079    -0.00003745
     0.00346273     0.00351513    -0.00005240
     0.00999066     0.01000737    -0.00001671
    -0.01969770    -0.01975816     0.00006047
     0.00278748     0.00275872     0.00002876
     0.00293184     0.00289656     0.00003527
    -0.01818344    -0.01828005     0.00009661
    -0.03150363    -0.03149732    -0.00000631
    -0.01190906    -0.01201619     0.00010713
     0.01704578     0.01698512     0.00006067
    -0.00598887    -0.00602743     0.00003856
    -0.03468137    -0.03472039     0.00003901
    -0.00755100    -0.00751376    -0.00003723
    -0.02254667    -0.02265536     0.00010868
    -0.00217416    -0.00219111     0.00001695
     0.00662483     0.00644147     0.00018336
     0.03497964     0.03496029     0.00001935
    -0.03240533    -0.03240830     0.00000297
    -0.01491089    -0.01499168     0.00008079
    -0.03242824    -0.03243150     0.00000326
    -0.03355613    -0.03359234     0.00003621
    -0.03358046    -0.03361711     0.00003665
     0.00323508     0.00315853     0.00007655
     0.00578435     0.00582667    -0.00004232
    -0.00060181    -0.00056644    -0.00003537
    -0.04753922    -0.04753534    -0.00000388
    -0.03519649    -0.03523262     0.00003614
    -0.00070140    -0.00072048     0.00001908
    -0.00507933    -0.00504929    -0.00003005
     0.00194629     0.00186658     0.00007972
     0.01850513     0.01839919     0.00010594
    -0.00355315    -0.00356904     0.00001589
    -0.00280389    -0.00283035     0.00002646
    -0.00120819    -0.00117161    -0.00003657
    -0.00120819    -0.00117161    -0.00003657
    -0.00289834    -0.00292655     0.00002821
    -0.00351160    -0.00352725     0.00001565
    -0.00241123    -0.00240413    -0.00000710
    -0.00294016    -0.00296830     0.00002813
    -0.00394927    -0.00399167     0.00004240
    -0.00390347    -0.00393270     0.00002923
    -0.00351606    -0.00355044     0.00003438
    -0.00244704    -0.00242796    -0.00001908
     0.00146795     0.00145148     0.00001646
    -0.00962880    -0.00966140     0.00003260
    -0.00245675    -0.00243743    -0.00001932
    -0.00257003    -0.00253118    -0.00003885
    -0.00434691    -0.00427801    -0.00006890
    -0.00347993    -0.00348717     0.00000724
    -0.01404056    -0.01405863     0.00001808
    -0.00378489    -0.00382372     0.00003883
     0.01133520     0.01133341     0.00000179
    -0.00344725    -0.00347332     0.00002607
    -0.00317995    -0.00320139     0.00002144
    -0.00269148    -0.00272030     0.00002882
    -0.00306022    -0.00304195    -0.00001827
    -0.00281317    -0.00284175     0.00002858
    -0.00249449    -0.00248352    -0.00001097
     0.00131964     0.00130554     0.00001411
     0.00091672     0.00090391     0.00001281
    -0.00267717    -0.00270538     0.00002822
     0.00122851     0.00121616     0.00001236
     0.00099308     0.00098173     0.00001135
     0.00114900     0.00113787     0.00001113
     0.00114835     0.00113757     0.00001078
    -0.00276800    -0.00271918    -0.00004882
    -0.00314915    -0.00317817     0.00002902
    -0.00256753    -0.00256030    -0.00000723
    -0.00279763    -0.00282576     0.00002813
    -0.00263156    -0.00259849    -0.00003307
    -0.00263926    -0.00260537    -0.00003389
    -0.00319407    -0.00322789     0.00003382
    -0.00262587    -0.00265131     0.00002544
    -0.00259910    -0.00260429     0.00000519
     0.00330085     0.00338180    -0.00008095
     0.01141226     0.01144963    -0.00003737
     0.00895793     0.00897969    -0.00002175
    -0.00364665    -0.00368608     0.00003943
    -0.00199201    -0.00194352    -0.00004849
    -0.00199201    -0.00194352    -0.00004849
    -0.00358213    -0.00361795     0.00003581
    -0.00265172    -0.00265990     0.00000817
    -0.00315358    -0.00318009     0.00002651
    -0.00081074    -0.00085381     0.00004307
    -0.00271221    -0.00273167     0.00001946
    -0.00273932    -0.00275946     0.00002014
    -0.00273959    -0.00275946     0.00001987
    -0.00257597    -0.00255023    -0.00002574
    -0.00257597    -0.00255023    -0.00002574
     0.00492719     0.00492832    -0.00000112
    -0.00261063    -0.00259163    -0.00001900
    -0.00351892    -0.00355084     0.00003191
    -0.00296321    -0.00294479    -0.00001842
    -0.00321677    -0.00325070     0.00003393
     0.00236396     0.00237363    -0.00000967
    -0.00264465    -0.00263243    -0.00001221
     0.00456678     0.00453967     0.00002711
    -0.00285145    -0.00287727     0.00002581
    -0.00308757    -0.00312029     0.00003272
    -0.00346673    -0.00350100     0.00003427
    -0.00288784    -0.00289200     0.00000416
    -0.00306397    -0.00309723     0.00003325
    -0.00293750    -0.00295382     0.00001632
    -0.00332316    -0.00333677     0.00001361
    -0.00271240    -0.00271189    -0.00000051
    -0.00311361    -0.00314727     0.00003367
    -0.00300240    -0.00299818    -0.00000422
    -0.00291763    -0.00292354     0.00000591
     0.03424629     0.03420563     0.00004066
    -0.00324398    -0.00325315     0.00000917
    -0.00303366    -0.00306370     0.00003004
    -0.00217294    -0.00215564    -0.00001730
    -0.00217294    -0.00215564    -0.00001730
    -0.00307551    -0.00308862     0.00001311
    -0.00342896    -0.00346026     0.00003130
     0.02777325     0.02781259    -0.00003934
    -0.00335032    -0.00338060     0.00003028
    -0.00262895    -0.00266036     0.00003141
    -0.00262895    -0.00266036     0.00003141
    -0.00296310    -0.00298978     0.00002668
    -0.00307834    -0.00309557     0.00001722
     0.00579853     0.00578112     0.00001741
    -0.00330665    -0.00333181     0.00002517
    -0.00316466    -0.00318292     0.00001826
    -0.00234271    -0.00235207     0.00000937
    -0.00234271    -0.00235207     0.00000937
    -0.00249928    -0.00252307     0.00002378
    -0.00249928    -0.00252307     0.00002378
     0.00297902     0.00301638    -0.00003736
     0.00269069     0.00269198    -0.00000129
     0.01771992     0.01771673     0.00000319
    -0.00131684    -0.00152946     0.00021262
    -0.00035742    -0.00053769     0.00018027
    -0.00095049    -0.00113981     0.00018931
    -0.00961487    -0.00962205     0.00000717
    -0.00047582    -0.00065907     0.00018325
     0.02001585     0.01996951     0.00004635
    -0.00098432    -0.00117633     0.00019201
    -0.00128255    -0.00147388     0.00019132
    -0.00113828    -0.00134502     0.00020674
    -0.00774197    -0.00776396     0.00002199
    -0.00136468    -0.00158101     0.00021633
    -0.00144209    -0.00166040     0.00021830
    -0.00102946    -0.00121569     0.00018623
     0.04744308     0.04739868     0.00004440
    -0.02068944    -0.02073928     0.00004984
    -0.00981879    -0.00982550     0.00000670
    -0.00952782    -0.00949619    -0.00003163
     0.04726871     0.04727356    -0.00000485
     0.05296786     0.05299906    -0.00003120
    -0.00117882    -0.00138868     0.00020985
    -0.00122666    -0.00141954     0.00019288
    -0.00104519    -0.00123687     0.00019168
    -0.01192327    -0.01193624     0.00001297
     0.04154210     0.04156645    -0.00002435
    -0.00112642    -0.00131761     0.00019119
    -0.01722821    -0.01723782     0.00000961
    -0.00126288    -0.00147703     0.00021415
    -0.00114748    -0.00133998     0.00019251
    -0.00131279    -0.00151960     0.00020682
    -0.00131396    -0.00152941     0.00021546
    -0.00647990    -0.00653196     0.00005205
    -0.00108029    -0.00128354     0.00020325
    -0.00932434    -0.00930325    -0.00002108
    -0.02273764    -0.02263994    -0.00009770
    -0.01528200    -0.01540833     0.00012633
    -0.03335351    -0.03338053     0.00002702
    -0.00691052    -0.00693219     0.00002167
    -0.00124405    -0.00144926     0.00020521
     0.02376681     0.02377873    -0.00001192
    -0.01162397    -0.01158733    -0.00003664
     0.02843057     0.02907866    -0.00064809
    -0.02503295    -0.02507633     0.00004338
    -0.00709131    -0.00712500     0.00003369
    -0.01010873    -0.01006206    -0.00004667
    -0.00119613    -0.00140474     0.00020861
    -0.01108249    -0.01108806     0.00000557
    -0.00646798    -0.00650546     0.00003747
    -0.03433086    -0.03435123     0.00002037
     0.04410914     0.04411933    -0.00001019
    -0.00661419    -0.00666247     0.00004828
    -0.00789794    -0.00791051     0.00001257
    -0.00702680    -0.00705662     0.00002982
    -0.01649824    -0.01666375     0.00016552
     0.04527621     0.04528612    -0.00000991
    -0.03938783    -0.03937549    -0.00001234
    -0.01308639    -0.01308262    -0.00000377
    -0.01208904    -0.01209511     0.00000607
    -0.00820505    -0.00821042     0.00000538
    -0.00637976    -0.00642526     0.00004550
    -0.00794172    -0.00794053    -0.00000119
     0.04266253     0.04270961    -0.00004708
     0.03810435     0.03786085     0.00024350
     0.00309274     0.00310822    -0.00001548
     0.04618899     0.04625213    -0.00006315
    -0.00997798    -0.00996597    -0.00001201
    -0.01211886    -0.01210315    -0.00001571
    -0.01211886    -0.01210315    -0.00001571
    -0.03430373    -0.03424748    -0.00005625
    -0.01099971    -0.01099596    -0.00000375
     0.00816872     0.00816621     0.00000251
    -0.01011202    -0.01010685    -0.00000517
    -0.00695749    -0.00698702     0.00002953
    -0.01110118    -0.01108958    -0.00001161
    -0.01951658    -0.01954132     0.00002474
    -0.00853839    -0.00853153    -0.00000686
    -0.00864925    -0.00864165    -0.00000760
    -0.02436752    -0.02437218     0.00000466
    -0.01132573    -0.01129589    -0.00002985
    -0.01132573    -0.01129589    -0.00002985
    -0.01992652    -0.02008452     0.00015800
    -0.00881687    -0.00880835    -0.00000852
    -0.01402132    -0.01401917    -0.00000215
    -0.01357987    -0.01357343    -0.00000644
     0.03720613     0.03722587    -0.00001974
     0.03762962     0.03765502    -0.00002540
    -0.03615060    -0.03615179     0.00000119
    -0.02020007    -0.02020519     0.00000512
    -0.01334618    -0.01337814     0.00003196
    -0.01731229    -0.01732967     0.00001737
     0.04699355     0.04696731     0.00002624
    -0.03443312    -0.03444465     0.00001152
    -0.03185000    -0.03185113     0.00000113
     0.03303740     0.03302109     0.00001630
    -0.01804548    -0.01798525    -0.00006022
     0.02081181     0.02078131     0.00003051
     0.05077204     0.05080358    -0.00003154
    -0.01702682    -0.01701177    -0.00001505
    -0.05031954    -0.05025997    -0.00005957
     0.01607913     0.01602631     0.00005282
    -0.02464103    -0.02464278     0.00000175
    -0.02075037    -0.02067130    -0.00007907
    -0.00206371    -0.00215480     0.00009109
    -0.00194507    -0.00203089     0.00008582
     0.04489479     0.04491691    -0.00002213
     0.01038182     0.01040201    -0.00002019
     0.03749231     0.03747809     0.00001422
     0.02481050     0.02471865     0.00009185
     0.02023014     0.02033218    -0.00010204
    -0.00373838    -0.00370682    -0.00003156
     0.01270091     0.01261702     0.00008390
    -0.00898721    -0.00897660    -0.00001061
    -0.00904920    -0.00904165    -0.00000755
     0.03705557     0.03702448     0.00003109
    -0.00244094    -0.00250787     0.00006693
    -0.00206219    -0.00214492     0.00008274
     0.03697562     0.03696634     0.00000928
     0.02895947     0.02892711     0.00003236
     0.02990360     0.02987554     0.00002805
    -0.03286452    -0.03296440     0.00009988
     0.02261666     0.02262617    -0.00000951
     0.02937616     0.02935076     0.00002540
     0.04018376     0.04013618     0.00004758
     0.02832362     0.02835870    -0.00003507
    -0.00875066    -0.00875214     0.00000148
     0.03888994     0.03893830    -0.00004836
    -0.00505517    -0.00512301     0.00006785
    -0.02594543    -0.02595890     0.00001347
    -0.00840070    -0.00839334    -0.00000736
     0.03947044     0.03947010     0.00000035
     0.04584670     0.04584474     0.00000196
     0.02866058     0.02864913     0.00001146
     0.02392561     0.02405578    -0.00013017
     0.03063605     0.03065396    -0.00001791
    -0.03156796    -0.03164516     0.00007720
     0.03040894     0.03035054     0.00005840
    -0.00300963    -0.00310139     0.00009176
    -0.00852639    -0.00856746     0.00004108
    -0.00264312    -0.00264856     0.00000543
    -0.00867453    -0.00869978     0.00002526
     0.03809553     0.03810260    -0.00000707
    -0.00286419    -0.00289772     0.00003353
    -0.00573469    -0.00578637     0.00005168
    -0.02370593    -0.02376922     0.00006328
    -0.00241890    -0.00249384     0.00007494
    -0.00279227    -0.00288530     0.00009303
    -0.00979136    -0.00978431    -0.00000705
    -0.00826097    -0.00828848     0.00002752
     0.02928462     0.02921009     0.00007453
     0.03035414     0.03036764    -0.00001350
    -0.00715230    -0.00720178     0.00004948
     0.04677580     0.04674886     0.00002694
     0.03288148     0.03286139     0.00002008
     0.03387434     0.03391730    -0.00004296
     0.03607892     0.03593492     0.00014401
     0.04052543     0.04052530     0.00000013
    -0.00474787    -0.00474328    -0.00000459
     0.04473628     0.04474750    -0.00001122
    -0.00266936    -0.00273030     0.00006094
    -0.00662347    -0.00661802    -0.00000544
    -0.00517408    -0.00516316    -0.00001093
    -0.00533528    -0.00532283    -0.00001245
    -0.00696987    -0.00697746     0.00000759
    -0.00368148    -0.00369905     0.00001756
     0.02671456     0.02666146     0.00005310
    -0.00318817    -0.00322731     0.00003914
    -0.00310362    -0.00315275     0.00004912
    -0.00405583    -0.00412285     0.00006702
     0.04768287     0.04762930     0.00005356
    -0.00346850    -0.00348190     0.00001340
     0.03276890     0.03276008     0.00000882
     0.03679012     0.03672098     0.00006914
     0.02344634     0.02339458     0.00005175
    -0.00581638    -0.00586245     0.00004607
     0.02941227     0.02939985     0.00001242
     0.02409911     0.02410796    -0.00000885
     0.03045659     0.03061316    -0.00015657
    -0.00448933    -0.00452137     0.00003204
    -0.00379011    -0.00382457     0.00003445
    -0.00499408    -0.00504779     0.00005372
     0.04155005     0.04155317    -0.00000313
    -0.00416925    -0.00421559     0.00004634
    -0.00561074    -0.00563050     0.00001976
    -0.00460621    -0.00463338     0.00002717
    -0.00463951    -0.00466443     0.00002492
    -0.00482526    -0.00484835     0.00002310
     0.03629765     0.03623510     0.00006255
    -0.02625651    -0.02616273    -0.00009378
     0.03079159     0.03082955    -0.00003796
     0.03452009     0.03443639     0.00008370
     0.04867733     0.04860026     0.00007707
     0.01915404     0.01922463    -0.00007059
     0.02469488     0.02474124    -0.00004636
     0.03596782     0.03598293    -0.00001511
     0.03032385     0.03038887    -0.00006502
    -0.00439352    -0.00438361    -0.00000991
     0.03724022     0.03722853     0.00001169
    -0.02521208    -0.02524747     0.00003539
     0.03311443     0.03301918     0.00009525
    -0.01013496    -0.01010937    -0.00002559
    -0.00522404    -0.00528363     0.00005959
     0.00163159     0.00158097     0.00005062
    -0.01203366    -0.01189041    -0.00014326
    -0.00989474    -0.00989845     0.00000371
    -0.00061280    -0.00060076    -0.00001204
    -0.02059877    -0.02066055     0.00006178
    -0.01104975    -0.01107740     0.00002764
    -0.01242330    -0.01242518     0.00000187
    -0.01538461    -0.01537845    -0.00000616
    -0.05054069    -0.05051157    -0.00002912
    -0.03247918    -0.03255435     0.00007517
    -0.02413729    -0.02410354    -0.00003375
     0.00965076     0.00963684     0.00001393
     0.00192692     0.00181775     0.00010917
     0.00546478     0.00539853     0.00006625
     0.01153268     0.01146953     0.00006315
    -0.02399476    -0.02402045     0.00002569
    -0.02123340    -0.02117825    -0.00005515
     0.00792962     0.00789071     0.00003891
    -0.00672676    -0.00672310    -0.00000366
    -0.00454827    -0.00441536    -0.00013292
    -0.00620860    -0.00618832    -0.00002029
    -0.02296132    -0.02308286     0.00012154
    -0.00597842    -0.00600517     0.00002674
    -0.01063252    -0.01070706     0.00007454
    -0.00063052    -0.00062199    -0.00000852
    -0.00351620    -0.00350459    -0.00001161
    -0.01302927    -0.01301039    -0.00001888
    -0.01148266    -0.01146680    -0.00001587
    -0.02507186    -0.02509645     0.00002459
    -0.01178250    -0.01179896     0.00001646
     0.01768381     0.01757999     0.00010382
    -0.02010339    -0.02008411    -0.00001929
    -0.00203351    -0.00215903     0.00012552
     0.00913222     0.00925033    -0.00011811
    -0.01819021    -0.01821965     0.00002943
    -0.02224811    -0.02222588    -0.00002223
    -0.00671917    -0.00687887     0.00015969
    -0.01800961    -0.01802838     0.00001877
     0.00137676     0.00135780     0.00001896
    -0.01299118    -0.01303682     0.00004564
    -0.00911535    -0.00911094    -0.00000441
    -0.02117672    -0.02112008    -0.00005664
     0.00159617     0.00157188     0.00002429
    -0.00582076    -0.00581537    -0.00000539
    -0.00314289    -0.00315018     0.00000729
    -0.00481954    -0.00481672    -0.00000283
    -0.01120159    -0.01124946     0.00004786
     0.00220820     0.00224396    -0.00003576
    -0.00493917    -0.00498342     0.00004425
    -0.01363641    -0.01373165     0.00009524
    -0.00622093    -0.00617375    -0.00004718
    -0.02333545    -0.02330226    -0.00003319
    -0.02739748    -0.02748850     0.00009102
    -0.00728862    -0.00727348    -0.00001514
    -0.01559781    -0.01561306     0.00001525
    -0.00983218    -0.00975176    -0.00008042
    -0.02037643    -0.02042663     0.00005020
     0.00053468     0.00052142     0.00001326
    -0.00223795    -0.00223044    -0.00000750
     0.01264304     0.01253701     0.00010603
     0.00891246     0.00878133     0.00013114
    -0.01154310    -0.01160336     0.00006026
    -0.00439894    -0.00439590    -0.00000304
    -0.04467176    -0.04463530    -0.00003646
    -0.00998663    -0.01012966     0.00014302
    -0.00616550    -0.00616256    -0.00000294
    -0.00780591    -0.00772829    -0.00007762
    -0.01571977    -0.01568277    -0.00003700
    -0.00881181    -0.00876897    -0.00004284
    -0.01661269    -0.01659868    -0.00001400
    -0.02419299    -0.02419310     0.00000011
    -0.01474174    -0.01471428    -0.00002746
    -0.00159385    -0.00163303     0.00003918
    -0.02144127    -0.02144946     0.00000819
    -0.00291301    -0.00292377     0.00001077
    -0.01141673    -0.01149136     0.00007463
    -0.00898944    -0.00903850     0.00004905
    -0.00187353    -0.00187139    -0.00000214
    -0.01279406    -0.01280473     0.00001067
    -0.01305140    -0.01301413    -0.00003727
    -0.02349766    -0.02352421     0.00002655
    -0.00123281    -0.00121565    -0.00001716
    -0.01761847    -0.01759069    -0.00002779
    -0.00710035    -0.00701388    -0.00008647
    -0.00283907    -0.00283820    -0.00000087
    -0.01157251    -0.01151156    -0.00006095
    -0.00457388    -0.00471206     0.00013818
    -0.01721645    -0.01724198     0.00002553
    -0.00066578    -0.00064633    -0.00001945
    -0.01309605    -0.01309076    -0.00000529
    -0.00272778    -0.00274079     0.00001301
     0.00568759     0.00564277     0.00004482
    -0.01454008    -0.01452733    -0.00001274
    -0.01589559    -0.01592775     0.00003216
    -0.00446427    -0.00457260     0.00010833
    -0.01544627    -0.01553984     0.00009357
    -0.00310436    -0.00310267    -0.00000169
    -0.00943329    -0.00945213     0.00001884
    -0.01398649    -0.01400119     0.00001470
    -0.02296943    -0.02305458     0.00008515
    -0.00848301    -0.00851993     0.00003691
    -0.00256960    -0.00245935    -0.00011025
    -0.00075691    -0.00063043    -0.00012648
    -0.00075691    -0.00063043    -0.00012648
    -0.01214425    -0.01212900    -0.00001525
    -0.01214425    -0.01212900    -0.00001526
    -0.00600493    -0.00597963    -0.00002530
    -0.00697251    -0.00682494    -0.00014757
    -0.00107621    -0.00098644    -0.00008977
    -0.01137235    -0.01134332    -0.00002903
    -0.01137235    -0.01134332    -0.00002903
    -0.00367332    -0.00363197    -0.00004135
    -0.00127978    -0.00124038    -0.00003940
    -0.00064118    -0.00061127    -0.00002991
    -0.00064118    -0.00061127    -0.00002991
    -0.01174794    -0.01172565    -0.00002229
    -0.01174794    -0.01172565    -0.00002229
    -0.00164305    -0.00154958    -0.00009347
    -0.00120590    -0.00117233    -0.00003357
    -0.00122615    -0.00118975    -0.00003640
    -0.00109852    -0.00100557    -0.00009295
    -0.00112974    -0.00108573    -0.00004401
    -0.00112974    -0.00108573    -0.00004401
    -0.00122506    -0.00115233    -0.00007273
    -0.00116748    -0.00112812    -0.00003936
    -0.02018405    -0.02009574    -0.00008830
    -0.00120612    -0.00113248    -0.00007363
    -0.00050861    -0.00039908    -0.00010953
    -0.00050861    -0.00039908    -0.00010953
    -0.03784497    -0.03786599     0.00002102
    -0.04141734    -0.04146485     0.00004751
     0.01624218     0.01623183     0.00001034
    -0.00454180    -0.00442433    -0.00011747
    -0.00173157    -0.00159547    -0.00013610
    -0.00513612    -0.00511349    -0.00002263
    -0.00170177    -0.00156555    -0.00013622
    -0.00120838    -0.00117112    -0.00003726
    -0.00062684    -0.00050654    -0.00012030
    -0.00062684    -0.00050654    -0.00012030
    -0.00803805    -0.00806888     0.00003083
     0.00443894     0.00444646    -0.00000752
     0.00988984     0.00993333    -0.00004349
    -0.00173802    -0.00162062    -0.00011740
    -0.00107681    -0.00095535    -0.00012146
    -0.00164637    -0.00151241    -0.00013397
    -0.00797481    -0.00800343     0.00002862
    -0.03058138    -0.03055415    -0.00002723
     0.00852799     0.00861453    -0.00008653
     0.03256468     0.03250804     0.00005664
    -0.00175127    -0.00170295    -0.00004832
    -0.00117586    -0.00107427    -0.00010159
    -0.00157973    -0.00144970    -0.00013003
    -0.00118770    -0.00108432    -0.00010338
    -0.00078750    -0.00074817    -0.00003933
    -0.00078750    -0.00074817    -0.00003933
    -0.00156289    -0.00143414    -0.00012874
     0.00222635     0.00224340    -0.00001705
    -0.00134307    -0.00127292    -0.00007015
    -0.00543972    -0.00542260    -0.00001712
    -0.00145320    -0.00132901    -0.00012418
    -0.00152664    -0.00140402    -0.00012263
     0.00076905     0.00075276     0.00001629
    -0.00141989    -0.00131797    -0.00010192
    -0.00095294    -0.00090576    -0.00004718
    -0.00095294    -0.00090576    -0.00004718
    -0.00129572    -0.00119940    -0.00009632
    -0.00135211    -0.00123219    -0.00011991
    -0.00142030    -0.00129845    -0.00012185
    -0.00585347    -0.00584581    -0.00000766
    -0.00749246    -0.00751315     0.00002069
    -0.00156885    -0.00145108    -0.00011776
    -0.04563515    -0.04564522     0.00001006
    -0.00580533    -0.00579576    -0.00000957
     0.01796515     0.01793252     0.00003263
    -0.00130985    -0.00119471    -0.00011514
    -0.00703480    -0.00704819     0.00001340
    -0.00619247    -0.00619045    -0.00000202
    -0.00665416    -0.00666143     0.00000727
     0.02060914     0.02050083     0.00010832
    -0.00660159    -0.00660761     0.00000601
    -0.00146963    -0.00141661    -0.00005302
    -0.00159769    -0.00153373    -0.00006396
    -0.05232309    -0.05231101    -0.00001208
     0.01324775     0.01336818    -0.00012042
     0.00553044     0.00542477     0.00010567
    -0.00335397    -0.00328399    -0.00006998
     0.01704083     0.01704577    -0.00000494
     0.01012674     0.01010267     0.00002408
     0.00379319     0.00372774     0.00006544
     0.01728111     0.01724378     0.00003733
    -0.04089224    -0.04092956     0.00003732
    -0.01756095    -0.01756151     0.00000056
    -0.03008572    -0.03010774     0.00002202
     0.01538203     0.01544231    -0.00006029
     0.00240002     0.00234514     0.00005487
    -0.03812753    -0.03818153     0.00005399
    -0.02571152    -0.02567260    -0.00003892
    -0.02530814    -0.02528409    -0.00002405
    -0.05329598    -0.05330678     0.00001080
    -0.06441868    -0.06445073     0.00003204
    -0.00109395    -0.00109825     0.00000430
    -0.00195247    -0.00186270    -0.00008978
    -0.00060409    -0.00062609     0.00002200
    -0.00060409    -0.00062609     0.00002200
     0.01555569     0.01558771    -0.00003202
     0.04594977     0.04596123    -0.00001146
     0.02542199     0.02541433     0.00000766
    -0.04559877    -0.04569717     0.00009840
     0.03060701     0.03065383    -0.00004681
    -0.00082600    -0.00078197    -0.00004403
    -0.00082600    -0.00078197    -0.00004403
    -0.00082600    -0.00078197    -0.00004403
    -0.00082600    -0.00078197    -0.00004403
    -0.00082600    -0.00078197    -0.00004403
    -0.00082600    -0.00078197    -0.00004403
    -0.00082600    -0.00078197    -0.00004403
    -0.00082600    -0.00078197    -0.00004403
    -0.00082600    -0.00078197    -0.00004403
    -0.00082600    -0.00078197    -0.00004403
    -0.00082600    -0.00078197    -0.00004403
    -0.00082600    -0.00078197    -0.00004403
     0.02111497     0.02113069    -0.00001571
     0.03744744     0.03745494    -0.00000750
    -0.00094938    -0.00095489     0.00000551
    -0.00037693    -0.00040080     0.00002387
    -0.00037693    -0.00040080     0.00002387
    -0.00091294    -0.00093441     0.00002147
     0.02378017     0.02380474    -0.00002458
    -0.00186991    -0.00180332    -0.00006659
    -0.00083569    -0.00086116     0.00002547
    -0.00080984    -0.00083960     0.00002976
    -0.00057372    -0.00060488     0.00003116
    -0.01058251    -0.01061637     0.00003386
     0.01789464     0.01785443     0.00004021
     0.00880419     0.00888352    -0.00007933
    -0.00175592    -0.00167051    -0.00008541
     0.01222629     0.01228747    -0.00006117
     0.01042969     0.01052985    -0.00010016
     0.02916195     0.02909984     0.00006211
    -0.00096100    -0.00098957     0.00002858
    -0.00047103    -0.00049850     0.00002747
    -0.00052959    -0.00055935     0.00002977
    -0.00052959    -0.00055935     0.00002977
    -0.00045340    -0.00048222     0.00002882
    -0.00045340    -0.00048222     0.00002882
    -0.00117757    -0.00120371     0.00002614
     0.01146895     0.01157380    -0.00010485
     0.01955157     0.01960214    -0.00005057
    -0.00100211    -0.00103201     0.00002990
    -0.00059560    -0.00062931     0.00003370
     0.01568715     0.01574074    -0.00005359
     0.02890238     0.02900714    -0.00010476
    -0.00097847    -0.00099363     0.00001516
    -0.00014936    -0.00018559     0.00003623
     0.01611858     0.01617914    -0.00006056
    -0.00060714    -0.00064174     0.00003460
     0.02626838     0.02623563     0.00003275
     0.02742799     0.02737880     0.00004918
    -0.00089730    -0.00092799     0.00003070
    -0.00084698    -0.00088315     0.00003617
    -0.00119605    -0.00123164     0.00003559
    -0.00101430    -0.00103595     0.00002164
    -0.00099580    -0.00103214     0.00003634
    -0.00110500    -0.00113421     0.00002921
     0.01596824     0.01603447    -0.00006623
     0.03284403     0.03285134    -0.00000731
     0.03284667     0.03285434    -0.00000767
    -0.00117757    -0.00121782     0.00004024
    -0.00088252    -0.00091879     0.00003627
    -0.00108035    -0.00111246     0.00003211
     0.02389973     0.02388952     0.00001021
    -0.00111999    -0.00116051     0.00004052
     0.00778186     0.00767996     0.00010190
    -0.00020923    -0.00025129     0.00004206
    -0.00067639    -0.00071830     0.00004191
    -0.00086603    -0.00090615     0.00004012
    -0.00086595    -0.00090615     0.00004021
    -0.00043435    -0.00047863     0.00004428
    -0.00068801    -0.00073117     0.00004316
    -0.00085672    -0.00089868     0.00004196
     0.02784715     0.02788788    -0.00004073
    -0.00069925    -0.00074401     0.00004475
    -0.00069922    -0.00074400     0.00004478
     0.00057827     0.00047416     0.00010411
    -0.00071090    -0.00075677     0.00004587
    -0.00086992    -0.00092391     0.00005399
    -0.00072271    -0.00076943     0.00004672
    -0.00081517    -0.00086239     0.00004722
    -0.00074625    -0.00079429     0.00004805
    -0.00094475    -0.00099469     0.00004994
    -0.00026656    -0.00031795     0.00005138
    -0.00111126    -0.00116364     0.00005238
    -0.00038559    -0.00043735     0.00005176
    -0.00108530    -0.00113831     0.00005301
    -0.00032577    -0.00038168     0.00005591
    -0.00102078    -0.00107779     0.00005701
    -0.00098492    -0.00104315     0.00005824
    -0.00108255    -0.00114399     0.00006144
     0.02275634     0.02277145    -0.00001511
    -0.00105939    -0.00112885     0.00006946
     0.00006585     0.00005717     0.00011664     0.00011946     0.00064809
