                  1.06194831708061987463
                 -1.29195665163750095239
                 -0.94011067457622188304
                 -0.98150246886003433833
                  0.66794652765159423513
                  0.70288870340189191221
                  0.52892425170447820992
                 -0.45301485440245858882
                  0.23476451051498303801
                  0.67200421876938454258
                  0.57767651705267375473
                  0.84943829281382909890
                 -1.09490559100497297784
                  1.29517077162884763908
                  1.27480046716774708671
                  1.43347760822344105769
                  1.42267319532231617529
                 -1.07125141483555919031
                  1.01749829958133508612
                  0.77460073955339447949
                  0.37812894022977611153
                  0.29739420161977636603
                  0.06559929745764121745
                  0.15726051761237797022
                 -0.51053373475803520698
                  0.49893408545752521155
                  0.96114411173174785219
                 -1.06899289596148383552
                  1.34881578522095413319
                 -1.44609075834246136871
                 -0.12007149470050111628
