    -0.00103343    -0.00102739    -0.00000604
    -0.00747023    -0.00753219     0.00006196
    -0.00563668    -0.00561936    -0.00001732
    -0.00095749    -0.00102250     0.00006501
    -0.00051163    -0.00056306     0.00005144
     0.02273479     0.02275310    -0.00001832
     0.02194552     0.02198774    -0.00004222
    -0.02411051    -0.02415594     0.00004542
    -0.01091158    -0.01091115    -0.00000043
    -0.00047024    -0.00051998     0.00004974
     0.01570511     0.01574601    -0.00004091
    -0.02315901    -0.02314945    -0.00000956
    -0.03150341    -0.03157725     0.00007384
    -0.00047141    -0.00044588    -0.00002553
    -0.01143482    -0.01139453    -0.00004029
    -0.00247240    -0.00248148     0.00000908
    -0.01208986    -0.01202572    -0.00006413
    -0.01363641    -0.01365315     0.00001673
     0.02277601     0.02273626     0.00003975
     0.00002977     0.00007103    -0.00004126
     0.01393147     0.01390653     0.00002494
    -0.00030360    -0.00023640    -0.00006720
     0.00007391     0.00016670    -0.00009280
     0.00893285     0.00909706    -0.00016422
     0.02382433     0.02380334     0.00002099
     0.01333850     0.01327091     0.00006760
     0.01761858     0.01763445    -0.00001587
    -0.04233945    -0.04227829    -0.00006116
     0.01439341     0.01441040    -0.00001699
     0.02824735     0.02828120    -0.00003385
    -0.00027677    -0.00026796    -0.00000881
     0.00283834     0.00284388    -0.00000554
    -0.00417689    -0.00416566    -0.00001123
     0.02639518     0.02639201     0.00000317
    -0.00053179    -0.00059804     0.00006624
    -0.01616269    -0.01617092     0.00000823
    -0.00479927    -0.00482986     0.00003059
    -0.00048191    -0.00043760    -0.00004432
    -0.02854991    -0.02855727     0.00000735
     0.01998067     0.01996597     0.00001470
     0.01113640     0.01115603    -0.00001963
    -0.00666434    -0.00664372    -0.00002062
    -0.00051879    -0.00058121     0.00006243
    -0.01757262    -0.01756712    -0.00000551
     0.02201864     0.02202179    -0.00000316
    -0.00047721    -0.00053218     0.00005497
    -0.02422047    -0.02425307     0.00003260
     0.01964436     0.01968566    -0.00004130
     0.00225008     0.00214962     0.00010047
     0.03225586     0.03223347     0.00002239
     0.02913561     0.02915023    -0.00001462
    -0.01619056    -0.01619657     0.00000601
    -0.00200548    -0.00196723    -0.00003825
    -0.00045595    -0.00056458     0.00010862
     0.01208009     0.01193384     0.00014625
    -0.00896974    -0.00894309    -0.00002665
     0.02620465     0.02623491    -0.00003027
    -0.00098935    -0.00097615    -0.00001320
    -0.00859779    -0.00856178    -0.00003601
     0.03272107     0.03275086    -0.00002979
    -0.03343134    -0.03339522    -0.00003611
     0.02419492     0.02422620    -0.00003128
     0.00007391     0.00016670    -0.00009280
    -0.00065571    -0.00052017    -0.00013555
     0.01074531     0.01075051    -0.00000519
    -0.00058205    -0.00050769    -0.00007436
    -0.00084671    -0.00078733    -0.00005938
    -0.03750039    -0.03757387     0.00007348
     0.01409792     0.01411579    -0.00001787
    -0.02057867    -0.02053642    -0.00004224
     0.02537503     0.02539702    -0.00002199
    -0.00045296    -0.00043856    -0.00001440
    -0.01578070    -0.01574462    -0.00003608
     0.01248524     0.01245067     0.00003457
    -0.00284914    -0.00287226     0.00002312
    -0.00600493    -0.00583604    -0.00016889
    -0.00050039    -0.00051283     0.00001244
    -0.00059745    -0.00052653    -0.00007092
    -0.00019290    -0.00022363     0.00003073
     0.03147427     0.03149049    -0.00001622
     0.00795645     0.00797837    -0.00002192
    -0.00189810    -0.00191917     0.00002106
     0.03498712     0.03493221     0.00005491
     0.02151101     0.02145864     0.00005237
     0.01645249     0.01646718    -0.00001468
     0.02972218     0.02966202     0.00006016
    -0.00037407    -0.00033321    -0.00004087
    -0.00654121    -0.00650765    -0.00003356
    -0.00045661    -0.00040228    -0.00005433
     0.02942996     0.02946972    -0.00003976
    -0.00057990    -0.00060729     0.00002739
    -0.00422854    -0.00427353     0.00004499
     0.00193402     0.00201465    -0.00008063
     0.00932221     0.00935116    -0.00002895
    -0.01980126    -0.01977923    -0.00002203
     0.02062277     0.02084900    -0.00022623
    -0.00179149    -0.00168668    -0.00010481
    -0.00602283    -0.00602370     0.00000087
    -0.00168770    -0.00155791    -0.00012979
     0.01996570     0.02000695    -0.00004125
    -0.00504905    -0.00502255    -0.00002650
    -0.00656624    -0.00658275     0.00001650
    -0.00377373    -0.00374248    -0.00003125
    -0.01289695    -0.01291667     0.00001973
    -0.00199840    -0.00200167     0.00000327
    -0.00199840    -0.00200167     0.00000327
    -0.00199840    -0.00200167     0.00000327
    -0.00199840    -0.00200167     0.00000327
    -0.00199813    -0.00200167     0.00000354
    -0.00199813    -0.00200167     0.00000354
    -0.00199813    -0.00200167     0.00000354
    -0.00199813    -0.00200167     0.00000354
    -0.00199813    -0.00200167     0.00000354
    -0.00199813    -0.00200167     0.00000354
    -0.00199813    -0.00200167     0.00000354
    -0.00199813    -0.00200167     0.00000354
     0.02287517     0.02287605    -0.00000088
    -0.00401749    -0.00398141    -0.00003608
    -0.00371278    -0.00368200    -0.00003077
    -0.00423755    -0.00420591    -0.00003164
    -0.00366341    -0.00366097    -0.00000244
    -0.00360031    -0.00359729    -0.00000302
     0.02466241     0.02465302     0.00000939
    -0.00535474    -0.00533557    -0.00001917
    -0.00600618    -0.00599115    -0.00001503
    -0.00345293    -0.00344672    -0.00000622
    -0.00978497    -0.00982894     0.00004397
    -0.00331184    -0.00330090    -0.00001094
    -0.00814437    -0.00815623     0.00001187
    -0.00640229    -0.00639580    -0.00000649
    -0.00378622    -0.00376040    -0.00002582
    -0.01449997    -0.01452475     0.00002478
    -0.00324942    -0.00323169    -0.00001773
    -0.00326196    -0.00324348    -0.00001848
    -0.00570280    -0.00566773    -0.00003507
    -0.00596259    -0.00592643    -0.00003615
    -0.01144544    -0.01147104     0.00002560
    -0.00646189    -0.00641628    -0.00004561
    -0.00976045    -0.00975387    -0.00000658
    -0.01326027    -0.01328253     0.00002226
    -0.00369776    -0.00370180     0.00000404
    -0.00295189    -0.00295991     0.00000802
    -0.00518410    -0.00516400    -0.00002010
    -0.00361367    -0.00361999     0.00000632
    -0.00386421    -0.00384344    -0.00002076
    -0.00317981    -0.00317127    -0.00000855
    -0.00313543    -0.00312949    -0.00000595
    -0.00417466    -0.00417377    -0.00000090
    -0.01162019    -0.01163093     0.00001074
    -0.00351593    -0.00349963    -0.00001630
    -0.00784039    -0.00781899    -0.00002140
    -0.00615600    -0.00613409    -0.00002191
    -0.01331663    -0.01329618    -0.00002045
    -0.00777925    -0.00776836    -0.00001089
    -0.00395591    -0.00394438    -0.00001153
    -0.00475271    -0.00471853    -0.00003419
    -0.00722070    -0.00720136    -0.00001934
    -0.00327339    -0.00327017    -0.00000322
    -0.00413349    -0.00411839    -0.00001510
    -0.00375493    -0.00377014     0.00001521
    -0.00357786    -0.00360534     0.00002748
    -0.00697896    -0.00697602    -0.00000294
    -0.00404827    -0.00404351    -0.00000476
    -0.00246312    -0.00244877    -0.00001435
    -0.00246285    -0.00244877    -0.00001407
    -0.00246285    -0.00244877    -0.00001407
    -0.00246285    -0.00244877    -0.00001407
    -0.00246285    -0.00244877    -0.00001407
    -0.00246285    -0.00244877    -0.00001407
    -0.00246285    -0.00244877    -0.00001407
    -0.00246285    -0.00244877    -0.00001407
    -0.00246285    -0.00244877    -0.00001407
    -0.00246285    -0.00244877    -0.00001407
    -0.00246285    -0.00244877    -0.00001407
    -0.00246285    -0.00244877    -0.00001407
    -0.00605170    -0.00603806    -0.00001364
    -0.00687790    -0.00686170    -0.00001620
    -0.00381071    -0.00382558     0.00001487
    -0.00740713    -0.00735595    -0.00005118
    -0.00347228    -0.00345907    -0.00001321
    -0.00728386    -0.00726151    -0.00002235
    -0.00676149    -0.00674407    -0.00001742
    -0.00649710    -0.00648377    -0.00001333
    -0.00663351    -0.00661855    -0.00001496
    -0.00492668    -0.00491613    -0.00001054
    -0.00226807    -0.00226398    -0.00000409
    -0.00226807    -0.00226398    -0.00000409
    -0.00226807    -0.00226398    -0.00000409
    -0.00226780    -0.00226398    -0.00000381
    -0.00226780    -0.00226398    -0.00000381
    -0.00226780    -0.00226398    -0.00000381
    -0.00226780    -0.00226398    -0.00000381
    -0.00226780    -0.00226398    -0.00000381
    -0.00226780    -0.00226398    -0.00000381
    -0.00226780    -0.00226398    -0.00000381
    -0.00226780    -0.00226398    -0.00000381
    -0.00226780    -0.00226398    -0.00000381
    -0.00326392    -0.00327586     0.00001193
    -0.00454144    -0.00453358    -0.00000787
    -0.00414574    -0.00415753     0.00001179
    -0.02933287    -0.02934587     0.00001300
    -0.05325783    -0.05326843     0.00001061
     0.06033891     0.06017554     0.00016336
     0.05203029     0.05200639     0.00002390
     0.02469017     0.02472729    -0.00003712
    -0.03290368    -0.03292450     0.00002082
    -0.03169354    -0.03167853    -0.00001501
    -0.03195262    -0.03188468    -0.00006794
    -0.04179487    -0.04181244     0.00001758
    -0.03662791    -0.03658767    -0.00004024
    -0.05422111    -0.05426631     0.00004520
    -0.02810754    -0.02809719    -0.00001035
    -0.04178006    -0.04168817    -0.00009189
    -0.02668964    -0.02672282     0.00003318
    -0.04171372    -0.04171636     0.00000264
     0.04715559     0.04716555    -0.00000996
    -0.03008572    -0.03006650    -0.00001923
    -0.02983965    -0.02977047    -0.00006919
    -0.02888276    -0.02886232    -0.00002044
     0.04762423     0.04768488    -0.00006065
    -0.05690100    -0.05683870    -0.00006229
    -0.02532849    -0.02539678     0.00006829
    -0.04292885    -0.04292729    -0.00000156
    -0.03570547    -0.03574781     0.00004234
     0.02515927     0.02512687     0.00003240
    -0.02895049    -0.02893967    -0.00001082
    -0.05104764    -0.05099186    -0.00005578
    -0.05818524    -0.05823620     0.00005096
    -0.03156026    -0.03156022    -0.00000003
    -0.03942231    -0.03943668     0.00001437
    -0.05054069    -0.05057114     0.00003045
    -0.02949703    -0.02956782     0.00007079
    -0.04102963    -0.04096787    -0.00006175
    -0.03389058    -0.03391291     0.00002233
    -0.04916967    -0.04889527    -0.00027439
    -0.03107216    -0.03103602    -0.00003615
    -0.04177419    -0.04178726     0.00001307
    -0.03017476    -0.03024288     0.00006812
    -0.03164388    -0.03155268    -0.00009120
    -0.05028784    -0.05025991    -0.00002793
    -0.03255078    -0.03260997     0.00005919
    -0.04352793    -0.04349680    -0.00003113
    -0.04456316    -0.04451305    -0.00005011
    -0.04455347    -0.04459660     0.00004312
    -0.03846041    -0.03843956    -0.00002085
    -0.04068178    -0.04070157     0.00001979
    -0.03427456    -0.03424394    -0.00003062
    -0.06052406    -0.06052266    -0.00000140
    -0.04939397    -0.04939344    -0.00000053
     0.01642659     0.01637789     0.00004870
    -0.05031954    -0.05032199     0.00000245
    -0.03495697    -0.03492487    -0.00003210
    -0.04536685    -0.04539460     0.00002775
    -0.04780807    -0.04778021    -0.00002786
    -0.05232309    -0.05231835    -0.00000474
    -0.04021418    -0.04019320    -0.00002099
    -0.04318812    -0.04317553    -0.00001258
    -0.03361874    -0.03360700    -0.00001174
    -0.03018575    -0.03010296    -0.00008279
    -0.03876126    -0.03873957    -0.00002169
    -0.04694789    -0.04692863    -0.00001926
    -0.03809042    -0.03804423    -0.00004619
    -0.03654217    -0.03657338     0.00003121
    -0.03205501    -0.03204516    -0.00000986
    -0.03261200    -0.03276021     0.00014821
    -0.05618381    -0.05614273    -0.00004108
     0.05745499     0.05741813     0.00003686
     0.04562843     0.04566686    -0.00003843
     0.04791702     0.04791399     0.00000303
    -0.04559877    -0.04556283    -0.00003594
    -0.03918372    -0.03921328     0.00002957
    -0.05799005    -0.05798964    -0.00000041
    -0.04264054    -0.04267443     0.00003389
    -0.03403181    -0.03404702     0.00001521
    -0.03887693    -0.03891151     0.00003457
    -0.04489071    -0.04488696    -0.00000374
    -0.04467176    -0.04465364    -0.00001813
    -0.04204690    -0.04202161    -0.00002529
    -0.04610433    -0.04608461    -0.00001972
    -0.03643199    -0.03646855     0.00003656
    -0.05329598    -0.05329546    -0.00000051
    -0.05926243    -0.05927799     0.00001556
    -0.04013609    -0.04014085     0.00000477
    -0.03807393    -0.03811775     0.00004383
    -0.04255039    -0.04258533     0.00003494
    -0.04546761    -0.04529140    -0.00017621
    -0.04598460    -0.04597637    -0.00000823
    -0.04308466    -0.04298538    -0.00009928
    -0.05111599    -0.05113890     0.00002291
    -0.03878335    -0.03881586     0.00003251
    -0.04133355    -0.04139288     0.00005933
    -0.04490042    -0.04492906     0.00002864
    -0.05407624    -0.05408786     0.00001163
    -0.06420916    -0.06429791     0.00008876
    -0.05506420    -0.05504647    -0.00001772
    -0.06777222    -0.06764190    -0.00013032
    -0.06704431    -0.06701004    -0.00003428
    -0.06867857    -0.06863823    -0.00004034
    -0.06441868    -0.06439573    -0.00002295
    -0.06949418    -0.06952007     0.00002589
    -0.03355613    -0.03353914    -0.00001699
     0.04867733     0.04864654     0.00003079
     0.03045659     0.03047583    -0.00001925
     0.05049405     0.05041029     0.00008376
     0.02730608     0.02727346     0.00003262
     0.00673204     0.00670120     0.00003085
    -0.00162923    -0.00161187    -0.00001736
     0.04036219     0.04035201     0.00001018
     0.03132730     0.03124739     0.00007991
     0.02635880     0.02630726     0.00005153
     0.04489479     0.04490886    -0.00001408
     0.04146887     0.04147207    -0.00000319
     0.04037329     0.04036144     0.00001185
     0.03651635     0.03652646    -0.00001011
     0.03297130     0.03297556    -0.00000426
     0.03064579     0.03056652     0.00007927
     0.01037712     0.01041161    -0.00003449
     0.00122612     0.00113091     0.00009520
     0.00494888     0.00499998    -0.00005110
     0.02572850     0.02570049     0.00002802
     0.04244427     0.04246150    -0.00001723
     0.02155068     0.02150747     0.00004321
     0.04116038     0.04116907    -0.00000869
     0.04152409     0.04155999    -0.00003590
    -0.00217457    -0.00220612     0.00003155
     0.02609801     0.02606335     0.00003465
     0.00373316     0.00376103    -0.00002787
     0.01981735     0.01975040     0.00006694
     0.00941201     0.00942004    -0.00000802
     0.04567706     0.04565660     0.00002046
     0.03151990     0.03166676    -0.00014686
     0.04490611     0.04498235    -0.00007624
     0.04584670     0.04585023    -0.00000353
     0.05068028     0.05067825     0.00000203
     0.02576148     0.02581895    -0.00005747
     0.04287608     0.04291357    -0.00003749
     0.04473628     0.04471737     0.00001891
     0.03453598     0.03448751     0.00004847
     0.02604674     0.02605263    -0.00000589
     0.03749073     0.03748816     0.00000257
     0.05028370     0.05034217    -0.00005847
     0.05919864     0.05927140    -0.00007276
     0.00980619     0.00984014    -0.00003395
     0.01925829     0.01927339    -0.00001510
     0.04380396     0.04382993    -0.00002597
     0.04677580     0.04676621     0.00000959
     0.02223663     0.02220749     0.00002914
    -0.00188338    -0.00185742    -0.00002597
     0.00153646     0.00155047    -0.00001400
     0.05163086     0.05166691    -0.00003606
     0.02591289     0.02589759     0.00001530
     0.02262610     0.02264330    -0.00001719
     0.03210440     0.03221143    -0.00010703
    -0.03468137    -0.03467624    -0.00000513
     0.01001278     0.01006049    -0.00004771
     0.04768287     0.04765632     0.00002654
    -0.00069756    -0.00069170    -0.00000587
     0.02325744     0.02323275     0.00002469
     0.01946833     0.01944393     0.00002440
     0.04512802     0.04516079    -0.00003277
    -0.00019380    -0.00019518     0.00000138
     0.02209075     0.02210870    -0.00001796
     0.03497964     0.03498652    -0.00000688
     0.03626197     0.03628538    -0.00002340
     0.02777325     0.02778590    -0.00001265
     0.01011172     0.01010972     0.00000200
     0.02895757     0.02898138    -0.00002381
     0.01607913     0.01605138     0.00002775
     0.01554867     0.01555864    -0.00000998
     0.04641337     0.04644869    -0.00003531
     0.03424629     0.03426168    -0.00001539
     0.02764568     0.02758774     0.00005794
     0.02873648     0.02867814     0.00005834
     0.04610210     0.04602915     0.00007295
     0.03055485     0.03049630     0.00005855
     0.02965636     0.02967615    -0.00001980
     0.01531492     0.01536530    -0.00005038
     0.02899809     0.02880690     0.00019119
     0.02757645     0.02759002    -0.00001356
     0.01088390     0.01088783    -0.00000393
     0.04018376     0.04020721    -0.00002345
    -0.03579922    -0.03581133     0.00001211
    -0.03577168    -0.03578152     0.00000984
     0.01771992     0.01764107     0.00007885
     0.01825979     0.01831116    -0.00005136
     0.01602585     0.01602909    -0.00000325
    -0.00110633    -0.00109275    -0.00001358
     0.01104012     0.01106157    -0.00002145
     0.03440205     0.03439264     0.00000941
     0.02508060     0.02574187    -0.00066127
     0.04305285     0.04305488    -0.00000203
     0.01801429     0.01801784    -0.00000355
     0.00941917     0.00938437     0.00003479
     0.03303740     0.03308675    -0.00004935
     0.03381793     0.03384343    -0.00002550
     0.02081181     0.02079248     0.00001933
     0.04130144     0.04129721     0.00000423
     0.03236816     0.03239957    -0.00003141
     0.03643583     0.03646006    -0.00002423
     0.02929654     0.02927192     0.00002462
    -0.00964976    -0.00963508    -0.00001467
    -0.00459698    -0.00450545    -0.00009153
     0.00102818     0.00103117    -0.00000298
     0.00622109     0.00618391     0.00003719
     0.01350136     0.01354752    -0.00004616
    -0.01726048    -0.01725902    -0.00000146
     0.02487306     0.02483163     0.00004142
    -0.02687927    -0.02687517    -0.00000410
    -0.00430702    -0.00433532     0.00002830
    -0.03038407    -0.03031889    -0.00006518
    -0.03815679    -0.03809269    -0.00006409
    -0.02253203    -0.02248511    -0.00004693
    -0.00372714    -0.00371698    -0.00001016
    -0.02220093    -0.02222298     0.00002205
     0.00643500     0.00643386     0.00000115
    -0.00592463    -0.00594380     0.00001918
     0.00396228     0.00393861     0.00002367
    -0.01629516    -0.01636762     0.00007246
    -0.02417669    -0.02412102    -0.00005568
     0.02365214     0.02365560    -0.00000346
     0.01911799     0.01917713    -0.00005914
     0.01045353     0.01039549     0.00005803
    -0.00087988    -0.00087241    -0.00000747
    -0.01676371    -0.01677638     0.00001267
     0.00130111     0.00129167     0.00000944
     0.00024330     0.00029445    -0.00005116
    -0.00748147    -0.00749934     0.00001787
    -0.01153893    -0.01153383    -0.00000511
     0.02065624     0.02061435     0.00004189
    -0.00355119    -0.00357259     0.00002139
     0.00902841     0.00903558    -0.00000717
     0.01158070     0.01164762    -0.00006692
    -0.01187698    -0.01193658     0.00005960
    -0.01220221    -0.01220957     0.00000736
     0.01492833     0.01489057     0.00003776
     0.00706832     0.00711399    -0.00004567
    -0.00651296    -0.00657362     0.00006066
    -0.00645808    -0.00650958     0.00005150
     0.01971783     0.01970105     0.00001678
    -0.01547917    -0.01550223     0.00002306
     0.02039167     0.02036387     0.00002780
    -0.03156796    -0.03158841     0.00002045
    -0.01657546    -0.01652254    -0.00005292
     0.00665808     0.00662344     0.00003464
    -0.02625651    -0.02627062     0.00001411
     0.00221903     0.00228412    -0.00006509
     0.01079119     0.01082388    -0.00003269
    -0.01704464    -0.01706038     0.00001574
     0.00956420     0.00954667     0.00001753
    -0.00197013    -0.00199508     0.00002495
     0.00832649     0.00830206     0.00002443
     0.00171655     0.00171384     0.00000270
    -0.01055323    -0.01059906     0.00004583
    -0.02671636    -0.02670685    -0.00000950
     0.01623200     0.01622076     0.00001124
     0.01000418     0.01004133    -0.00003715
     0.01063127     0.01063904    -0.00000777
    -0.00044899    -0.00042376    -0.00002523
    -0.02027335    -0.02028731     0.00001396
    -0.00027421    -0.00027051    -0.00000370
     0.01466832     0.01466306     0.00000526
    -0.01398649    -0.01398414    -0.00000235
    -0.00362069    -0.00358325    -0.00003744
    -0.03537774    -0.03538612     0.00000838
     0.01407795     0.01412566    -0.00004771
     0.00122647     0.00120249     0.00002398
     0.00712623     0.00716397    -0.00003774
    -0.00394056    -0.00399431     0.00005374
    -0.01097650    -0.01102688     0.00005038
     0.00805925     0.00809724    -0.00003799
    -0.01865145    -0.01864535    -0.00000609
    -0.00558084    -0.00561032     0.00002948
    -0.00422718    -0.00420059    -0.00002659
    -0.02147280    -0.02143133    -0.00004147
    -0.01381756    -0.01380497    -0.00001259
    -0.02999770    -0.03002991     0.00003221
     0.00525123     0.00527242    -0.00002119
    -0.00223525    -0.00220018    -0.00003507
    -0.02521208    -0.02520266    -0.00000943
    -0.00946407    -0.00946712     0.00000305
    -0.02203782    -0.02206150     0.00002368
    -0.00941182    -0.00943235     0.00002053
     0.01564187     0.01565985    -0.00001798
    -0.01377089    -0.01374558    -0.00002532
    -0.00138699    -0.00142970     0.00004271
    -0.02177686    -0.02178991     0.00001304
    -0.01737580    -0.01735431    -0.00002149
    -0.01160234    -0.01157816    -0.00002417
    -0.02103761    -0.02103709    -0.00000052
    -0.00579676    -0.00580725     0.00001049
    -0.01584750    -0.01584493    -0.00000257
    -0.01752661    -0.01748941    -0.00003720
    -0.03256680    -0.03260913     0.00004233
    -0.02233549    -0.02227449    -0.00006100
    -0.02202819    -0.02203331     0.00000513
    -0.01482022    -0.01484445     0.00002423
    -0.01577618    -0.01577946     0.00000328
    -0.00439352    -0.00438935    -0.00000418
    -0.01136451    -0.01153699     0.00017248
    -0.01543770    -0.01540593    -0.00003177
    -0.03226533    -0.03228283     0.00001750
    -0.03541747    -0.03541560    -0.00000187
    -0.02817154    -0.02814988    -0.00002166
    -0.03384079    -0.03384972     0.00000893
    -0.02923284    -0.02921147    -0.00002136
    -0.01120159    -0.01120027    -0.00000132
    -0.01141882    -0.01142622     0.00000739
     0.01612130     0.01607175     0.00004955
     0.00565953     0.00561452     0.00004501
    -0.01701484    -0.01694290    -0.00007194
    -0.00072418    -0.00072934     0.00000516
    -0.01299118    -0.01297673    -0.00001445
    -0.02854042    -0.02854391     0.00000350
    -0.03032636    -0.03033017     0.00000381
    -0.03360652    -0.03358654    -0.00001999
    -0.01372161    -0.01373306     0.00001145
    -0.01369236    -0.01367662    -0.00001574
    -0.03568515    -0.03567979    -0.00000535
    -0.03794922    -0.03790052    -0.00004869
    -0.01193317    -0.01204256     0.00010938
    -0.01707705    -0.01705179    -0.00002526
    -0.00732531    -0.00733552     0.00001022
    -0.02146557    -0.02144795    -0.00001762
    -0.03099401    -0.03101711     0.00002309
    -0.02482250    -0.02481658    -0.00000592
    -0.01018503    -0.01021646     0.00003143
    -0.03471422    -0.03475122     0.00003700
    -0.03526106    -0.03523016    -0.00003089
    -0.01916234    -0.01917841     0.00001607
    -0.02291052    -0.02291287     0.00000236
    -0.01806735    -0.01803944    -0.00002792
    -0.02763022    -0.02764675     0.00001653
    -0.02882431    -0.02888481     0.00006049
    -0.01348828    -0.01346671    -0.00002157
    -0.02123857    -0.02119003    -0.00004854
    -0.01210327    -0.01205959    -0.00004368
    -0.02387249    -0.02393300     0.00006050
    -0.00912621    -0.00912270    -0.00000351
    -0.01133047    -0.01131310    -0.00001736
    -0.02871887    -0.02873592     0.00001705
    -0.01885499    -0.01884293    -0.00001206
    -0.01944836    -0.01948407     0.00003571
    -0.02629227    -0.02631130     0.00001904
    -0.03230854    -0.03229590    -0.00001264
    -0.04100367    -0.04103104     0.00002737
    -0.01170449    -0.01171472     0.00001023
    -0.02222762    -0.02221088    -0.00001674
    -0.02308347    -0.02313830     0.00005483
    -0.00905715    -0.00904369    -0.00001346
    -0.01691879    -0.01694017     0.00002138
    -0.01356863    -0.01355499    -0.00001364
    -0.01913940    -0.01909471    -0.00004469
    -0.03132578    -0.03130316    -0.00002261
     0.00441137     0.00443870    -0.00002733
    -0.03537888    -0.03539263     0.00001375
    -0.02691750    -0.02692129     0.00000379
    -0.03236590    -0.03233421    -0.00003170
    -0.03793958    -0.03798674     0.00004715
    -0.00987028    -0.00988164     0.00001136
    -0.02147642    -0.02148771     0.00001129
    -0.02044318    -0.02042651    -0.00001667
    -0.01704363    -0.01705922     0.00001559
    -0.00869967    -0.00862753    -0.00007214
    -0.01902424    -0.01907314     0.00004890
    -0.01756095    -0.01752609    -0.00003486
    -0.01155308    -0.01163349     0.00008041
    -0.02911863    -0.02916318     0.00004455
    -0.02132730    -0.02130240    -0.00002491
    -0.02227135    -0.02229929     0.00002794
    -0.03048761    -0.03042720    -0.00006041
    -0.02529004    -0.02522719    -0.00006285
    -0.02254278    -0.02249299    -0.00004979
    -0.02681693    -0.02680123    -0.00001570
    -0.01522594    -0.01522440    -0.00000154
    -0.01848067    -0.01849935     0.00001868
    -0.02565163    -0.02560640    -0.00004523
    -0.01544627    -0.01549664     0.00005037
    -0.02792076    -0.02771520    -0.00020556
    -0.01989000    -0.01995568     0.00006568
    -0.02038149    -0.02039856     0.00001707
    -0.02778699    -0.02780090     0.00001391
    -0.01371073    -0.01376434     0.00005361
    -0.02383761    -0.02377194    -0.00006567
    -0.01665949    -0.01662410    -0.00003540
    -0.03215787    -0.03219345     0.00003558
    -0.03285652    -0.03296565     0.00010912
    -0.01478781    -0.01472442    -0.00006339
    -0.02721759    -0.02723187     0.00001428
    -0.02557601    -0.02558732     0.00001131
    -0.01659016    -0.01661249     0.00002233
    -0.03283925    -0.03287780     0.00003856
    -0.02374607    -0.02373028    -0.00001579
    -0.02879699    -0.02880443     0.00000744
    -0.02206865    -0.02205539    -0.00001326
    -0.02594543    -0.02590608    -0.00003935
    -0.01957182    -0.01950460    -0.00006722
    -0.01829163    -0.01825962    -0.00003201
    -0.02075037    -0.02070212    -0.00004825
    -0.02116942    -0.02120363     0.00003420
    -0.00316191    -0.00316547     0.00000356
    -0.00171837    -0.00165861    -0.00005976
    -0.02942359    -0.02946532     0.00004173
    -0.00164340    -0.00157904    -0.00006436
    -0.01831811    -0.01830168    -0.00001643
     0.03689978     0.03683241     0.00006737
     0.02867261     0.02867017     0.00000244
     0.04027941     0.04024665     0.00003276
    -0.02622138    -0.02620477    -0.00001661
     0.03808187     0.03806767     0.00001420
    -0.00132457    -0.00125846    -0.00006611
     0.03749231     0.03750576    -0.00001345
     0.05108943     0.05109649    -0.00000706
     0.03787403     0.03795464    -0.00008061
    -0.02683851    -0.02678514    -0.00005337
    -0.02334906    -0.02332343    -0.00002562
     0.04251801     0.04256617    -0.00004816
     0.04518875     0.04517276     0.00001599
     0.04610022     0.04614731    -0.00004708
    -0.02399144    -0.02400642     0.00001499
    -0.02395519    -0.02396678     0.00001159
    -0.02395519    -0.02396678     0.00001159
     0.03975605     0.03975082     0.00000523
     0.04622238     0.04630734    -0.00008496
    -0.03730929    -0.03732302     0.00001374
     0.01515484     0.01517242    -0.00001758
    -0.01958771    -0.01956589    -0.00002181
    -0.02793815    -0.02796476     0.00002662
     0.03809553     0.03810801    -0.00001247
    -0.02208784    -0.02202300    -0.00006483
     0.01667990     0.01668618    -0.00000628
    -0.02518607    -0.02519327     0.00000720
     0.05688921     0.05689740    -0.00000819
     0.05214053     0.05221830    -0.00007777
     0.01356436     0.01358490    -0.00002054
     0.04167043     0.04171944    -0.00004902
    -0.03021460    -0.03021702     0.00000242
    -0.02147367    -0.02150568     0.00003201
    -0.01991182    -0.01991924     0.00000741
    -0.01421770    -0.01424629     0.00002858
    -0.02089633    -0.02087288    -0.00002346
     0.05296786     0.05295981     0.00000805
    -0.02647360    -0.02648422     0.00001061
    -0.02020007    -0.02020877     0.00000870
    -0.02346743    -0.02347868     0.00001125
    -0.03990270    -0.03983289    -0.00006981
     0.01417857     0.01417432     0.00000425
     0.04170629     0.04181743    -0.00011113
     0.04882457     0.04882708    -0.00000251
     0.04438248     0.04436813     0.00001435
    -0.02082558    -0.02080769    -0.00001789
     0.05037628     0.05044913    -0.00007286
    -0.03728978    -0.03730866     0.00001888
    -0.03571492    -0.03572846     0.00001355
    -0.02641349    -0.02641501     0.00000151
     0.05312329     0.05311077     0.00001252
    -0.02224215    -0.02222093    -0.00002123
    -0.02503382    -0.02503015    -0.00000367
     0.00816872     0.00815288     0.00001585
     0.04048801     0.04048789     0.00000012
    -0.02905362    -0.02909308     0.00003946
    -0.02362239    -0.02360772    -0.00001468
    -0.03433133    -0.03434369     0.00001236
    -0.02163088    -0.02157505    -0.00005582
     0.04766229     0.04765340     0.00000889
     0.00977044     0.00975720     0.00001324
    -0.02767191    -0.02766990    -0.00000202
     0.05906621     0.05900830     0.00005791
    -0.03296083    -0.03296842     0.00000759
    -0.02961217    -0.02959076    -0.00002140
    -0.03160651    -0.03160878     0.00000226
    -0.02895898    -0.02895575    -0.00000323
    -0.03027158    -0.03026984    -0.00000174
    -0.02166456    -0.02162637    -0.00003819
     0.05976654     0.05975954     0.00000701
     0.02680221     0.02681097    -0.00000876
     0.04557548     0.04557373     0.00000175
    -0.03417867    -0.03417185    -0.00000682
     0.05636096     0.05637865    -0.00001770
     0.04042741     0.04038889     0.00003852
     0.06032068     0.06035653    -0.00003585
    -0.02059584    -0.02059772     0.00000189
     0.05968823     0.05965626     0.00003197
    -0.02240768    -0.02241843     0.00001075
     0.04137304     0.04139956    -0.00002653
    -0.02489445    -0.02486440    -0.00003004
     0.04609919     0.04610680    -0.00000761
    -0.03129701    -0.03132633     0.00002931
     0.03046541     0.03052934    -0.00006394
    -0.03443312    -0.03446171     0.00002858
    -0.00981833    -0.00981235    -0.00000598
    -0.05612806    -0.05614971     0.00002166
     0.06027646     0.06026166     0.00001480
     0.00274019     0.00273162     0.00000856
     0.05797171     0.05805554    -0.00008383
    -0.02464103    -0.02469372     0.00005269
    -0.04425257    -0.04424517    -0.00000740
    -0.04753922    -0.04752912    -0.00001010
    -0.00979136    -0.00980650     0.00001514
     0.01749151     0.01749036     0.00000115
    -0.04098878    -0.04099116     0.00000237
    -0.00111523    -0.00109662    -0.00001861
    -0.00111523    -0.00109662    -0.00001861
    -0.00111523    -0.00109662    -0.00001861
    -0.00111523    -0.00109662    -0.00001861
    -0.00111523    -0.00109662    -0.00001861
    -0.03900845    -0.03899510    -0.00001335
    -0.01374619    -0.01368406    -0.00006212
     0.03284667     0.03263344     0.00021323
    -0.00189266    -0.00187756    -0.00001510
     0.03284403     0.03263056     0.00021347
    -0.00184311    -0.00183079    -0.00001232
     0.01597208     0.01591929     0.00005279
     0.01199181     0.01196040     0.00003141
    -0.03096509    -0.03104995     0.00008486
     0.00272949     0.00273826    -0.00000877
    -0.00145361    -0.00145715     0.00000355
    -0.03257940    -0.03258741     0.00000801
    -0.03444613    -0.03439138    -0.00005476
    -0.00168526    -0.00168259    -0.00000267
     0.01388521     0.01395031    -0.00006510
    -0.00139720    -0.00139172    -0.00000547
    -0.00131426    -0.00131759     0.00000334
    -0.00147078    -0.00148611     0.00001534
    -0.00155083    -0.00156117     0.00001034
    -0.00177982    -0.00175933    -0.00002049
    -0.00137605    -0.00137287    -0.00000319
    -0.02442214    -0.02443294     0.00001080
    -0.00160446    -0.00160967     0.00000520
    -0.00175592    -0.00172438    -0.00003154
    -0.00082600    -0.00081349    -0.00001251
    -0.00082600    -0.00081349    -0.00001251
    -0.00082600    -0.00081349    -0.00001251
    -0.00082600    -0.00081349    -0.00001251
    -0.00082600    -0.00081349    -0.00001251
    -0.00082600    -0.00081349    -0.00001251
    -0.00082600    -0.00081349    -0.00001251
    -0.00082600    -0.00081349    -0.00001251
    -0.00082600    -0.00081349    -0.00001251
    -0.00082600    -0.00081349    -0.00001251
    -0.00082600    -0.00081349    -0.00001251
    -0.00082600    -0.00081349    -0.00001251
     0.00290427     0.00291461    -0.00001034
    -0.00137091    -0.00138120     0.00001029
    -0.03938783    -0.03942960     0.00004177
    -0.00186991    -0.00184023    -0.00002968
    -0.01505141    -0.01509247     0.00004107
     0.04663828     0.04660804     0.00003024
    -0.02179814    -0.02178295    -0.00001519
    -0.00141635    -0.00141857     0.00000222
    -0.03592861    -0.03585265    -0.00007596
    -0.00157491    -0.00157318    -0.00000173
    -0.00155429    -0.00155560     0.00000131
     0.01531242     0.01540940    -0.00009698
    -0.02966025    -0.02963813    -0.00002212
    -0.03510291    -0.03516029     0.00005739
     0.01312726     0.01315026    -0.00002299
    -0.03641681    -0.03639609    -0.00002072
    -0.02210452    -0.02211911     0.00001459
    -0.03206339    -0.03205311    -0.00001028
    -0.03836079    -0.03834960    -0.00001119
    -0.00045536    -0.00049030     0.00003495
    -0.00339261    -0.00330656    -0.00008604
    -0.00243839    -0.00239763    -0.00004075
     0.00146022     0.00149309    -0.00003288
    -0.03850623    -0.03837705    -0.00012919
     0.00982532     0.00981696     0.00000837
    -0.01095533    -0.01095985     0.00000451
    -0.01935622    -0.01930330    -0.00005292
    -0.03566161    -0.03571873     0.00005712
    -0.03394400    -0.03390256    -0.00004144
     0.00176988     0.00181828    -0.00004839
     0.01010669     0.01016715    -0.00006046
    -0.03434744    -0.03433779    -0.00000965
    -0.02746456    -0.02751197     0.00004741
     0.00348464     0.00351010    -0.00002547
    -0.02617991    -0.02614218    -0.00003773
    -0.00862936    -0.00863334     0.00000398
    -0.03484851    -0.03489291     0.00004441
    -0.02632748    -0.02638693     0.00005945
    -0.04742732    -0.04734395    -0.00008337
    -0.01375873    -0.01371233    -0.00004640
    -0.03719318    -0.03722425     0.00003107
    -0.01931641    -0.01927472    -0.00004169
    -0.03915011    -0.03916209     0.00001198
    -0.03719258    -0.03717442    -0.00001815
    -0.03806451    -0.03804413    -0.00002039
    -0.02513951    -0.02528756     0.00014805
    -0.01351323    -0.01352198     0.00000875
    -0.01048746    -0.01057306     0.00008560
    -0.03902586    -0.03901812    -0.00000774
    -0.02791417    -0.02791064    -0.00000353
    -0.03515907    -0.03517408     0.00001501
    -0.03320965    -0.03321544     0.00000579
    -0.03469950    -0.03468009    -0.00001941
    -0.03207063    -0.03213193     0.00006130
    -0.03149013    -0.03164634     0.00015620
    -0.02740361    -0.02740088    -0.00000273
    -0.03239371    -0.03242070     0.00002699
    -0.03311087    -0.03312799     0.00001712
    -0.03746532    -0.03745821    -0.00000711
    -0.00180025    -0.00184674     0.00004649
    -0.00180025    -0.00184674     0.00004649
    -0.00276389    -0.00278389     0.00002000
    -0.00209811    -0.00205037    -0.00004774
     0.03009152     0.03012405    -0.00003253
     0.03742134     0.03733266     0.00008868
    -0.00251754    -0.00250836    -0.00000918
     0.00060042     0.00063905    -0.00003863
     0.02943091     0.02942636     0.00000455
    -0.01807519    -0.01805786    -0.00001733
     0.00362287     0.00362460    -0.00000173
     0.01397792     0.01398821    -0.00001029
    -0.00231436    -0.00227687    -0.00003749
    -0.00543387    -0.00541212    -0.00002175
    -0.00142267    -0.00141595    -0.00000672
    -0.00142294    -0.00141595    -0.00000699
    -0.00216453    -0.00219625     0.00003172
    -0.00271847    -0.00274674     0.00002827
     0.01718399     0.01718178     0.00000221
    -0.00703284    -0.00693516    -0.00009768
    -0.00228023    -0.00224171    -0.00003852
    -0.00221049    -0.00216684    -0.00004365
    -0.01262135    -0.01259448    -0.00002687
    -0.00208066    -0.00204866    -0.00003200
    -0.01610688    -0.01599685    -0.00011003
     0.00665838     0.00673478    -0.00007640
    -0.00161230    -0.00162842     0.00001612
    -0.00161230    -0.00162842     0.00001612
    -0.00190257    -0.00189683    -0.00000573
    -0.00210162    -0.00207175    -0.00002987
    -0.00250407    -0.00253639     0.00003232
     0.03054171     0.03049451     0.00004720
    -0.00205304    -0.00206628     0.00001324
     0.03527096     0.03510715     0.00016381
    -0.00252369    -0.00254908     0.00002538
    -0.01251906    -0.01252283     0.00000376
    -0.00910637    -0.00912983     0.00002346
     0.02964044     0.02964442    -0.00000399
     0.03543154     0.03533564     0.00009590
    -0.00247822    -0.00249261     0.00001439
    -0.00198850    -0.00200911     0.00002061
    -0.00747848    -0.00745815    -0.00002032
    -0.00237055    -0.00237472     0.00000418
    -0.00224687    -0.00223332    -0.00001355
    -0.01175053    -0.01177570     0.00002517
    -0.00230883    -0.00229950    -0.00000934
     0.00014985     0.00023575    -0.00008590
     0.02401688     0.02399664     0.00002024
     0.00945688     0.00949873    -0.00004185
     0.01622196     0.01618948     0.00003248
    -0.00385694    -0.00379561    -0.00006133
     0.02818177     0.02816802     0.00001375
     0.00474890     0.00476167    -0.00001276
    -0.02610625    -0.02605401    -0.00005224
     0.02285166     0.02280872     0.00004294
     0.00751750     0.00753102    -0.00001352
     0.03044105     0.03046329    -0.00002224
     0.03056900     0.03057483    -0.00000583
     0.01208496     0.01211851    -0.00003355
     0.02030190     0.02016624     0.00013566
    -0.02296943    -0.02298776     0.00001833
    -0.01140339    -0.01090000    -0.00050339
     0.03698800     0.03706912    -0.00008111
     0.03256468     0.03251318     0.00005150
     0.02695054     0.02689165     0.00005888
     0.05616743     0.05617573    -0.00000830
     0.02790675     0.02791450    -0.00000775
     0.03150883     0.03151713    -0.00000830
     0.03063091     0.03062241     0.00000849
     0.02409862     0.02410835    -0.00000972
     0.02807203     0.02806491     0.00000712
     0.00561727     0.00565875    -0.00004148
     0.01179682     0.01183999    -0.00004317
     0.00018749     0.00023831    -0.00005082
    -0.00067710    -0.00066587    -0.00001123
    -0.00894204    -0.00886251    -0.00007953
    -0.04658132    -0.04659027     0.00000895
     0.03232884     0.03221232     0.00011652
     0.03246016     0.03247127    -0.00001110
     0.03094052     0.03089729     0.00004323
    -0.02974702    -0.02976602     0.00001899
     0.02793066     0.02788803     0.00004263
     0.00882860     0.00887473    -0.00004613
    -0.00177252    -0.00175069    -0.00002184
     0.03342301     0.03343719    -0.00001418
    -0.00249284    -0.00236614    -0.00012670
     0.03439734     0.03441481    -0.00001747
     0.00173445     0.00169352     0.00004093
    -0.01821892    -0.01817903    -0.00003989
     0.03538248     0.03540407    -0.00002159
     0.03637912     0.03640485    -0.00002573
    -0.02433732    -0.02460633     0.00026901
    -0.04656203    -0.04656195    -0.00000008
     0.02332380     0.02336115    -0.00003734
    -0.04705929    -0.04730686     0.00024758
     0.02840741     0.02843211    -0.00002470
    -0.02415280    -0.02415128    -0.00000152
    -0.02419748    -0.02417938    -0.00001810
    -0.02223508    -0.02221957    -0.00001550
    -0.02567721    -0.02568181     0.00000460
    -0.00066401    -0.00071589     0.00005187
    -0.00084913    -0.00090743     0.00005830
    -0.00066374    -0.00071589     0.00005215
    -0.00066374    -0.00071589     0.00005215
    -0.00066374    -0.00071589     0.00005215
    -0.00066374    -0.00071589     0.00005215
    -0.00066374    -0.00071589     0.00005215
    -0.00088037    -0.00094213     0.00006176
     0.02944920     0.02939650     0.00005269
    -0.00147769    -0.00151868     0.00004100
     0.02290880     0.02283503     0.00007377
    -0.00142073    -0.00145223     0.00003150
    -0.00108530    -0.00114712     0.00006182
     0.03548438     0.03556293    -0.00007854
    -0.00150874    -0.00154742     0.00003869
    -0.00143932    -0.00146966     0.00003034
     0.03303590     0.03312758    -0.00009168
    -0.00160800    -0.00164236     0.00003435
     0.02464519     0.02472441    -0.00007922
     0.05745750     0.05735922     0.00009827
     0.02682273     0.02686185    -0.00003912
    -0.00164901    -0.00168131     0.00003230
    -0.00111126    -0.00114553     0.00003427
    -0.00025527    -0.00028824     0.00003297
    -0.00113471    -0.00119843     0.00006371
    -0.00158286    -0.00161904     0.00003618
    -0.00145004    -0.00149192     0.00004187
     0.03183297     0.03183152     0.00000145
    -0.00145290    -0.00148375     0.00003085
    -0.00162283    -0.00165849     0.00003566
     0.02674313     0.02668652     0.00005662
     0.03720613     0.03721602    -0.00000989
     0.03148200     0.03147863     0.00000336
    -0.00131684    -0.00137180     0.00005496
    -0.00108421    -0.00110175     0.00001754
     0.03498252     0.03496315     0.00001937
    -0.00108255    -0.00115509     0.00007254
     0.02425767     0.02436012    -0.00010244
     0.03192775     0.03204313    -0.00011539
     0.03372242     0.03366807     0.00005435
    -0.00142816    -0.00146927     0.00004110
    -0.00035742    -0.00038740     0.00002998
    -0.00047582    -0.00050762     0.00003180
     0.02886927     0.02878995     0.00007931
     0.02753735     0.02746616     0.00007119
    -0.00093066    -0.00097143     0.00004077
    -0.04074018    -0.04071134    -0.00002884
    -0.00113828    -0.00120059     0.00006231
    -0.00125439    -0.00128282     0.00002843
    -0.00095049    -0.00100447     0.00005398
    -0.00105939    -0.00115108     0.00009169
    -0.00130949    -0.00134070     0.00003120
     0.03165947     0.03165136     0.00000811
     0.02534278     0.02528140     0.00006138
    -0.00136468    -0.00141069     0.00004601
     0.02311161     0.02308086     0.00003075
    -0.00117882    -0.00123702     0.00005820
    -0.00098432    -0.00103530     0.00005098
    -0.01359342    -0.01357590    -0.00001752
    -0.00144209    -0.00148270     0.00004061
    -0.00128255    -0.00131467     0.00003212
    -0.00102946    -0.00106444     0.00003498
    -0.00126288    -0.00131372     0.00005084
     0.03468524     0.03466829     0.00001695
    -0.02530814    -0.02528268    -0.00002546
    -0.00104519    -0.00108475     0.00003956
     0.03325925     0.03327608    -0.00001683
    -0.00131396    -0.00135924     0.00004528
    -0.00122666    -0.00125936     0.00003269
    -0.00108029    -0.00113277     0.00005248
    -0.00112642    -0.00116056     0.00003414
     0.02388357     0.02382457     0.00005900
    -0.00131279    -0.00135049     0.00003771
    -0.00114748    -0.00118122     0.00003374
     0.01057658     0.01060496    -0.00002839
     0.03626195     0.03633970    -0.00007775
     0.03617871     0.03616453     0.00001418
    -0.01649824    -0.01647458    -0.00002365
     0.02860311     0.02857086     0.00003225
    -0.00124405    -0.00128298     0.00003893
    -0.00119613    -0.00124033     0.00004420
     0.02626838     0.02634606    -0.00007769
     0.03173947     0.03168642     0.00005305
    -0.00507933    -0.00512029     0.00004096
     0.03187653     0.03188703    -0.00001050
     0.01105969     0.01105897     0.00000072
     0.04086693     0.04086857    -0.00000164
     0.03629765     0.03631539    -0.00001774
     0.02698287     0.02696821     0.00001466
     0.03022940     0.03021678     0.00001262
     0.03648669     0.03654545    -0.00005876
     0.01972975     0.01976576    -0.00003601
     0.04369928     0.04383399    -0.00013471
     0.04855978     0.04854814     0.00001164
     0.03706155     0.03706989    -0.00000834
     0.04360189     0.04354638     0.00005551
     0.03587903     0.03583494     0.00004409
    -0.01108154    -0.01109024     0.00000870
     0.03804508     0.03802380     0.00002128
     0.03135916     0.03127986     0.00007930
    -0.00247890    -0.00244920    -0.00002970
     0.02366060     0.02369778    -0.00003718
     0.01876756     0.01874903     0.00001852
     0.01237441     0.01243099    -0.00005658
     0.01185614     0.01192375    -0.00006761
    -0.00174855    -0.00185412     0.00010557
     0.01147276     0.01149618    -0.00002343
    -0.00321511    -0.00321426    -0.00000084
     0.01391071     0.01391755    -0.00000684
    -0.02699193    -0.02707751     0.00008559
     0.00739706     0.00746807    -0.00007101
     0.01117857     0.01118041    -0.00000184
     0.01629391     0.01625099     0.00004292
     0.01916860     0.01915492     0.00001368
     0.01352360     0.01352043     0.00000316
     0.01453991     0.01455288    -0.00001297
     0.00570800     0.00577585    -0.00006786
     0.01463589     0.01463931    -0.00000342
     0.02387780     0.02386600     0.00001180
     0.01867466     0.01868459    -0.00000993
     0.01070227     0.01076094    -0.00005868
     0.01951957     0.01953270    -0.00001313
    -0.02036024    -0.02044716     0.00008692
     0.00698119     0.00700657    -0.00002538
     0.01789543     0.01789692    -0.00000148
    -0.01142788    -0.01141444    -0.00001344
     0.01794107     0.01800334    -0.00006228
     0.00869845     0.00866193     0.00003651
     0.01249495     0.01250071    -0.00000576
     0.00705654     0.00710041    -0.00004387
     0.01619763     0.01619554     0.00000209
    -0.01869961    -0.01856077    -0.00013884
     0.02217287     0.02222159    -0.00004872
     0.01234874     0.01229936     0.00004938
    -0.00887733    -0.00882642    -0.00005091
     0.00981041     0.00990938    -0.00009897
     0.01617818     0.01620326    -0.00002509
     0.02218237     0.02218812    -0.00000575
     0.02053401     0.02055393    -0.00001992
     0.00315638     0.00322693    -0.00007054
    -0.00192469    -0.00193408     0.00000939
     0.01280252     0.01284914    -0.00004662
    -0.00810238    -0.00802609    -0.00007629
     0.01368466     0.01371745    -0.00003279
     0.03003827     0.02999655     0.00004172
     0.00309274     0.00323366    -0.00014092
    -0.01501938    -0.01502663     0.00000725
     0.01812964     0.01812335     0.00000629
     0.01687288     0.01686809     0.00000479
     0.01208830     0.01211326    -0.00002496
     0.01468999     0.01471234    -0.00002236
     0.00516965     0.00519367    -0.00002402
     0.00033239     0.00041983    -0.00008744
     0.00450593     0.00453506    -0.00002913
     0.00407031     0.00406633     0.00000398
     0.00924725     0.00925540    -0.00000815
     0.02105767     0.02105599     0.00000168
     0.02124401     0.02121052     0.00003349
     0.00750917     0.00748754     0.00002164
     0.04010009     0.04010514    -0.00000505
    -0.00201838    -0.00195698    -0.00006140
     0.00300898     0.00298806     0.00002092
    -0.02679282    -0.02682883     0.00003601
     0.01843120     0.01844381    -0.00001261
     0.00393877     0.00399784    -0.00005908
     0.01751151     0.01754550    -0.00003400
     0.02403500     0.02408331    -0.00004831
     0.01631116     0.01626702     0.00004413
     0.02139248     0.02136891     0.00002356
     0.00948344     0.00946356     0.00001988
    -0.00236932    -0.00246999     0.00010067
     0.01581324     0.01584319    -0.00002995
     0.01891779     0.01886122     0.00005657
     0.01946754     0.01948131    -0.00001377
     0.02782176     0.02778466     0.00003711
     0.01617363     0.01624440    -0.00007077
    -0.01970752    -0.01955165    -0.00015587
     0.01998791     0.02007689    -0.00008899
     0.02358977     0.02355940     0.00003037
     0.02259813     0.02263402    -0.00003589
     0.00847425     0.00848316    -0.00000891
    -0.01211982    -0.01208827    -0.00003155
     0.00772074     0.00771873     0.00000202
     0.00675729     0.00677395    -0.00001665
     0.01436720     0.01439326    -0.00002606
    -0.00963316    -0.00964020     0.00000704
     0.00642230     0.00644286    -0.00002057
     0.00510951     0.00510951    -0.00000000
     0.01633807     0.01633261     0.00000546
     0.01338504     0.01342942    -0.00004438
     0.00616338     0.00614592     0.00001746
     0.01601896     0.01601434     0.00000462
     0.02199358     0.02202837    -0.00003479
    -0.00732560    -0.00734109     0.00001548
     0.01231201     0.01229557     0.00001644
     0.01178522     0.01183447    -0.00004925
    -0.02020739    -0.02034661     0.00013922
     0.01935189     0.01935587    -0.00000398
     0.01514945     0.01512682     0.00002263
     0.01514276     0.01516606    -0.00002330
    -0.02728399    -0.02726677    -0.00001721
     0.01874320     0.01874042     0.00000279
    -0.02552039    -0.02548759    -0.00003280
    -0.03211433    -0.03213591     0.00002158
    -0.01222371    -0.01224545     0.00002174
    -0.03852996    -0.03858542     0.00005546
    -0.02816161    -0.02815544    -0.00000617
    -0.02067897    -0.02064305    -0.00003592
    -0.03224843    -0.03222754    -0.00002089
    -0.02551329    -0.02549558    -0.00001771
    -0.01564244    -0.01569073     0.00004829
    -0.02193757    -0.02194304     0.00000547
    -0.02881569    -0.02885261     0.00003692
     0.00047127     0.00046704     0.00000423
    -0.02459727    -0.02460539     0.00000812
    -0.03455979    -0.03453851    -0.00002129
    -0.01494634    -0.01488880    -0.00005755
    -0.02587000    -0.02583090    -0.00003910
    -0.02748236    -0.02750079     0.00001843
    -0.01853808    -0.01851218    -0.00002591
    -0.02577533    -0.02580894     0.00003361
    -0.01641279    -0.01647821     0.00006542
    -0.01934545    -0.01933578    -0.00000967
    -0.02488342    -0.02485896    -0.00002447
    -0.02126641    -0.02123883    -0.00002757
     0.02714268     0.02710666     0.00003602
     0.02792781     0.02800629    -0.00007848
    -0.01208485    -0.01212704     0.00004219
     0.01066447     0.01065329     0.00001118
    -0.03421225    -0.03420345    -0.00000880
    -0.01890261    -0.01892924     0.00002664
    -0.00715774    -0.00714919    -0.00000855
    -0.00795533    -0.00800335     0.00004802
     0.02671913     0.02672311    -0.00000397
     0.03437416     0.03451939    -0.00014523
    -0.02034255    -0.02025782    -0.00008473
    -0.00472735    -0.00479744     0.00007008
    -0.02312791    -0.02313735     0.00000944
    -0.02540545    -0.02538156    -0.00002388
     0.03615898     0.03619709    -0.00003811
    -0.02840754    -0.02840050    -0.00000705
     0.01025823     0.01022443     0.00003381
    -0.02090779    -0.02091875     0.00001097
    -0.02901226    -0.02899681    -0.00001545
    -0.01402820    -0.01404275     0.00001455
    -0.02667619    -0.02668974     0.00001355
     0.01459205     0.01455282     0.00003923
    -0.01992652    -0.01993928     0.00001276
    -0.01986736    -0.01987055     0.00000319
    -0.01652183    -0.01656141     0.00003958
     0.01982537     0.01984165    -0.00001627
    -0.00150471    -0.00149861    -0.00000610
     0.03589190     0.03602455    -0.00013265
    -0.02634800    -0.02637983     0.00003184
    -0.01013496    -0.01017174     0.00003678
    -0.02431577    -0.02432093     0.00000516
     0.02512226     0.02521156    -0.00008930
    -0.03442273    -0.03444646     0.00002373
    -0.03322859    -0.03320141    -0.00002718
    -0.02555100    -0.02555935     0.00000834
    -0.02425318    -0.02426216     0.00000898
     0.01091865     0.01087043     0.00004822
    -0.03580191    -0.03583859     0.00003668
    -0.01572453    -0.01578796     0.00006343
    -0.00000961     0.00000810    -0.00001770
    -0.00522404    -0.00536009     0.00013605
     0.00692658     0.00695174    -0.00002516
    -0.03286452    -0.03287593     0.00001140
    -0.03587555    -0.03590922     0.00003367
     0.02124662     0.02129098    -0.00004436
     0.00603804     0.00600293     0.00003512
    -0.03032227    -0.03033529     0.00001302
    -0.01930803    -0.01932856     0.00002053
    -0.02511350    -0.02512934     0.00001584
    -0.01548619    -0.01549119     0.00000500
    -0.04927424    -0.04928806     0.00001381
    -0.04318423    -0.04316112    -0.00002310
    -0.00273790    -0.00279260     0.00005470
    -0.03473261    -0.03475981     0.00002720
     0.00048142     0.00044116     0.00004026
    -0.00695305    -0.00696960     0.00001655
    -0.02622435    -0.02624319     0.00001884
    -0.01634406    -0.01638204     0.00003798
     0.00395537     0.00399317    -0.00003780
    -0.01684554    -0.01688673     0.00004119
    -0.00817686    -0.00822904     0.00005218
    -0.02605866    -0.02605615    -0.00000251
     0.04141246     0.04135937     0.00005310
     0.00943158     0.00946235    -0.00003077
    -0.01976009    -0.01967519    -0.00008490
    -0.01587814    -0.01586211    -0.00001604
    -0.02772108    -0.02767907    -0.00004201
     0.01018996     0.01027254    -0.00008259
    -0.00092132    -0.00092597     0.00000465
     0.01576840     0.01575622     0.00001218
     0.02275634     0.02276250    -0.00000617
    -0.00565591    -0.00556686    -0.00008905
    -0.00315690    -0.00314149    -0.00001541
    -0.01043187    -0.01044466     0.00001279
    -0.00609704    -0.00610601     0.00000898
    -0.00117156    -0.00111592    -0.00005564
    -0.00116408    -0.00108999    -0.00007409
    -0.00091096    -0.00083566    -0.00007529
    -0.00085672    -0.00090553     0.00004881
     0.02845925     0.02836751     0.00009174
     0.02639415     0.02637560     0.00001855
    -0.03335874    -0.03342495     0.00006621
    -0.00086603    -0.00090487     0.00003884
    -0.00086595    -0.00090487     0.00003892
    -0.00112533    -0.00105988    -0.00006545
    -0.03227583    -0.03228509     0.00000926
    -0.03227583    -0.03228509     0.00000926
    -0.00082524    -0.00087440     0.00004916
    -0.02521061    -0.02517452    -0.00003610
    -0.00335397    -0.00325294    -0.00010103
    -0.00038559    -0.00045631     0.00007072
    -0.00056543    -0.00069267     0.00012725
    -0.02639771    -0.02638856    -0.00000915
    -0.00091974    -0.00086499    -0.00005476
    -0.00099150    -0.00098283    -0.00000867
    -0.00097716    -0.00095312    -0.00002405
     0.01531598     0.01538648    -0.00007050
    -0.00088252    -0.00090153     0.00001901
    -0.02721073    -0.02717905    -0.00003168
     0.00489797     0.00488621     0.00001176
    -0.00048491    -0.00041006    -0.00007485
    -0.02010609    -0.02017607     0.00006998
     0.02828273     0.02818739     0.00009533
    -0.00089730    -0.00089566    -0.00000164
    -0.03185000    -0.03181030    -0.00003970
    -0.00091294    -0.00088255    -0.00003039
     0.02506231     0.02508679    -0.00002448
     0.03203858     0.03206494    -0.00002636
     0.00171489     0.00179196    -0.00007707
     0.00005508     0.00013071    -0.00007564
    -0.02018405    -0.02010173    -0.00008232
     0.02823255     0.02815818     0.00007437
     0.02475319     0.02480721    -0.00005402
    -0.03209191    -0.03210968     0.00001776
     0.00362994     0.00356970     0.00006024
     0.01118603     0.01115091     0.00003512
     0.01137431     0.01139957    -0.00002527
     0.02140962     0.02152826    -0.00011864
     0.03136052     0.03130585     0.00005467
     0.03431718     0.03439511    -0.00007794
    -0.03430373    -0.03430658     0.00000284
    -0.00117757    -0.00112618    -0.00005139
    -0.00047103    -0.00043886    -0.00003217
    -0.00043435    -0.00045541     0.00002106
    -0.02948318    -0.02947666    -0.00000652
     0.04809811     0.04813048    -0.00003237
     0.00978015     0.00973768     0.00004248
     0.01493652     0.01496835    -0.00003183
    -0.00090581    -0.00092944     0.00002363
     0.00006955    -0.00005327     0.00012282
    -0.02398564    -0.02394694    -0.00003870
     0.01704578     0.01693203     0.00011375
    -0.03822764    -0.03823284     0.00000520
    -0.00074954    -0.00082867     0.00007913
    -0.02379856    -0.02382319     0.00002463
     0.01479132     0.01476857     0.00002275
    -0.02923393    -0.02883578    -0.00039815
    -0.00083090    -0.00088226     0.00005136
     0.00715347     0.00722787    -0.00007440
    -0.03183324    -0.03185792     0.00002468
    -0.00070698    -0.00080130     0.00009432
    -0.00016942    -0.00021722     0.00004780
     0.01749899     0.01740858     0.00009041
     0.01901464     0.01899372     0.00002091
     0.01502964     0.01503090    -0.00000126
    -0.02736682    -0.02709289    -0.00027393
     0.02787077     0.02791100    -0.00004023
     0.01820164     0.01823277    -0.00003113
     0.01386534     0.01383414     0.00003120
     0.04242941     0.04239762     0.00003179
     0.01980632     0.01987924    -0.00007291
    -0.03587544    -0.03585564    -0.00001980
     0.01538388     0.01537707     0.00000681
     0.01084273     0.01079505     0.00004768
    -0.00005293    -0.00014303     0.00009011
    -0.01253093    -0.01235396    -0.00017696
     0.00778186     0.00770529     0.00007657
    -0.02273764    -0.02276529     0.00002765
     0.02621569     0.02617197     0.00004373
    -0.02538428    -0.02530127    -0.00008301
     0.02076868     0.02081294    -0.00004426
     0.01452095     0.01454259    -0.00002165
     0.01023186     0.01024848    -0.00001662
     0.00597323     0.00594856     0.00002466
     0.01314141     0.01310803     0.00003338
    -0.03519649    -0.03516769    -0.00002879
    -0.03099693    -0.03102320     0.00002628
    -0.00301742    -0.00304189     0.00002447
     0.04506252     0.04504165     0.00002087
    -0.00003586    -0.00001692    -0.00001895
    -0.00909856    -0.00914657     0.00004800
     0.02456892     0.02462635    -0.00005743
     0.00170098     0.00173962    -0.00003864
     0.02875778     0.02864780     0.00010998
    -0.03088201    -0.03089131     0.00000930
     0.02398991     0.02403081    -0.00004090
    -0.01840736    -0.01840168    -0.00000568
    -0.01840774    -0.01840168    -0.00000606
    -0.01736130    -0.01735547    -0.00000583
     0.00726160     0.00713485     0.00012676
    -0.03482562    -0.03480556    -0.00002006
    -0.03124020    -0.03113961    -0.00010059
     0.01963922     0.01959676     0.00004245
    -0.01047138    -0.01047904     0.00000767
     0.02923401     0.02927982    -0.00004581
    -0.01529666    -0.01530106     0.00000440
    -0.01529683    -0.01530106     0.00000424
    -0.00707208    -0.00703454    -0.00003754
    -0.03396332    -0.03396998     0.00000666
    -0.02181360    -0.02180274    -0.00001086
    -0.03276667    -0.03279416     0.00002749
    -0.03190704    -0.03195492     0.00004788
     0.00181543     0.00180671     0.00000872
    -0.01760326    -0.01759823    -0.00000503
    -0.01604694    -0.01604746     0.00000053
    -0.01010873    -0.01011233     0.00000360
    -0.01681582    -0.01681331    -0.00000251
    -0.01681626    -0.01681332    -0.00000294
    -0.01175282    -0.01175635     0.00000354
    -0.02349766    -0.02349065    -0.00000701
     0.00527539     0.00526007     0.00001532
     0.03032385     0.03032164     0.00000221
    -0.01666085    -0.01665062    -0.00001023
     0.01669650     0.01673244    -0.00003594
     0.01274492     0.01273525     0.00000967
     0.00437276     0.00449485    -0.00012209
    -0.01360210    -0.01361128     0.00000918
    -0.03207360    -0.03203166    -0.00004194
    -0.00774197    -0.00773749    -0.00000448
     0.01202384     0.01208185    -0.00005801
     0.01303736     0.01293557     0.00010179
    -0.01590658    -0.01589700    -0.00000958
     0.00404171     0.00399493     0.00004677
    -0.00789794    -0.00789385    -0.00000409
    -0.02822509    -0.02826274     0.00003765
     0.00711866     0.00714088    -0.00002222
    -0.01214180    -0.01218423     0.00004243
    -0.01544456    -0.01543877    -0.00000579
    -0.01523854    -0.01523163    -0.00000691
     0.01962629     0.01966118    -0.00003488
     0.00488341     0.00497649    -0.00009308
    -0.01135183    -0.01136335     0.00001152
    -0.01394281    -0.01393956    -0.00000325
    -0.01495040    -0.01494044    -0.00000996
    -0.01121003    -0.01121115     0.00000112
    -0.02176533    -0.02174116    -0.00002416
    -0.02126047    -0.02125934    -0.00000114
    -0.00932434    -0.00932853     0.00000420
     0.02914209     0.02928650    -0.00014441
    -0.01295281    -0.01295256    -0.00000025
    -0.01056643    -0.01056752     0.00000109
    -0.01149746    -0.01150269     0.00000523
     0.01600557     0.01608557    -0.00008000
    -0.01323627    -0.01323023    -0.00000605
    -0.00405031    -0.00401071    -0.00003960
    -0.03047259    -0.03044952    -0.00002307
    -0.01117612    -0.01117386    -0.00000226
     0.01147589     0.01144298     0.00003291
    -0.01187943    -0.01187779    -0.00000164
     0.02843057     0.02856954    -0.00013898
     0.01312013     0.01314286    -0.00002273
     0.00867907     0.00860675     0.00007232
    -0.03547870    -0.03546308    -0.00001562
     0.00297788     0.00294064     0.00003724
    -0.00225531    -0.00225849     0.00000318
     0.02806041     0.02799520     0.00006521
     0.01991454     0.01982358     0.00009097
     0.02835584     0.02830710     0.00004875
     0.01194313     0.01193088     0.00001225
    -0.00721192    -0.00717452    -0.00003740
    -0.03831706    -0.03831128    -0.00000578
    -0.04286245    -0.04284638    -0.00001607
    -0.04102146    -0.04100103    -0.00002044
     0.00234451     0.00234415     0.00000036
     0.01330242     0.01327295     0.00002947
    -0.04163965    -0.04164975     0.00001009
    -0.03473397    -0.03467167    -0.00006231
    -0.04435298    -0.04436910     0.00001612
    -0.04563515    -0.04564182     0.00000667
     0.02835758     0.02845960    -0.00010201
    -0.01727858    -0.01727483    -0.00000374
    -0.03097995    -0.03100380     0.00002386
    -0.00066578    -0.00065116    -0.00001462
    -0.03891650    -0.03896358     0.00004708
    -0.02322897    -0.02325439     0.00002542
    -0.03441231    -0.03441109    -0.00000121
    -0.01894114    -0.01895800     0.00001686
    -0.00123281    -0.00120681    -0.00002601
    -0.00530666    -0.00531585     0.00000920
    -0.01638887    -0.01644480     0.00005593
    -0.00280702    -0.00280242    -0.00000460
     0.02867939     0.02878627    -0.00010688
     0.02815483     0.02816705    -0.00001221
     0.02846314     0.02848030    -0.00001716
    -0.01628035    -0.01622346    -0.00005690
     0.02221665     0.02224686    -0.00003020
     0.02287356     0.02298174    -0.00010818
    -0.00571167    -0.00568311    -0.00002856
    -0.01480025    -0.01482623     0.00002599
    -0.00070431    -0.00062923    -0.00007508
    -0.00070431    -0.00062923    -0.00007508
     0.02590761     0.02591116    -0.00000355
    -0.02510484    -0.02507895    -0.00002590
    -0.00173633    -0.00179572     0.00005939
     0.01322579     0.01322680    -0.00000100
     0.00307891     0.00308438    -0.00000547
    -0.00187353    -0.00185177    -0.00002176
     0.03278371     0.03278732    -0.00000361
     0.01727128     0.01724897     0.00002231
    -0.02034555    -0.02033170    -0.00001384
    -0.00111648    -0.00109511    -0.00002138
     0.02689895     0.02701306    -0.00011412
    -0.00439894    -0.00438043    -0.00001851
     0.02074555     0.02077056    -0.00002501
    -0.00060850    -0.00056826    -0.00004024
    -0.00060877    -0.00056826    -0.00004051
    -0.01944607    -0.01943268    -0.00001339
    -0.02480176    -0.02470226    -0.00009950
     0.00322869     0.00322871    -0.00000002
     0.00401607     0.00397019     0.00004588
     0.02937589     0.02936597     0.00000992
    -0.00943329    -0.00946708     0.00003379
     0.00338110     0.00337487     0.00000622
    -0.00066711    -0.00061489    -0.00005222
    -0.00066711    -0.00061489    -0.00005222
     0.02892755     0.02901945    -0.00009190
     0.03405919     0.03422312    -0.00016394
     0.00385379     0.00382060     0.00003319
    -0.00283907    -0.00282209    -0.00001699
     0.00353636     0.00352251     0.00001385
    -0.05094361    -0.05090655    -0.00003706
     0.00369392     0.00367122     0.00002270
    -0.00256954    -0.00254420    -0.00002534
     0.00420661     0.00427946    -0.00007285
     0.02007977     0.02019865    -0.00011887
    -0.00138852    -0.00132348    -0.00006503
    -0.02641616    -0.02641108    -0.00000509
    -0.00203340    -0.00203803     0.00000463
    -0.03276254    -0.03277014     0.00000761
    -0.03394593    -0.03391321    -0.00003272
    -0.00711338    -0.00717565     0.00006227
     0.01458533     0.01456240     0.00002293
     0.01815568     0.01804317     0.00011252
    -0.03487379    -0.03486448    -0.00000931
    -0.00582076    -0.00580108    -0.00001968
     0.00746787     0.00754560    -0.00007773
    -0.01687530    -0.01685844    -0.00001686
    -0.01674975    -0.01676356     0.00001381
    -0.00227027    -0.00222971    -0.00004056
     0.03046404     0.03044075     0.00002329
     0.01888688     0.01891568    -0.00002880
     0.00316169     0.00310872     0.00005297
    -0.00060181    -0.00070544     0.00010364
     0.01473211     0.01472749     0.00000462
    -0.02608791    -0.02596973    -0.00011818
     0.01404641     0.01398973     0.00005668
     0.01851672     0.01852541    -0.00000869
     0.00401047     0.00391826     0.00009220
    -0.00445216    -0.00441725    -0.00003491
    -0.01837977    -0.01839519     0.00001543
     0.01597297     0.01586398     0.00010900
     0.01159600     0.01159574     0.00000026
     0.01386260     0.01393923    -0.00007663
     0.00532159     0.00533175    -0.00001015
    -0.00125581    -0.00122119    -0.00003462
    -0.00036836    -0.00031479    -0.00005357
    -0.01923418    -0.01923920     0.00000502
     0.04727622     0.04729273    -0.00001651
    -0.01834964    -0.01836431     0.00001466
     0.01260325     0.01265547    -0.00005221
     0.01769437     0.01765538     0.00003898
     0.00074935     0.00078069    -0.00003134
    -0.00030931    -0.00034448     0.00003517
     0.00252865     0.00258562    -0.00005698
    -0.01933951    -0.01939018     0.00005067
     0.00357155     0.00360140    -0.00002985
     0.01415860     0.01417535    -0.00001675
     0.02152260     0.02155556    -0.00003295
     0.01057595     0.01046585     0.00011010
    -0.01538461    -0.01539339     0.00000878
    -0.02058155    -0.02062939     0.00004784
     0.02422994     0.02431517    -0.00008523
     0.00508211     0.00509437    -0.00001226
    -0.01835677    -0.01841410     0.00005732
     0.00403958     0.00400091     0.00003868
    -0.01589782    -0.01587966    -0.00001815
    -0.01309605    -0.01309365    -0.00000240
     0.03307400     0.03304341     0.00003059
    -0.00310436    -0.00307014    -0.00003421
     0.02967372     0.02959845     0.00007527
     0.04478341     0.04482219    -0.00003877
     0.02769817     0.02771333    -0.00001516
     0.04119442     0.04129299    -0.00009857
    -0.01661269    -0.01661482     0.00000214
     0.02351970     0.02357075    -0.00005105
    -0.01743700    -0.01744413     0.00000712
    -0.01743727    -0.01744413     0.00000685
    -0.01234559    -0.01225027    -0.00009531
    -0.00449475    -0.00448571    -0.00000904
    -0.00118770    -0.00115873    -0.00002897
    -0.00627228    -0.00625398    -0.00001830
     0.00422342     0.00426667    -0.00004324
    -0.02622021    -0.02622526     0.00000505
    -0.02622013    -0.02622527     0.00000514
    -0.01137235    -0.01137508     0.00000274
    -0.01137235    -0.01137508     0.00000274
    -0.00138384    -0.00134483    -0.00003900
    -0.00616218    -0.00614002    -0.00002216
    -0.00050861    -0.00048566    -0.00002295
    -0.00050861    -0.00048566    -0.00002295
     0.03695246     0.03692680     0.00002566
    -0.01553784    -0.01555029     0.00001245
     0.02725169     0.02723548     0.00001621
     0.03749612     0.03751254    -0.00001642
     0.00446903     0.00450898    -0.00003994
    -0.01675859    -0.01676835     0.00000976
    -0.00173157    -0.00167796    -0.00005361
    -0.04568533    -0.04556288    -0.00012245
     0.01954662     0.01954125     0.00000537
    -0.01174794    -0.01175081     0.00000286
    -0.01174794    -0.01175080     0.00000286
    -0.00156885    -0.00150793    -0.00006091
    -0.00090562    -0.00086808    -0.00003755
    -0.00379060    -0.00377088    -0.00001972
    -0.01678534    -0.01679304     0.00000770
    -0.00090589    -0.00086808    -0.00003782
    -0.01678562    -0.01679304     0.00000743
    -0.01088137    -0.01088411     0.00000274
    -0.01971767    -0.01966604    -0.00005163
    -0.00107681    -0.00104541    -0.00003140
    -0.00170177    -0.00164936    -0.00005241
     0.00166760     0.00168883    -0.00002123
    -0.01087745    -0.01088024     0.00000279
    -0.00075691    -0.00072270    -0.00003421
    -0.00075691    -0.00072270    -0.00003421
    -0.00164637    -0.00159478    -0.00005159
    -0.00152664    -0.00147501    -0.00005163
    -0.01214425    -0.01214724     0.00000299
    -0.01214425    -0.01214724     0.00000299
     0.01922648     0.01920541     0.00002107
    -0.00157973    -0.00152985    -0.00004988
    -0.00156289    -0.00151315    -0.00004973
    -0.01616269    -0.01617092     0.00000823
     0.03636990     0.03637066    -0.00000077
    -0.00062684    -0.00059572    -0.00003112
    -0.00062684    -0.00059572    -0.00003112
    -0.01255367    -0.01255815     0.00000448
    -0.00145320    -0.00140828    -0.00004492
    -0.00130985    -0.00126798    -0.00004186
    -0.00513612    -0.00512376    -0.00001236
    -0.00135211    -0.00131156    -0.00004055
     0.01024272     0.01030916    -0.00006644
    -0.00142030    -0.00137492    -0.00004538
    -0.01256238    -0.01256528     0.00000290
    -0.01272189    -0.01272509     0.00000320
    -0.01256265    -0.01256528     0.00000263
     0.03410408     0.03411735    -0.00001326
    -0.01556897    -0.01557710     0.00000813
    -0.01556897    -0.01557710     0.00000813
    -0.01068436    -0.01061088    -0.00007348
    -0.01422957    -0.01423693     0.00000736
    -0.01500330    -0.01501086     0.00000757
    -0.01500330    -0.01501086     0.00000757
    -0.01300293    -0.01300583     0.00000290
    -0.01300293    -0.01300583     0.00000290
    -0.00543972    -0.00542660    -0.00001312
    -0.01446503    -0.01447145     0.00000642
    -0.01446503    -0.01447145     0.00000642
     0.01015238     0.01011759     0.00003478
    -0.01346626    -0.01346979     0.00000353
    -0.01346626    -0.01346979     0.00000353
    -0.01395324    -0.01395804     0.00000480
    -0.01395324    -0.01395804     0.00000480
    -0.00585347    -0.00584085    -0.00001262
    -0.00580533    -0.00579245    -0.00001288
    -0.00958170    -0.00957876    -0.00000294
    -0.00256960    -0.00249645    -0.00007315
    -0.00619247    -0.00617975    -0.00001272
    -0.00665416    -0.00664245    -0.00001171
    -0.00901810    -0.00901227    -0.00000583
    -0.00660159    -0.00658953    -0.00001206
    -0.00854938    -0.00854190    -0.00000749
    -0.00703480    -0.00702285    -0.00001195
    -0.00803805    -0.00802822    -0.00000983
    -0.00858925    -0.00844153    -0.00014772
    -0.00848301    -0.00847443    -0.00000858
    -0.00749246    -0.00748074    -0.00001172
    -0.00797481    -0.00796426    -0.00001055
    -0.02064250    -0.02065582     0.00001332
    -0.00604283    -0.00603272    -0.00001012
     0.04082715     0.04077210     0.00005505
     0.00188278     0.00184019     0.00004259
    -0.04834312    -0.04838602     0.00004290
     0.01090034     0.01092352    -0.00002319
    -0.01024566    -0.01022389    -0.00002177
    -0.01251207    -0.01252180     0.00000973
     0.00784246     0.00803098    -0.00018852
    -0.02041249    -0.02044456     0.00003207
     0.04106244     0.04106340    -0.00000096
    -0.01565501    -0.01562392    -0.00003109
    -0.02139082    -0.02141172     0.00002091
    -0.02661769    -0.02657773    -0.00003996
    -0.01024095    -0.01025524     0.00001429
    -0.00724745    -0.00722608    -0.00002137
    -0.00474787    -0.00473723    -0.00001064
     0.03413467     0.03408980     0.00004487
    -0.02166481    -0.02167719     0.00001238
    -0.00667795    -0.00667292    -0.00000503
    -0.01624403    -0.01621691    -0.00002711
    -0.01509878    -0.01508080    -0.00001798
    -0.00722438    -0.00722292    -0.00000146
    -0.02554521    -0.02551937    -0.00002583
     0.03972511     0.03971614     0.00000897
     0.03555894     0.03552130     0.00003765
    -0.01438587    -0.01437486    -0.00001101
    -0.01192381    -0.01189917    -0.00002464
     0.01673851     0.01676054    -0.00002203
    -0.01924158    -0.01924419     0.00000261
    -0.00817240    -0.00814762    -0.00002477
     0.03835872     0.03833969     0.00001903
     0.03696836     0.03693963     0.00002872
    -0.01794101    -0.01792924    -0.00001177
    -0.00727347    -0.00727289    -0.00000058
     0.03525537     0.03530933    -0.00005396
    -0.00959882    -0.00960837     0.00000956
     0.02621194     0.02622696    -0.00001502
    -0.00517408    -0.00516537    -0.00000872
     0.03572368     0.03571477     0.00000891
    -0.01234853    -0.01241705     0.00006853
    -0.00715502    -0.00715213    -0.00000289
    -0.01423248    -0.01421870    -0.00001378
    -0.00951016    -0.00953127     0.00002111
    -0.00533528    -0.00532801    -0.00000728
    -0.01009036    -0.01011238     0.00002202
    -0.00416925    -0.00418305     0.00001380
    -0.01343853    -0.01341450    -0.00002404
    -0.00992897    -0.00991160    -0.00001737
    -0.00463951    -0.00464470     0.00000519
    -0.01057448    -0.01058607     0.00001159
    -0.00900142    -0.00902207     0.00002066
    -0.00460621    -0.00461185     0.00000564
    -0.00898501    -0.00896748    -0.00001753
    -0.00600436    -0.00600528     0.00000092
    -0.03513893    -0.03517120     0.00003227
    -0.01614653    -0.01612330    -0.00002323
     0.00421855     0.00427954    -0.00006098
    -0.00363419    -0.00358685    -0.00004734
    -0.00929552    -0.00928080    -0.00001472
    -0.02180576    -0.02183526     0.00002950
    -0.01304723    -0.01303606    -0.00001117
    -0.02860390    -0.02860161    -0.00000229
    -0.00482526    -0.00482990     0.00000464
    -0.01029842    -0.01031810     0.00001968
    -0.01013368    -0.01015174     0.00001806
     0.00862195     0.00865971    -0.00003775
    -0.01922569    -0.01924853     0.00002284
    -0.00405583    -0.00408208     0.00002625
     0.01256537     0.01253642     0.00002895
    -0.02192636    -0.02193683     0.00001047
    -0.00853003    -0.00853961     0.00000957
    -0.01033731    -0.01032460    -0.00001271
     0.02262597     0.02263626    -0.00001029
    -0.00879428    -0.00881037     0.00001609
     0.00495917     0.00505407    -0.00009490
    -0.01194041    -0.01194975     0.00000934
    -0.00505517    -0.00507264     0.00001747
    -0.01020177    -0.01019485    -0.00000692
    -0.01093547    -0.01092990    -0.00000556
    -0.00561074    -0.00561484     0.00000410
    -0.01128154    -0.01128157     0.00000003
    -0.00448933    -0.00449334     0.00000401
     0.00668020     0.00663474     0.00004546
    -0.01391027    -0.01387066    -0.00003961
    -0.00662347    -0.00662210    -0.00000136
    -0.00499408    -0.00500920     0.00001512
    -0.01905102    -0.01908573     0.00003471
    -0.00898721    -0.00900153     0.00001432
     0.03474176     0.03476322    -0.00002146
     0.00588852     0.00582818     0.00006033
    -0.00904920    -0.00906336     0.00001416
     0.02454941     0.02459561    -0.00004620
    -0.00840070    -0.00840925     0.00000855
    -0.00875066    -0.00875973     0.00000906
    -0.00696987    -0.00697153     0.00000166
    -0.00573469    -0.00573340    -0.00000129
    -0.00581638    -0.00582422     0.00000784
    -0.00715230    -0.00715328     0.00000099
    -0.00852639    -0.00852748     0.00000109
     0.00243575     0.00239553     0.00004022
    -0.00867453    -0.00868166     0.00000713
    -0.00826097    -0.00826593     0.00000496
     0.01121955     0.01116223     0.00005732
     0.02425329     0.02424173     0.00001156
     0.01666836     0.01669409    -0.00002573
    -0.00919157    -0.00918825    -0.00000333
    -0.00582860    -0.00584012     0.00001153
    -0.03887315    -0.03885938    -0.00001377
    -0.00387830    -0.00384501    -0.00003329
    -0.00398203    -0.00395437    -0.00002766
    -0.01789445    -0.01794560     0.00005115
    -0.00447837    -0.00447559    -0.00000278
    -0.00485299    -0.00486778     0.00001480
    -0.03050184    -0.03040559    -0.00009625
    -0.00640238    -0.00642656     0.00002418
    -0.00489046    -0.00489883     0.00000837
    -0.00480599    -0.00483340     0.00002741
    -0.00480599    -0.00483340     0.00002741
    -0.00506681    -0.00508236     0.00001555
    -0.00510094    -0.00508128    -0.00001965
    -0.00630414    -0.00632505     0.00002091
    -0.00447108    -0.00446615    -0.00000493
    -0.00392184    -0.00388682    -0.00003502
    -0.03377205    -0.03377993     0.00000788
    -0.00645277    -0.00646659     0.00001382
    -0.02499714    -0.02503304     0.00003590
    -0.00638515    -0.00640381     0.00001866
    -0.00350390    -0.00348598    -0.00001792
    -0.00405746    -0.00402996    -0.00002750
    -0.00595146    -0.00595820     0.00000675
    -0.03159149    -0.03152190    -0.00006960
    -0.02957687    -0.02960911     0.00003224
    -0.00579363    -0.00580176     0.00000813
    -0.00465815    -0.00462337    -0.00003478
     0.02953886     0.02972896    -0.00019010
    -0.03366476    -0.03359926    -0.00006550
    -0.00408579    -0.00404810    -0.00003769
    -0.00625285    -0.00626258     0.00000973
     0.02779605     0.02785145    -0.00005540
    -0.00413167    -0.00409371    -0.00003796
    -0.00564089    -0.00564335     0.00000246
    -0.00416549    -0.00414146    -0.00002403
    -0.00432933    -0.00428843    -0.00004090
    -0.00409491    -0.00406113    -0.00003377
    -0.00613296    -0.00614091     0.00000795
    -0.00535019    -0.00535871     0.00000852
    -0.00588920    -0.00589268     0.00000348
    -0.00568098    -0.00568753     0.00000655
    -0.00488986    -0.00489615     0.00000629
    -0.00448838    -0.00447909    -0.00000929
    -0.00418084    -0.00414547    -0.00003537
    -0.04161429    -0.04163507     0.00002078
    -0.00514409    -0.00512486    -0.00001924
    -0.00597132    -0.00597237     0.00000105
    -0.00588939    -0.00589493     0.00000554
    -0.00427548    -0.00424773    -0.00002775
    -0.00468969    -0.00468620    -0.00000350
     0.04594977     0.04591098     0.00003879
    -0.05363386    -0.05362853    -0.00000533
    -0.00557289    -0.00557834     0.00000545
    -0.03155683    -0.03157030     0.00001348
    -0.00430242    -0.00427413    -0.00002829
    -0.03784497    -0.03780367    -0.00004130
    -0.04089224    -0.04086946    -0.00002278
    -0.00579235    -0.00579389     0.00000154
    -0.00476071    -0.00472946    -0.00003125
    -0.00509329    -0.00507224    -0.00002105
    -0.00585706    -0.00585780     0.00000074
    -0.00446457    -0.00442952    -0.00003505
    -0.00438052    -0.00434795    -0.00003257
    -0.00380418    -0.00378682    -0.00001736
    -0.00526361    -0.00524919    -0.00001441
    -0.00477709    -0.00474720    -0.00002990
    -0.00445097    -0.00442730    -0.00002367
    -0.00524856    -0.00525661     0.00000805
    -0.00476167    -0.00475549    -0.00000617
    -0.00483971    -0.00483720    -0.00000251
    -0.00529090    -0.00527724    -0.00001366
    -0.00560043    -0.00559856    -0.00000187
    -0.00478588    -0.00477917    -0.00000672
    -0.00494953    -0.00494026    -0.00000928
    -0.00485315    -0.00484601    -0.00000714
    -0.00553398    -0.00552742    -0.00000656
    -0.02528702    -0.02532643     0.00003941
     0.03155386     0.03148384     0.00007002
    -0.00455872    -0.00453192    -0.00002680
    -0.00542979    -0.00542579    -0.00000399
    -0.00517618    -0.00517877     0.00000260
    -0.00532121    -0.00530782    -0.00001340
     0.02235859     0.02232308     0.00003551
    -0.00517648    -0.00517556    -0.00000092
    -0.00535594    -0.00534721    -0.00000873
    -0.00492015    -0.00491258    -0.00000757
    -0.00411439    -0.00409822    -0.00001617
    -0.00489002    -0.00487889    -0.00001114
    -0.00509299    -0.00508764    -0.00000536
    -0.00445595    -0.00444063    -0.00001532
    -0.02451174    -0.02454591     0.00003416
    -0.02849702    -0.02843215    -0.00006486
     0.00038975     0.00036627     0.00002348
    -0.03146472    -0.03147162     0.00000691
    -0.00931677    -0.00925816    -0.00005861
    -0.03138858    -0.03141108     0.00002250
    -0.05137746    -0.05135653    -0.00002093
    -0.03284376    -0.03279656    -0.00004720
    -0.05797778    -0.05796731    -0.00001047
     0.00005111     0.00004128     0.00008697     0.00011836     0.00066127
