49	2	1
15	15	
1	1006
  0.0541881623882446	  0.1350382824641063	  0.1031445882651125	  0.0927346680398666	  0.0117280532552035	  0.0090713076749631	  0.0408470470171072	  0.0526260938033361	  0.0386771863143586	  0.0526277675808892	  0.0128726918757860	  0.0349225647065768	  0.0828150393329164	  0.0058852994691477	  0.0215461304773807	  0.0773583177874313	  0.0439354400157636	  0.0007897724335645	  0.0045851585634036	  0.0079565401676183	  0.0045853042868650	  0.0070930858814314	  0.0205754373056020	  0.0029067970645120	  0.0022483227138577	  0.0102142303224282	  0.0139601798201338	  0.0186773398381833	  0.0139724675544693	  0.0010210765254475	  0.0017686151791450	  0.0024439626812095	  0.0044361902037443	  0.0082370923970868	  0.0082371203982217	  0.0159264523651613	  0.0205748337084173	  0.0437851268776705	  0.0205761424775803	  0.0013025091181282	  0.0047254956612206	  0.0373787366494818	  0.0034168931598526	  0.0097447243369872	  0.0364003753869738	  0.0006385113086149	  0.0042037414877297	  0.0437890155073410	  0.0164091526951952	  0.0649165442743262
  0.0543042909167231	  0.1352417751153107	  0.7499796791010043	  0.2368878917907797	  0.0117280784653980	  0.0090713150881153	  0.0409318231451866	  0.0527041079294688	  0.1432748275567700	  0.0527057817058099	  0.0128922371537048	  0.0349672640846003	  0.1809736878476134	  0.0058853129549829	  0.0215461570603354	  0.2865586700392850	  0.0647155919335444	  0.0007897724344829	  0.0045851682283781	  0.0079720003256998	  0.0045853139518394	  0.0070930915654753	  0.0206053460209570	  0.0029068026022059	  0.0022483243422374	  0.0102284987628012	  0.0139773164729541	  0.0351689983123529	  0.0139896042070235	  0.0010210765285707	  0.0017686151824383	  0.0024439626827181	  0.0044362000486713	  0.0082371025883442	  0.0082371305894789	  0.0159574203032138	  0.0206047424242369	  0.1114425516519257	  0.0206060511924706	  0.0013025113878926	  0.0047255015004563	  0.0703823295716962	  0.0034201827726112	  0.0097545430423993	  0.0505503401207404	  0.0006385113101810	  0.0042037414916306	  0.1114497195848142	  0.0194046785841770	 -0.0045776354522802
                 -0.31586539773543970133
                 -0.08753754061763113770
                  0.26979861569064300664
                 -0.46972573605965689536
                  0.07548639213422696226
                 -0.50577407240487592954
                  0.33135617741353279309
                 -0.27122565457150255019
                 -0.38813180900113186667
                  0.09195354482784164063
                  0.13724392746392499731
                 -0.32899612373375214380
                  0.12865686218324839940
                  0.00434964448859797518
                  0.17533389521660847077
                  0.39993637629694261948
                 -0.15265804139854757815
                  0.12316527807311825060
                 -0.24197080991316505250
                 -0.16886305217927483069
                  0.17453028132957984497
                 -0.13049781975836693970
                 -0.39697151519148138332
                  0.04118901241508014788
                 -0.02424673959392670275
                  0.06635473650046128102
                  0.29428545481792051097
                 -0.31399135462025290488
                  0.14027612830798205645
                 -0.29483971202835795866
                 -0.00747373854177566573
                  0.30221012220763537881
                 -0.15358844437464416743
                  0.05447048749463648254
                 -0.14885133870716624194
                  0.17514944745065838538
                 -0.05937848693470398204
                 -0.04188898409355831104
                 -0.26707640633980900269
                  0.30184539301999863126
                 -0.31720922035650828130
                 -0.06505017114590304350
                  0.13764383450553474564
                  0.34821007296620493099
                  0.14637331053888497090
                 -0.01216024253964975710
                 -0.00992849029960084749
                  0.16716719455612427669
                 -0.03332430801962778244
                  0.15982413847809967544
                 -0.12310272081867190686
                 -0.04036540077450007785
                  0.19829023924490921105
                  0.43187247680123480587
                 -0.49087786414199668927
                 -0.25966870462420621468
                  0.01226548295590042595
                  0.52841746424256297310
                 -0.39852444297494821202
                  0.17297857328485727324
                  0.08623872520006255205
                  0.17616970837239981362
                  0.16750650369837813414
                 -0.31495727837259968052
                 -0.16972721134907925444
                  0.39198555402098700373
                  0.03586452386543335924
                  0.57785714656000908285
                  0.16096966782939894913
                  0.25494182526697878322
                 -0.45957644985971268792
                 -0.10407596201182783835
                  0.48010800121698848919
                  0.20964190244850403055
                 -0.17069032080103843652
                 -0.37234892609298830823
                 -0.55055946831657698315
                 -0.08033026443460998534
                 -0.08679713426374774388
                 -0.03792073558270166178
                  0.39866701259499021104
                 -0.19388104114966972502
                  0.08554673864655872040
                 -0.12740756558721816338
                 -0.41472334502569424552
                 -0.72744695032351003317
                 -0.09721465786661145914
                  0.07461896398407417974
                 -0.24466864012076419699
                 -0.18363418986603802230
                 -0.42652803538681605122
                  0.13187382219614338097
                  0.37889195179428764026
                  0.03886088843062613513
                 -0.17231899522426316618
                  0.16992223811313483806
                 -0.12075819341665991469
                 -0.40334156452189745545
                 -0.12648878898553414518
                  0.23747020902875273785
                 -0.37978074341307499484
                  0.34081973834605916451
                  0.05447408446291607947
                 -0.07930451353361513134
                 -0.13386098984004068946
                 -0.16689399627992593245
                 -0.83264110912244126972
                 -0.12591884172153003374
                 -0.31401216528752412538
                 -0.10891823422415503053
                  0.22990465257779771346
                  0.11234156983847047584
                  0.33033388500982641123
                  0.22804669962354362500
                 -0.07561198195541180000
                  0.15662433541350453958
                 -0.13825942411684477573
                  0.11909017401437754780
                 -0.20470286571139473253
                 -0.13933286006673895052
                  0.27118426888307362033
                  0.11328978984971589672
                 -0.07811837534784188408
                  0.26734595511299463766
                 -0.15413869247885830793
                 -0.11689882183979422026
                  0.43883623868271820490
                  0.35403536745528141338
                  0.08719202106504911343
                  0.36601899449512154128
                  0.04485499347908362966
                 -0.24807139927319538097
                  0.49941200232029314687
                 -0.06328347127809479111
                  0.12080462470831708488
                 -0.00602033600253737856
                 -0.29604697283892156268
                  0.17322549173646714649
                 -0.56664188510190194314
                 -0.09500259098846083883
                  0.07323838476589461521
                  0.02260005197930854345
                 -0.09496675490376965678
                 -0.37368954356095185343
                 -0.37717815797856524274
                  0.44378452028630155368
                 -0.29131035519165737746
                 -0.31920004499728221736
                 -0.44449775947889336170
                  0.00953687947607450605
                  0.02410799433440889358
                  0.42161781244455259765
                  0.31198166397614440770
                  0.21314466336068160768
                 -0.34927125242834300423
                 -0.21622490204858388352
                  0.03226623748187906759
                  0.26482926051169602966
                  0.36701241230735176524
                  0.17137899098560763211
                  0.04605286791400480667
                 -0.18740165061239774658
                 -0.21142217552772829547
                 -0.24339682399181689076
                 -0.09684806365522966032
                  0.56023975658260227739
                  0.32375783706643623816
                 -0.68024456382631859341
                 -0.19207934335998735897
                  0.15711877335626225904
                  0.06978362165384381643
                 -0.02312497372574901996
                 -0.19516575441842848315
                 -0.03717193693397070897
                 -0.11857936780278527378
                  0.27050326899526178082
                  0.02708969853438448344
                  0.23330260829616009111
                  0.46833273989879337096
                 -0.40526773124897386147
                 -0.27189154304770168924
                 -0.44391257499437736245
                  0.08441583339776347061
                 -0.15322962195774741945
                  0.00121869920416541695
                  0.21531250651663969009
                  0.02712715447250490727
                  0.23478039982709036915
                  0.33206518158622466697
                 -0.16827275952534645476
                 -0.07764516649414404670
                 -0.04801889239779404822
                  0.10917672826727264912
                  0.09487783641721896088
                 -0.17353553596132675896
                  0.32431631834647667301
                  0.15739849206768638523
                 -0.81779805184847886856
                  0.20368152722298185631
                 -0.08985791893471609115
                  0.28655716164645056443
                  0.71930198543026668823
                  0.52823479083961810687
                 -1.03616646024435365980
                  0.33529725325193798779
                 -0.78254159905137143927
                  0.21370253567352062718
                 -0.57588715599381590238
                 -0.04916131693601275693
                  0.04146854935868626857
                  0.50796877854479827175
                 -0.43551542936823212093
                 -0.29639737356600404095
                 -0.39112344686881583833
                  0.21529397975071595805
                  0.54851505959301838367
                 -0.40784929033131139819
                  0.76225278308820731965
                  0.08278981012021091601
                  0.08371825826501161361
                  0.82059616101862042914
                  0.38763043338858238496
                 -0.12924924561253323119
                  0.35980642098290749331
                  0.27647324126157907243
                  0.06274310673942987138
                 -0.31762208530442809229
                 -0.42144627147327551331
                  0.01226400252228553901
                  0.43480310621245210623
                  0.70702876617771770462
                  0.12601418137531117392
                 -0.48949074256089547541
                 -0.00651123169068204034
                 -0.43307013935126853488
                 -0.48333884988963488061
                 -0.30539120570161210066
                  0.11249800964290800065
                 -0.06236503112028010665
                 -0.17611605047505257682
                  0.13839979613474345799
                 -0.10424980257698608643
                  0.13636887473248232583
                 -0.19108108777318694171
                 -0.05167464774946242678
                 -0.23492781573665788564
                 -0.07912100536841883136
                  0.23411247816327515614
                  0.13095698096505412056
                  0.32578495487863501356
                 -0.46535382672864339382
                  0.19549677464267642413
                  0.09658195752578582760
                  0.08792545143829406940
                 -0.27708557404986677852
                 -0.40311638830280749346
                 -0.24254735477013403266
                 -0.32122197114414130503
                  0.42210759888755117197
                 -0.51642015398908192036
                 -0.15426366623793216770
                  0.25178621631623182564
                  0.50780689191360184331
                 -0.23151970950401559723
                 -0.17633981048902899746
                 -0.04786212161231984119
                  0.14346006148654197321
                  0.58296602881734094215
                 -0.11323811813235040713
                 -0.29079034140217008275
                  0.11962753044035692729
                  0.01450407056960030701
                  0.16298129614209511118
                  0.15237767954269557102
                 -0.11341630372647844294
                 -0.19926792027568956955
                  0.36676538722464779863
                  0.08817147520312075548
                 -0.20081951962987193427
                  0.01247876480123031283
                 -0.01701716175541942780
                  0.26400954955574174043
                 -0.00129831856762151112
                 -0.01573832484769497470
                  0.08976446653470916692
                  0.22276639337311901490
                 -0.17473552312817164367
                 -0.07939721310648967245
                  0.00726338399783530916
                  0.15481749928266341776
                 -0.19997614353627615746
                  0.16040263016691924669
                 -0.16803560654692389909
                 -0.05611747174771809787
                 -0.66590083037446989866
                  0.11095698512829677007
                 -0.12788480519240294497
                  0.13896080443618463729
                  0.30049166386441844567
                 -0.24128023195953970936
                 -0.11308012092395000603
                 -0.14212153191025375665
                 -0.38446960954887876571
                  0.05657166004621434763
                 -0.52037497035342783480
                  0.22434671318988480548
                  0.12329795172580416962
                  0.21732531758413553558
                  0.36648007602615717548
                  0.43622547309153930639
                 -0.00353084215199771278
                  0.37913149091003650604
                  0.37659708507467631877
                  0.02728914945379322041
                 -0.40396587575633735590
                 -0.06908198860281763998
                 -0.32093842345608664113
                  0.21937227867684133686
                 -0.63141487528134343510
                  0.18181835448762509455
                  0.17952108366400904016
                  0.01367693944857864032
                 -0.38644943105224444091
                 -0.21366119408841785510
                 -0.41731642426632192810
                  0.27987835169850722172
                  0.52601634838007327311
                  0.49024231321154876362
                  0.57038469271812941574
                 -0.40521790930098294803
                  0.17225174681036325985
                  0.39347910784007228413
                  0.28821982236747867301
                  0.06264410119801740173
                 -0.18819021091882190411
                 -0.33219465580617529854
                  0.03088157141616486995
                  0.25147598139105054038
                 -0.23339108457384769024
                 -0.20900566901516470786
                 -0.52596794673963931377
                 -0.14655280045610832862
                  0.14493813960611712233
                 -0.03616014891372927587
                 -0.58089879372765307330
                 -0.01668573780002232526
                 -0.24972734750522240788
                 -0.09657316891903169886
                 -0.60475349339912098934
                 -0.12547191354880968261
                 -0.49360576310989118243
                  0.19435947046059112719
                 -0.48289613710883294573
                  0.22053669624038349517
                 -0.26678632609393260200
                  0.37495367294041487272
                  0.12128595949325340908
                  0.65416426079049705411
                  0.24087451147740829294
                  0.05453279554257534079
                  0.19321507143728067213
                  1.35180675484894896599
                 -0.26544343238906437099
                 -0.60144209911142876290
                 -0.46041646536597979900
                 -0.01173773400966105288
                 -0.00108452266629168121
                  0.11850006410923928646
                  0.10531952712662774607
                 -0.01534232337261710530
                  0.05179502606133189885
                 -0.44088939045373037873
                 -0.22373496696797429140
                 -0.52660022051863042414
                  0.16190759526709586069
                 -0.16033860830776983097
                  0.72405542786894405705
                  1.16334755751383456257
                  0.28842680481508320423
                 -0.26132687245023483724
                 -0.28243844085091651674
                 -0.05206655074144692780
                 -0.14079536783352811224
                  0.89573783817363250570
                  0.24968131426495029923
                  0.01405202891837737701
                 -0.03717875952171387222
                 -0.31693887148635935258
                  0.20699783734944043889
                 -1.06591770051641354655
                 -0.24735454523343614053
                 -0.02477729082172836980
                  0.01240724636998092462
                  0.25726656686860538414
                  0.13395728404784784660
                 -0.03502314879342380283
                 -0.10999519893734845122
                  0.34600270305101177293
                  0.02632550957985394305
                 -0.00432083215947605924
                 -0.00284234289848214446
                  0.29012329135737580099
                 -0.45354378172251319512
                  0.33381419159933994889
                 -0.28116122437209556395
                  0.01151999005685377941
                 -0.46136083278656092599
                 -0.25746281739706167180
                  0.05891156862896026331
                  0.13577682611278282798
                 -0.27068652777831153644
                 -0.01328995049557411823
                 -0.74703157496569028151
                  0.28162400103276002961
                 -0.11346215661930779406
                 -0.40992493960037834633
                  0.33359238356561049521
                 -0.13531923673406529018
                  0.15242094019954813278
                  0.39999596141182697240
                 -0.20822310641171548617
                  0.40748447140428450952
                  0.13320079206858809195
                 -0.97482659011951289241
                  0.92291272349699648991
                  0.22227881079601552461
                 -0.12895664029100786796
                  0.05372733256344874170
                  0.01815720633172997894
                  0.02892010572220646281
                  0.32140132658939774002
                  0.04761265839298126079
                 -0.22979597849716362767
                  0.19759528676016158144
                  0.11936929228814492643
                  0.46077344463490349513
                 -0.17424902813541742752
                 -0.51673169979261679430
                  0.30104845363298698979
                 -0.09345143758339553852
                 -0.07491737307506171617
                  0.81855618582601041844
                  0.09083656567813035154
                 -0.25741046236081127629
                 -0.04038484841630567840
                 -0.05390641858695838229
                 -0.39214657974194694345
                  0.23815475036326136382
                 -0.16199456491023400684
                 -0.25536250774962271359
                  0.12265590827118541539
                  0.32258670443082598789
                 -0.02891406874216484804
                 -0.06049096200296180670
                  0.18449787982212886850
                 -0.01364558687473379703
                  0.21219866165839565419
                 -0.09631336488217656644
                  0.76891630621867013140
                 -0.36611969245034459153
                  0.03870254356862333489
                 -0.51354931504602718828
                 -0.55656389400409111978
                 -0.25482817852816003201
                 -0.18629373357270714862
                  0.02081127159528861972
                  0.37252798362396344345
                 -0.12066614561599911526
                  0.26963053076396342744
                 -0.32485240216272104341
                 -0.00290575681353944740
                 -0.49912787300959926551
                  0.60538860697234408992
                 -0.20357706352733714872
                  0.26614857609112835268
                  0.57201982484089508585
                  0.01146186736347753338
                  0.14408997417579169631
                  0.20591041513522317929
                 -0.04907087441007476625
                 -0.13116484842419678936
                  0.03033305480843248580
                  0.22408063930729552049
                  0.28699482681006144302
                 -0.18109074404933481195
                  0.13070266036521227537
                 -0.20009451629508223647
                 -0.15623311073356691003
                 -0.20812894219868380286
                 -0.12544779178081394422
                 -0.23449502974612124184
                  0.05254480660794250135
                 -0.43783451750552015991
                  0.05192923492204507691
                 -0.06085210512616714973
                  0.48504446967482989228
                 -0.06164007900010932961
                  0.06552849136451867340
                 -0.43260508567139560610
                  0.29416172095215775695
                  0.38669360661544899260
                 -0.15334453073892825858
                 -0.08685450857698613636
                 -0.13556765809881718421
                 -0.42904830322699794021
                  0.02366225470291365499
                 -0.09038732773683920418
                 -0.32129732199537058834
                  0.08966190968585739662
                 -0.18359191569594077165
                  0.21058322931006082102
                  0.65970741879949146291
                 -0.04666162314925759863
                  0.43708491856853015634
                 -0.20656789275324988209
                  0.05781115890171398958
                  0.13621526403089254109
                  0.53769805090485067733
                 -0.03635080085315590265
                  0.14608627087806125289
                  0.34612555414358708861
                  0.14615272750122884626
                  0.00182696191749840298
                 -0.31920207976658637739
                  0.00697501975207142234
                 -0.33153886959153472391
                 -0.21265222707648179234
                  0.02194832943670234349
                  0.00125815432957353604
                  0.15404448237651444109
                 -0.00176195866239412663
                  0.02582944209432615212
                 -0.01675069657313763005
                 -0.23750564474022595185
                  0.09108138367628305920
                 -0.15911245705609131096
                 -0.13405534467561155965
                  0.32134379254540701432
                 -0.30831286922730838373
                 -0.09483249587133095460
                 -0.03153010919261448053
                  0.34886164479168857433
                  0.14096512113115719500
                  0.41355285737125091483
                  0.08452743398471748715
                  0.15147416250480541522
                 -0.19348452240909722044
                 -0.02960312006101003049
                  0.31391553651189607610
                  0.06898502597206977727
                  0.21895968327141393517
                 -0.07593982642376323478
                  0.01401556984202621294
                  0.20372175469902162326
                  0.04306616299944192316
                  0.32795086557056241094
                 -0.41066785857498216972
                 -0.20986405580992673059
                 -0.42907834159384439232
                  0.42355404563052539979
                  0.32252718565310639631
                 -0.03447765715962523153
                  0.25818329449130428266
                  0.00961023356748720234
                 -0.09817955389649120346
                 -0.28986993163851809685
                 -0.37229609530257157246
                 -0.25399074705668484020
                 -0.15373196530145477601
                  0.15170183694097061355
                 -0.49757245774420399975
                  0.31669683396839476419
                 -0.13258624451934067356
                 -0.27711582057935990608
                 -0.34426334014775789027
                  0.12497326853479766295
                  0.48976071081636662896
                  0.21890502823231536289
                 -0.02441123457701948468
                 -0.10243980459902987667
                 -0.13243262697667110284
                  0.08440051768572626179
                  0.20002799759490433318
                 -0.45527356769814286697
                 -0.16289880776922771588
                 -0.04675802867553199155
                 -0.02079892111929840248
                  0.24282091411445597129
                  0.08735919145716314338
                  0.21189305995098486890
                  0.01089688367566692823
                 -0.23805776083990762282
                 -0.17200736475802061443
                  0.01579700272815040205
                  0.12653478030405584942
                  0.04871277650795768216
                 -0.18389223054725656326
                 -0.02028386177692109021
                 -0.21537919542644795579
                 -0.33462279632041153077
                 -0.17507670004551936782
                 -0.26778961754419011720
                 -0.15705251317087853824
                  0.10450881990992350046
                  0.11106357079409540090
                  0.44976397935565209929
                 -0.21911584310736373360
                  0.03196450117558517767
                 -0.24027962869877728114
                 -0.01176905544434536828
                  0.16216467279506530108
                 -0.15803920619509567724
                 -0.33921851766930238847
                  0.24468882649011214347
                  0.16127174883261252702
                  0.38095017351027998798
                  0.28655900096044278902
                  0.46623640122120746376
                  0.08853861679699441545
                  0.11543395401789288690
                 -0.31957167236426131662
                  0.35764373381156783216
                 -0.15544852999006275596
                 -0.12442292679319447157
                  0.37081740097339010998
                 -0.12280769941115146637
                  0.17502922498898185188
                  0.17514131200036911484
                  0.09055023287346816718
                  0.12430088329745542230
                  0.32171410166978436918
                 -0.02082548985519366153
                 -0.24322795431321556081
                  0.04063936600863219534
                  0.21104593309130201262
                 -0.23804119171793003407
                 -0.02030877562624060217
                 -0.05069155145702874954
                  0.12571556008731779586
                  0.11142958222054041850
                 -1.71049116649844901161
                  0.03043934319024197907
                  0.10812505352648055235
                 -0.15496909166771652422
                  0.25034085311982962052
                  0.47754151992122195747
                  0.45943894811781721410
                 -0.19299120183690457453
                  0.09152622594183987270
                 -0.84894741034101484090
                  0.06453113202534703496
                 -0.14644218972316475069
                  0.15025146281677614901
                  0.05220230495113690333
                  0.41505925064039833616
                 -0.08563105343069427056
                 -0.06823324797975499623
                  0.13019600923793248071
                 -0.28218881485121921626
                 -0.05844560604780794921
                  0.32060585471568342486
                 -0.04366529761551335431
                  0.15270490772611353125
                 -0.05830211139462975617
                 -0.15242266283367753021
                 -0.25033951941416687781
                  0.26494215702576057181
                  0.10499444624414515370
                 -0.09361997319745457569
                 -0.13506679354354511613
                  0.10308358388337250655
                 -0.63365149708613377477
                 -0.24353955207652105974
                 -0.23381821543882572167
                  0.42352691747200288397
                  0.09208905054087802855
                 -0.05985270148470200197
                 -0.01153036743924308084
                 -0.65209027911854711146
                  0.52747569774116032093
                  0.43970544805024697199
                  0.23488587642768024577
                 -0.25730389768203809631
                  0.15249243181192373431
                  0.03173555203690213433
                  0.83237158836083136038
                 -0.56743369072655236440
                 -0.69439723348459492236
                 -0.11573630155947693676
                  0.03608048765945356257
                  0.19465737168795491097
                  0.86427894205480193524
                 -0.22977821683367680161
                 -0.12500716328358016383
                  0.28674489590513468906
                 -0.46305472470545561148
                  0.42090888796556225060
                 -0.40100012900231651880
                 -0.04595670815777094798
                 -0.17289711979975830314
                  0.36018938134784184157
                 -0.14438558343752314062
                  0.17436651376246267708
                  0.05995982123916729356
                 -0.03940615818568162648
                 -0.34963847476931497749
                 -0.15887835730899729780
                  0.46828055358906184313
                  0.09042867178917102233
                  0.27071891458614366632
                  0.16891032484683191073
                  0.51926362353131527705
                 -0.09366584224607264753
                 -0.28055070041935398217
                 -0.12088111589840756788
                  0.20105701599631484178
                  0.10239683880835942498
                 -0.16778578443444169821
                 -0.45107297134589580123
                  0.04728012589909975222
                 -0.17114672634467520407
                  0.19695966833621417202
                 -0.59323015237223475360
                 -0.11419495930498489711
                 -0.46492924495119786199
                 -0.16043328663679620738
                  0.18955984677260945270
                  0.07001266355147098275
                 -0.00015326715707751929
                 -0.33442133306542493054
                 -0.05542466865897465594
                 -0.02889281677384080566
                  0.78068795573672200572
                  0.16370134470625780088
                  0.02427500646612498758
                  0.61769906624938297757
                 -1.11942284258234381333
                  0.10265726306980188509
                  0.52791397639889359183
                  0.05010879829041212097
                 -0.29887590814405823325
                 -0.23431090032026186121
                 -0.01522999535784263017
                 -0.56343621389065245975
                  0.48251694700765906942
                  0.19594056992232902759
                  0.87315851953060708013
                 -1.21225397211521279672
                 -0.38253623182253276847
                  0.31224914522114943782
                 -0.55023604928245950507
                 -0.47466758939235148551
                 -0.68630371569850334712
                 -0.61774641450664202758
                  0.12597793101713405939
                 -0.39658590540968818861
                 -0.54164857224769391575
                  0.57397463895786127175
                  0.40491306759368567159
                 -0.01673561803057301359
                 -0.48871822453744689918
                  0.33290194168285802689
                 -0.09877289540383556166
                 -0.62974838603633198630
                  0.46608003133401554319
                 -0.87193552265880591712
                 -0.56480148379358741106
                  0.52571912072795790039
                  0.29440968586248672523
                 -1.13497461317488412824
                 -0.59461714861773895535
                 -1.14054075812632293996
                 -0.52569020393414755965
                  1.31295016718989021598
                 -0.77909792937656341394
                  0.35172841297715790043
                  0.74773592158594726076
                  0.16486846581863121020
                 -0.56538039772627268764
                  0.38390200926434087103
                  0.23337598881827559261
                  0.15330668437176506180
                 -0.86032903344859346095
                 -0.39066327540094508697
                  0.28686673978084303860
                 -0.67457187417259500961
                  0.40537609355382936416
                 -0.76681814130790271200
                  0.38505103754097952384
                  0.70574070786127696131
                 -0.04392121862275999433
                  0.52461693569945844207
                 -0.69972564109705304158
                 -0.33914367232581160705
                  0.31835841942646769809
                  0.03765925672055930179
                  0.33013875693645822196
                  0.77576356877434793358
                  0.87379883067354136017
                  0.33797578008718986986
                 -0.10508301118275631403
                  0.08898071124576506508
                  1.35930676978611164607
                  0.80170327642322303241
                 -0.39843747945847862724
                 -0.94406407128532898732
                 -0.27461032738483448501
                  0.39180057601842699366
                  0.14290922572099065690
                 -1.14073029140787984836
                 -1.22991197027623733184
                 -0.77001414245295107808
                 -0.19019150911465970699
                  0.54727243092543742531
                 -0.22271387971297362807
                 -0.52541513615624846345
                 -0.44148504317010683895
                  0.80198690389547555579
                  0.58912241629155059908
                 -0.68178544095656612445
                  0.48884785978247402571
                 -0.45982979127685519316
                  0.32672669351354061140
                 -1.64468908164050375831
                  0.22913757311020355178
                 -0.18992936876467345075
                  0.12254851717981221637
                  1.12928355469729058136
                 -0.03435597658365702189
                 -0.89691983312020773234
                  0.71069160325167912706
                 -0.85833513802208682986
                  1.10476934941567073167
                  0.32055974120667601879
                 -0.48354705313154916491
                 -0.25127887547378707778
                 -0.18818440219287840831
                 -0.59954757355906806993
                 -0.01483996327615908634
                 -0.71337195815092535600
                  0.12552730379663684657
                  0.39190292773799756398
                 -0.13975485726261907549
                 -0.37157498109916403672
                  0.12872810298744127855
                  0.14221544635227487130
                  0.31053785498617225702
                  1.53783638859925830822
                  0.68205248545987273712
                  0.66728437564821829753
                  0.10549185055354796947
                 -0.08663852425995359485
                 -0.71330857320061402671
                  0.22877207050060113791
                  0.82541142315632853865
                  0.14897201258368006349
                 -0.25023162135268628425
                 -0.31297734949289146567
                 -0.26404107935522258543
                 -1.98609458452950615737
                 -0.57176089702173271689
                 -0.46465437240409723785
                  0.40674099872814667433
                  0.02852789193538511625
                  0.96308597166512333043
                 -0.96866902956639122646
                 -0.08913759682759504754
                  1.46897102471518947731
                 -0.27470773808832921192
                 -0.13822597090005794840
                 -0.29672600815898048099
                  0.03162425622151726623
                  0.84068342554968789049
                  0.20030593299461965651
                  0.69910846136831172881
                 -0.07886601770338780293
                  0.36577288224648518700
                 -0.50301962833463720326
                  0.02815118411974030024
                  0.17066629227598956176
                  0.81327248615224190242
                 -0.54568709391099945449
                 -0.77644311539561039481
                  0.64696837467310130965
                  0.04861442404138629353
                  0.81327726499607344568
                  0.97567208330879395817
                 -0.34298650787192602740
                  0.52058377087068663513
                  0.41948081682757792921
                  0.29258371858799903098
                 -0.38716671282457293390
                  0.64964858600579789005
                 -0.37717847086363842646
                  0.31499753707977090622
                 -0.12726800546568645123
                 -0.26587456859339297921
                  0.31515514954131806924
                 -0.15023693879132812845
                 -0.72280624633348899977
                 -0.76301677727106365090
                  0.17546430624430056633
                 -0.30104929230465204970
                 -0.93743060438451786265
                  0.40993145411409087631
                 -0.14551933959371626814
                  0.71627731988227383297
                 -0.17112457963189239840
                  0.50284824429712737803
                 -0.08682036324275618777
                  0.15544099220113744009
                  0.88797453339153586960
                  0.23454137018978946094
                 -0.58648656441178381726
                 -0.27979723774738135544
                 -0.52561943059824833835
                 -0.12574036068127630861
                 -0.17141892499212152412
                  0.29183325429554324293
                 -0.35299629540280491602
                 -0.33675621200574762382
                 -0.29181276128017474836
                  1.19488047069340996842
                  0.84904215510108804743
                  0.74514796758362056295
                  0.45074264142056152949
                  0.40553917557631163904
                 -0.17187658612874798236
                 -0.67203916811965802580
                  0.28307292994201022074
                 -0.15006723647712219560
                 -0.09972274718843762709
                 -0.63654228867666939884
                  0.04482806925046779745
                 -0.28991116093758045880
                 -0.92494433785384588820
                  0.19065402651174850890
                 -0.21880354334103396807
                 -0.97483984750308372291
                 -0.07402843367939539176
                  0.21671104621408587843
                 -0.41376692554242983091
                 -0.44149672881510415579
                 -0.87195109350907118451
                 -0.64926968677990792855
                 -0.09356276749236301649
                 -0.28699778699639899582
                  0.31819556663083559123
                  0.23646986158218150087
                  0.15263495048786154817
                 -0.06352482303229591010
                  1.70395460810814158847
                 -1.05036522493061235117
                 -0.41749894321333907987
                  0.10286332809618241313
                  0.02796908715101164428
                 -0.41696653319669846338
                  0.48443083302333606044
                  0.06369522595674433074
                 -0.11456820836128821239
                 -1.24017776558585390845
                  0.70000556333757013583
                 -1.61945716645739867801
                  1.01875120962718579420
                  0.90816440615702509476
                 -1.97071693405874159843
                 -0.74897469884835876641
                  0.64752842844915337039
                 -0.32759657894054433624
                 -0.59104987261042440938
                  0.69355440891800967940
                 -1.13416537243153858761
                 -1.69461441920838162822
                  2.51793589023578512354
                  2.54461831382804870572
