2708
7845
11004
2120
3875
16286
23347
13049
7203
4727
75
8742
22348
4683
28561
2004
379
28646
9821
29780
25018
30369
31288
18578
11945
25
14805
27769
27788
17812
5727
15324
8596
84
3548
22123
1205
4344
13020
23942
28518
9980
30434
14553
13057
4736
14071
26650
11362
24453
27581
8631
11055
3379
22830
7297
13930
2925
27559
25597
25521
23536
31277
31040
10057
1812
30404
26861
26497
7746
16568
5115
10322
24921
24352
12406
2359
2567
18444
19734
11935
3736
21094
10603
9830
20075
30213
8061
4927
27773
3727
31676
230
13780
8986
21851
1462
13014
690
13175
29197
32405
29370
29379
32210
32205
32212
32211
32208
32209
32206
32204
32203
32202
32201
32207
29321
16985
28777
16170
28808
28838
29402
32321
27066
28919
28903
28975
32488
24380
29447
29159
28959
28944
29399
29433
28978
32333
29489
27964
13176
28779
29421
13081
29397
14128
13613
29144
28872
29205
22018
29420
29195
29430
29424
28923
20628
29338
29131
29260
29016
29488
29441
32374
32371
32375
32369
32373
32376
32370
32372
32379
32377
32378
32380
29310
29473
28946
32417
25658
28648
29458
29413
29437
29142
32289
32288
32286
32296
32285
32295
32287
32290
32291
32292
32294
32293
29478
29065
25113
16842
18779
29426
28739
28612
20897
22417
26766
28378
19446
26118
28157
26923
18796
27965
28619
26779
28280
29511
28296
28369
11200
22267
29410
28737
29506
13767
27177
14172
26146
26682
25310
16031
27690
28124
27627
22090
20530
17528
27716
13043
20848
28442
28812
28832
26864
32465
29172
28524
29137
28526
12990
25379
21331
29102
28969
29235
27726
20994
29476
28513
29494
20613
15713
28861
28392
29414
29431
29477
28887
24817
29176
15506
23073
25408
27518
29033
26076
29017
27820
28640
29258
28584
22811
27255
28265
27975
26687
27846
24406
25796
29215
29177
29075
29343
29418
26404
24043
28201
23224
17806
28891
27009
29030
28036
24566
28235
28340
23451
20695
389
26967
28791
26974
29479
27350
22009
24761
28355
27698
103
22063
28755
27780
27609
26832
29436
27770
22860
28942
25677
28078
388
28365
29022
28761
29204
26001
28652
26618
28965
28918
28901
27117
102
387
27435
27425
29202
28898
21973
28578
28352
19794
28219
386
28698
29138
26829
101
28681
28162
29032
27554
28550
24326
28108
27971
29361
100
28012
25684
29492
29050
27573
27932
27248
29010
27658
29311
29181
22068
21915
28587
29298
29007
27244
28997
24632
29395
29255
28644
29211
29058
27042
29120
29157
29115
29095
28211
27098
17877
24703
16169
22172
24477
27817
19810
27799
28364
28653
21925
28430
29107
29300
19341
19307
27840
14528
26099
25547
23004
28244
29168
27717
21282
12354
28703
26191
14436
15093
21145
22163
28217
23660
26218
27987
14614
28320
15744
27340
25037
20547
25170
27010
22879
18206
15290
27453
25519
15507
29086
21175
29026
26603
29111
17130
28768
28222
13105
27778
29161
26551
29409
27822
25930
26374
20390
24007
27417
16347
14678
20763
19505
23843
27287
27963
16855
28596
25526
18506
25374
28825
27594
28168
24880
28295
25102
27467
27142
29081
27714
28452
28931
29009
28878
29416
28067
28425
27603
445
447
22997
446
18494
25643
12324
14204
9626
28766
16085
26574
29434
22871
17011
17100
17251
20560
25077
12455
25846
13944
11639
14631
25434
24905
28998
21961
9738
25386
26716
27247
20782
15781
20010
13838
15963
11784
21335
28468
12940
17864
24791
14752
28585
17869
28314
28427
24289
11002
17413
16514
27911
8027
22646
16167
27898
26797
11710
14206
17210
20293
14358
17897
15550
12231
19098
23996
17053
24275
26585
21542
20152
12236
18682
28972
12283
28269
22690
14114
24080
20387
29341
28786
23534
22206
26082
21181
24472
14840
22399
12801
25135
16237
26788
19163
10901
14870
19918
14124
2223
19615
1873
10410
19261
29056
18185
28616
19042
1741
17415
28344
23558
27938
29501
28999
25913
26270
29355
32479
32485
24790
25319
24514
19199
11073
17824
18739
20998
28844
29384
28845
28325
19940
26116
29349
17087
15182
9987
11820
28434
16293
27616
28441
29490
17783
20922
29236
23935
19804
28151
28839
29509
29405
29406
12719
14958
29059
24948
28308
13776
29503
19349
29222
28736
29429
28774
29491
29043
29480
29450
29464
28797
28984
29224
25895
28599
29104
28811
28807
28419
29035
27764
20236
28520
24537
29071
28885
27873
28431
29400
28679
29069
28921
29152
29134
28366
29219
29068
28716
31875
31874
31873
31872
31865
22016
8207
190
11084
285
6991
21865
25118
22149
452
6050
26885
19766
7195
28279
6739
6206
7777
6741
7848
6668
26053
7306
6327
31784
31788
31790
31785
31781
31789
31786
31782
31792
31791
31787
31783
451
7049
14901
7251
28384
28643
29210
7065
23011
7951
6491
28552
27886
18082
28523
20032
26419
15846
27421
8750
11734
20035
13769
27262
24739
16759
12269
17167
18146
19025
28935
21590
21642
22679
20561
17695
16051
11834
28591
14690
16710
9040
25137
19788
22365
16534
9368
10512
28913
25006
27032
19946
24639
28868
28673
20555
27404
28765
28751
30812
30818
1720
2396
13958
24606
1996
8775
29339
8325
6221
28439
2001
18477
30644
30650
6144
2003
28322
20325
6072
4012
28581
2496
27885
8800
30728
30734
4060
1978
3447
20821
6129
17281
1737
8022
10584
293
27797
1997
27888
25342
1937
6109
12675
2770
9674
17539
8470
21509
7868
29382
27966
16010
15626
27803
22611
292
28435
28421
26950
28987
27446
28650
14641
29178
29124
291
14624
19752
25731
28176
28874
29090
29218
11385
27205
27129
290
24720
28068
23313
28780
28802
289
26442
288
29175
28689
287
286
28602
29467
28448
28977
29203
29149
26593
28310
28292
30518
2083
30519
30516
30515
30510
30509
2622
27331
2413
22814
2719
1708
26953
1775
1688
16577
2670
18753
29209
25327
5968
2451
30299
2635
2284
4138
26158
2569
4200
28588
28993
20089
2241
4499
27100
4554
20157
26884
21697
2356
30383
30467
21944
27253
2980
27588
6157
3111
5420
3661
1633
15949
24106
2958
27086
5963
2024
26958
1726
2613
2087
2254
21667
21341
2947
27654
1756
5197
2366
4802
25775
4917
2319
29216
27724
24355
9943
18891
1663
3017
20979
25081
28707
27859
23232
25272
21019
22341
24944
25882
28415
29179
27960
27322
28017
28522
28962
21030
28394
