     0.00531264     0.00339964     0.00191301
    -0.00273025    -0.00485324     0.00212299
     0.02927692     0.03176098    -0.00248406
    -0.00311614     0.00219822    -0.00531436
    -0.01176101    -0.01598098     0.00421998
     0.01535231     0.01579567    -0.00044335
    -0.01062303    -0.01026549    -0.00035753
    -0.00145638    -0.00258462     0.00112824
    -0.01227549    -0.01269764     0.00042214
    -0.02963285    -0.02851187    -0.00112097
     0.01102094     0.01139566    -0.00037472
    -0.00089036    -0.00188995     0.00099960
    -0.00872650    -0.00701989    -0.00170661
     0.00711866     0.00900047    -0.00188181
    -0.00382908    -0.00449101     0.00066194
    -0.04102963    -0.04377308     0.00274345
    -0.00328986    -0.00333667     0.00004681
    -0.02874611    -0.02848799    -0.00025812
     0.03531197     0.03469385     0.00061812
     0.00210086     0.00136170     0.00073915
    -0.01751698    -0.02064029     0.00312331
     0.03544819     0.03211804     0.00333015
    -0.00078418    -0.00174799     0.00096381
     0.01891287     0.01991253    -0.00099967
    -0.00073841    -0.00161024     0.00087183
     0.02068797     0.02259422    -0.00190625
     0.01717814     0.01762308    -0.00044494
    -0.00566029    -0.00570336     0.00004306
     0.02794658     0.03175147    -0.00380489
    -0.01975288    -0.01875721    -0.00099567
     0.01716524     0.01408816     0.00307708
     0.03134839     0.02969362     0.00165477
     0.02801409     0.03135819    -0.00334409
     0.03089431     0.02700784     0.00388647
    -0.00110470    -0.00256645     0.00146175
    -0.00131426    -0.00130453    -0.00000973
    -0.03007884    -0.02994081    -0.00013803
     0.03733027     0.03714770     0.00018257
     0.01623020     0.01364917     0.00258103
    -0.00101852    -0.00199223     0.00097371
     0.02410553     0.02271780     0.00138773
     0.03053202     0.03210675    -0.00157473
     0.01981770     0.02006725    -0.00024955
    -0.02353428    -0.02430143     0.00076715
    -0.01563893    -0.01595999     0.00032106
     0.01989642     0.01865746     0.00123897
     0.00956943     0.00997307    -0.00040365
    -0.00020809    -0.00097316     0.00076507
    -0.00045585    -0.00103743     0.00058159
     0.01835979     0.01778894     0.00057086
     0.03818049     0.03701276     0.00116773
     0.02802533     0.02955344    -0.00152810
    -0.00226780    -0.00297409     0.00070630
     0.00401580     0.00221420     0.00180160
     0.00008727    -0.00072587     0.00081314
     0.02768963     0.03035037    -0.00266074
     0.01845544     0.01844826     0.00000718
    -0.00177960    -0.00169000    -0.00008960
    -0.00047987    -0.00110185     0.00062198
     0.03618859     0.03528420     0.00090439
     0.01391071     0.01909726    -0.00518656
    -0.00045495    -0.00104590     0.00059095
     0.03093439     0.03059277     0.00034163
     0.00341663     0.00457368    -0.00115704
    -0.00227912    -0.00287483     0.00059572
    -0.02605743    -0.02755409     0.00149665
     0.00011415     0.00119765    -0.00108350
    -0.00929130    -0.01770397     0.00841267
     0.01184016     0.01004888     0.00179129
    -0.00981833    -0.00946750    -0.00035083
    -0.00077868    -0.00185981     0.00108113
    -0.01099079    -0.01018765    -0.00080314
    -0.01833718    -0.01771155    -0.00062563
     0.01628430     0.01657874    -0.00029444
    -0.00988884    -0.00939479    -0.00049405
    -0.00516638    -0.00496281    -0.00020357
    -0.01654599    -0.01343755    -0.00310844
     0.00707874     0.00635014     0.00072860
     0.02743479     0.02555329     0.00188150
     0.00569488     0.00618345    -0.00048857
     0.01915045     0.02476805    -0.00561760
    -0.02305705    -0.02415026     0.00109321
     0.00002095    -0.00075932     0.00078027
     0.00194281     0.00134556     0.00059725
     0.02851832     0.03045447    -0.00193614
     0.02128456     0.02476573    -0.00348118
     0.01741180     0.01776980    -0.00035799
    -0.00131660    -0.00200141     0.00068481
     0.00565978     0.00636957    -0.00070979
    -0.01162797    -0.01289445     0.00126648
     0.03700406     0.03715506    -0.00015100
    -0.00435067    -0.00476421     0.00041354
    -0.01360058    -0.01171905    -0.00188153
    -0.00077019    -0.00149276     0.00072257
     0.01701240     0.01744629    -0.00043390
    -0.00161478    -0.00238059     0.00076581
    -0.01630294    -0.01722380     0.00092086
    -0.00085411    -0.00194420     0.00109009
    -0.03426218    -0.03367226    -0.00058992
    -0.00238682    -0.00250972     0.00012291
    -0.01491195    -0.01575715     0.00084520
    -0.00948066    -0.00983584     0.00035518
    -0.00948075    -0.00983584     0.00035510
    -0.01238088    -0.01334736     0.00096648
    -0.00947258    -0.00820154    -0.00127104
    -0.00611562    -0.00589597    -0.00021965
    -0.00893981    -0.00909567     0.00015586
    -0.00605636    -0.00640012     0.00034376
    -0.00605636    -0.00640012     0.00034376
    -0.00890378    -0.00879386    -0.00010993
    -0.00528015    -0.00526089    -0.00001926
    -0.01699286    -0.01575206    -0.00124079
    -0.01132595    -0.01208144     0.00075549
    -0.00406870    -0.00425184     0.00018314
    -0.01626299    -0.01485923    -0.00140377
    -0.00653737    -0.00629165    -0.00024572
    -0.00841934    -0.00841290    -0.00000644
    -0.00841950    -0.00841290    -0.00000660
    -0.01661244    -0.01648030    -0.00013214
    -0.01322699    -0.01378741     0.00056042
    -0.00473304    -0.00491275     0.00017971
    -0.00791900    -0.00779259    -0.00012641
    -0.00574528    -0.00561843    -0.00012684
    -0.00941076    -0.00906138    -0.00034938
    -0.00743848    -0.00723470    -0.00020378
    -0.01094850    -0.00981767    -0.00113083
    -0.01383326    -0.01453168     0.00069842
    -0.01649489    -0.01582892    -0.00066597
    -0.01518466    -0.01522159     0.00003693
    -0.01535816    -0.01528633    -0.00007183
    -0.00579137    -0.00565100    -0.00014038
    -0.01134054    -0.01105964    -0.00028089
    -0.01189154    -0.01130484    -0.00058670
    -0.00492151    -0.00507223     0.00015073
    -0.01772961    -0.01692781    -0.00080180
    -0.01122415    -0.01153826     0.00031411
    -0.00510170    -0.00514955     0.00004785
    -0.01057690    -0.01104813     0.00047123
    -0.00516861    -0.00519964     0.00003103
    -0.01001722    -0.01022712     0.00020990
    -0.00606621    -0.00610645     0.00004025
    -0.00574694    -0.00558169    -0.00016524
    -0.01028207    -0.01053786     0.00025579
    -0.01094752    -0.01133622     0.00038869
    -0.00702688    -0.00667679    -0.00035009
    -0.00556495    -0.00545291    -0.00011204
    -0.01551645    -0.01655435     0.00103790
    -0.00723017    -0.00717434    -0.00005584
    -0.01325404    -0.01420787     0.00095383
    -0.00876667    -0.00885695     0.00009029
    -0.00876694    -0.00885695     0.00009002
    -0.01221682    -0.01311477     0.00089795
    -0.01221682    -0.01311477     0.00089795
    -0.01083484    -0.01103346     0.00019862
    -0.01671179    -0.01638726    -0.00032454
    -0.01037418    -0.01043281     0.00005863
    -0.01394788    -0.01486624     0.00091836
    -0.01084537    -0.01108271     0.00023734
    -0.01481480    -0.01511086     0.00029606
    -0.00599236    -0.00574578    -0.00024657
    -0.00944453    -0.00939356    -0.00005097
    -0.00794532    -0.00768140    -0.00026392
    -0.00832358    -0.00814575    -0.00017783
    -0.01048574    -0.01046053    -0.00002522
    -0.01510531    -0.01580483     0.00069952
    -0.00617538    -0.00574095    -0.00043443
    -0.00801764    -0.00754572    -0.00047193
    -0.00795430    -0.00755369    -0.00040061
    -0.01022517    -0.01005781    -0.00016736
    -0.00646311    -0.00607847    -0.00038464
    -0.00654739    -0.00614755    -0.00039983
    -0.01583284    -0.01588613     0.00005329
    -0.00655792    -0.00615487    -0.00040305
    -0.00782316    -0.00730940    -0.00051377
    -0.00793721    -0.00741353    -0.00052368
    -0.01029507    -0.01008516    -0.00020991
    -0.00672086    -0.00628031    -0.00044055
    -0.01526687    -0.01553205     0.00026518
    -0.01532254    -0.01539921     0.00007667
    -0.01229566    -0.01254543     0.00024977
    -0.00798447    -0.00740296    -0.00058151
    -0.00851882    -0.00795444    -0.00056439
    -0.00949332    -0.00903381    -0.00045950
    -0.00744512    -0.00688090    -0.00056422
    -0.01374238    -0.01389041     0.00014803
    -0.00903168    -0.00852914    -0.00050254
    -0.00771429    -0.00709260    -0.00062170
    -0.00846625    -0.00784762    -0.00061863
    -0.01109977    -0.01083020    -0.00026957
    -0.00888648    -0.00835133    -0.00053514
    -0.01445376    -0.01452779     0.00007402
    -0.00780847    -0.00715046    -0.00065801
    -0.01073367    -0.01032090    -0.00041276
    -0.01395838    -0.01396272     0.00000434
    -0.00837104    -0.00765945    -0.00071159
    -0.00840990    -0.00768310    -0.00072680
    -0.01119615    -0.01079212    -0.00040403
    -0.00865929    -0.00791281    -0.00074647
    -0.01145975    -0.01101696    -0.00044279
    -0.01107365    -0.01049887    -0.00057477
    -0.04466303    -0.04411520    -0.00054783
    -0.02817649    -0.02592755    -0.00224894
     0.02655747     0.02823388    -0.00167642
     0.01874320     0.01872875     0.00001445
    -0.02794003    -0.02459342    -0.00334661
    -0.02729327    -0.03085080     0.00355753
     0.01692747     0.01803838    -0.00111091
     0.01982537     0.01957710     0.00024827
    -0.03040682    -0.02638353    -0.00402329
    -0.02884540    -0.02588003    -0.00296537
    -0.03278504    -0.03048605    -0.00229899
     0.03381793     0.03729751    -0.00347958
    -0.04561126    -0.04564509     0.00003383
    -0.02964504    -0.03067252     0.00102748
    -0.03734385    -0.03536293    -0.00198091
    -0.03329574    -0.03075448    -0.00254127
    -0.03156796    -0.02594892    -0.00561904
    -0.03295288    -0.03057007    -0.00238281
    -0.03295302    -0.03057008    -0.00238294
    -0.03367485    -0.03021020    -0.00346465
    -0.04733968    -0.04845089     0.00111122
    -0.03038407    -0.02931331    -0.00107076
    -0.02764584    -0.03353764     0.00589179
    -0.01893366    -0.01947176     0.00053811
    -0.03582825    -0.03674313     0.00091487
    -0.02860390    -0.02867170     0.00006780
     0.04762423     0.04611627     0.00150795
    -0.04571766    -0.04494458    -0.00077308
     0.04791702     0.04030365     0.00761337
     0.02703329     0.02985084    -0.00281755
    -0.04021418    -0.04260823     0.00239404
     0.01212964     0.01139181     0.00073783
    -0.03870077    -0.03945866     0.00075789
     0.01995441     0.01987002     0.00008439
     0.02289427     0.02187853     0.00101574
    -0.00944902    -0.00844097    -0.00100805
    -0.03670095    -0.03808489     0.00138394
    -0.03784497    -0.03564107    -0.00220390
    -0.03984838    -0.03857004    -0.00127834
    -0.03261200    -0.03412343     0.00151142
    -0.04569045    -0.04481028    -0.00088017
     0.05745499     0.05085486     0.00660013
    -0.03164388    -0.03214389     0.00050001
    -0.02917101    -0.02918264     0.00001162
    -0.04455347    -0.04464915     0.00009567
    -0.04656203    -0.04878380     0.00222177
    -0.00321511     0.00025848    -0.00347359
    -0.02522713    -0.02537514     0.00014801
    -0.04109616    -0.04267330     0.00157714
    -0.00952545    -0.00581321    -0.00371225
     0.02744992     0.02823585    -0.00078593
    -0.03406988    -0.03321352    -0.00085636
     0.02124662     0.02121542     0.00003120
     0.02469017     0.02644666    -0.00175649
    -0.04141734    -0.03972746    -0.00168987
     0.03698800     0.03504370     0.00194430
    -0.03181487    -0.02887955    -0.00293532
    -0.03495697    -0.03805435     0.00309738
     0.01749151     0.01682809     0.00066342
    -0.02052354    -0.02056129     0.00003776
    -0.02334712    -0.02342174     0.00007462
    -0.04418430    -0.04308208    -0.00110222
    -0.03969170    -0.04014630     0.00045460
     0.04562843     0.03910053     0.00652790
    -0.03328924    -0.03133823    -0.00195101
     0.02508060     0.02863011    -0.00354951
    -0.04850982    -0.04859139     0.00008157
    -0.02999770    -0.02890395    -0.00109375
     0.02030190     0.01872808     0.00157382
    -0.04089224    -0.03958829    -0.00130395
    -0.04692900    -0.04687645    -0.00005255
    -0.04434808    -0.04365332    -0.00069476
    -0.03643199    -0.03580781    -0.00062419
    -0.02933287    -0.02979573     0.00046286
    -0.04693110    -0.04859444     0.00166335
    -0.01634485    -0.01754822     0.00120337
    -0.03256680    -0.03174214    -0.00082466
    -0.03018575    -0.03082265     0.00063690
    -0.04165663    -0.04172972     0.00007309
    -0.02619991    -0.02621984     0.00001993
    -0.05612806    -0.05424145    -0.00188660
    -0.02532849    -0.02615898     0.00083048
    -0.02619115    -0.02601929    -0.00017186
    -0.04255039    -0.04558792     0.00303753
    -0.04178006    -0.04140142    -0.00037865
    -0.02783126    -0.02636809    -0.00146318
    -0.02366144    -0.02420865     0.00054721
    -0.03205501    -0.03114999    -0.00090502
    -0.03195262    -0.02834220    -0.00361041
    -0.04454477    -0.04393383    -0.00061094
    -0.03807393    -0.03726780    -0.00080613
    -0.03255078    -0.03123540    -0.00131537
    -0.04793903    -0.04748836    -0.00045067
    -0.03361874    -0.03257200    -0.00104674
    -0.02949703    -0.02775958    -0.00173746
    -0.02884363    -0.02765989    -0.00118374
    -0.04308466    -0.04349714     0.00041248
    -0.04598460    -0.04695454     0.00096994
    -0.03403181    -0.03331437    -0.00071744
    -0.04133355    -0.03970325    -0.00163030
     0.00673204     0.00869668    -0.00196464
    -0.03240177    -0.02733729    -0.00506448
    -0.00459576    -0.00382749    -0.00076827
    -0.02942218    -0.02422112    -0.00520105
    -0.00799294    -0.00820591     0.00021297
     0.00937889     0.01163287    -0.00225398
    -0.01228926    -0.01193386    -0.00035540
     0.01252056     0.01199015     0.00053040
     0.00014985     0.00078607    -0.00063621
     0.00709382     0.00675712     0.00033670
    -0.00314640    -0.00340954     0.00026314
     0.00373316     0.00752121    -0.00378805
    -0.00396731    -0.00338285    -0.00058446
     0.01626841     0.01510995     0.00115846
     0.00382331     0.00465527    -0.00083196
     0.00349620     0.00271135     0.00078485
    -0.01208986    -0.01175780    -0.00033206
    -0.00825343    -0.00842416     0.00017073
    -0.01818344    -0.01518965    -0.00299378
     0.02201831     0.02386122    -0.00184291
     0.01665995     0.01681502    -0.00015506
     0.00082304     0.00133099    -0.00050795
     0.00243776     0.00340352    -0.00096576
    -0.01188844    -0.01157923    -0.00030921
     0.00263273     0.00283196    -0.00019923
    -0.00850927    -0.00863921     0.00012994
    -0.00849270    -0.00826500    -0.00022770
     0.01542254     0.01605761    -0.00063507
    -0.00460509    -0.00500754     0.00040245
     0.00166760     0.00201733    -0.00034973
    -0.01168443    -0.01139829    -0.00028615
     0.01959133     0.02083366    -0.00124234
    -0.00876038    -0.00885129     0.00009091
    -0.03570547    -0.03229589    -0.00340958
     0.00524521     0.00435015     0.00089506
    -0.01147768    -0.01121505    -0.00026263
    -0.03427456    -0.03229960    -0.00197496
     0.00124054     0.00262839    -0.00138785
    -0.03876126    -0.03601024    -0.00275102
    -0.00900710    -0.00906062     0.00005351
    -0.01377590    -0.01351981    -0.00025609
    -0.01126889    -0.01102963    -0.00023926
     0.00877611     0.01051904    -0.00174293
    -0.00924940    -0.00926737     0.00001797
    -0.01105707    -0.01084208    -0.00021500
    -0.00948769    -0.00947171    -0.00001598
     0.01306304     0.01370409    -0.00064105
    -0.01084246    -0.01065245    -0.00019001
     0.00592958     0.00544681     0.00048277
    -0.00972222    -0.00967376    -0.00004846
    -0.00381474    -0.00320423    -0.00061051
     0.01197818     0.01263326    -0.00065508
    -0.01062518    -0.01046079    -0.00016439
    -0.00995360    -0.00987364    -0.00007996
     0.00723020     0.00793923    -0.00070903
    -0.01040463    -0.01026711    -0.00013752
    -0.01018068    -0.01007140    -0.00010928
     0.01745551     0.01858927    -0.00113377
     0.01202384     0.01253067    -0.00050683
     0.00590977     0.00776069    -0.00185092
     0.00300147     0.00242693     0.00057454
     0.01203551     0.01204039    -0.00000488
     0.00696658     0.00783189    -0.00086531
     0.00565953     0.00765696    -0.00199743
     0.00582389     0.00769627    -0.00187238
    -0.00566283    -0.00525707    -0.00040576
     0.01290941     0.01462579    -0.00171638
     0.00336221     0.00296904     0.00039317
     0.01013243     0.00986285     0.00026959
     0.01801429     0.02093899    -0.00292470
     0.00662303     0.00751104    -0.00088801
    -0.00069756     0.00301359    -0.00371115
    -0.03237472    -0.02787271    -0.00450201
     0.00257958     0.00322273    -0.00064315
     0.00048031     0.00065813    -0.00017782
     0.00232157     0.00282746    -0.00050590
     0.01312528     0.01415965    -0.00103437
     0.01349320     0.01538672    -0.00189352
    -0.00049677    -0.00072458     0.00022781
     0.00805579     0.01024139    -0.00218559
     0.00842296     0.00959644    -0.00117348
     0.00241939     0.00386960    -0.00145021
     0.01749698     0.01783210    -0.00033512
     0.00332471     0.00329628     0.00002843
    -0.00069661    -0.00106824     0.00037162
     0.00000533     0.00004026    -0.00003493
     0.00379457     0.00403044    -0.00023587
    -0.00219212    -0.00189874    -0.00029338
     0.00105735     0.00113092    -0.00007357
     0.00509046     0.00568978    -0.00059932
     0.01898332     0.01910333    -0.00012001
    -0.00160947    -0.00149970    -0.00010977
     0.01104012     0.01628585    -0.00524573
     0.01791775     0.01964284    -0.00172510
     0.00262848     0.00298634    -0.00035786
     0.00909783     0.00869656     0.00040126
     0.01672994     0.01784290    -0.00111296
     0.00408712     0.00416991    -0.00008279
     0.01786917     0.01928027    -0.00141110
     0.00539392     0.00575159    -0.00035767
     0.01298506     0.01429882    -0.00131377
    -0.01722821    -0.01878485     0.00155665
     0.00038975    -0.00244288     0.00283263
    -0.00454144    -0.00422820    -0.00031324
    -0.00357786    -0.00246257    -0.00111529
     0.05068028     0.04591093     0.00476935
     0.00962842     0.00968344    -0.00005502
    -0.02451174    -0.02585961     0.00134786
    -0.00246312    -0.00228712    -0.00017600
    -0.00246285    -0.00228712    -0.00017573
    -0.00246285    -0.00228712    -0.00017573
    -0.00246285    -0.00228712    -0.00017573
    -0.00246285    -0.00228712    -0.00017573
    -0.00246285    -0.00228712    -0.00017573
    -0.00246285    -0.00228712    -0.00017573
    -0.00246285    -0.00228712    -0.00017573
    -0.00246285    -0.00228712    -0.00017573
    -0.00246285    -0.00228712    -0.00017573
    -0.00246285    -0.00228712    -0.00017573
    -0.00246285    -0.00228712    -0.00017573
     0.01108459     0.01126707    -0.00018248
    -0.01055323    -0.01457373     0.00402050
    -0.00995700    -0.01223902     0.00228202
     0.01561406     0.01483113     0.00078292
    -0.00514467    -0.00836810     0.00322343
     0.01063127     0.00847646     0.00215481
    -0.01532257    -0.02047129     0.00514872
    -0.02251345    -0.02089303    -0.00162042
    -0.01213296    -0.01112207    -0.00101089
     0.00619568     0.00722390    -0.00102822
     0.01357655     0.01506447    -0.00148792
     0.00314735     0.00527900    -0.00213165
    -0.03366617    -0.03837799     0.00471182
    -0.01145455    -0.01250858     0.00105403
    -0.00492668    -0.00458136    -0.00034532
     0.01094809     0.01116926    -0.00022116
    -0.00341500    -0.00658100     0.00316600
     0.01531424     0.01566473    -0.00035049
     0.00042722    -0.00326869     0.00369591
    -0.00381071    -0.00292736    -0.00088335
    -0.00778308    -0.00599404    -0.00178905
    -0.01703961    -0.01633126    -0.00070835
    -0.01703961    -0.01633126    -0.00070835
     0.03297130     0.02321703     0.00975427
    -0.03286452    -0.03294501     0.00008049
    -0.01247204    -0.01160122    -0.00087082
    -0.00728386    -0.00670164    -0.00058222
    -0.01445572    -0.01634972     0.00189400
     0.00902841     0.00881745     0.00021096
     0.01049875     0.00933280     0.00116595
    -0.02247856    -0.02399507     0.00151650
    -0.00089955    -0.00440590     0.00350635
    -0.00676149    -0.00625837    -0.00050312
    -0.02089843    -0.02135643     0.00045801
    -0.02089815    -0.02135643     0.00045828
    -0.02334906    -0.02473289     0.00138384
     0.00622109     0.00601736     0.00020373
    -0.01238270    -0.01175245    -0.00063026
    -0.01663960    -0.01749808     0.00085848
    -0.01835503    -0.01698162    -0.00137341
    -0.01513236    -0.01745347     0.00232110
    -0.01513236    -0.01745347     0.00232110
    -0.00244478    -0.00425289     0.00180811
    -0.01331663    -0.01167663    -0.00163999
    -0.00814437    -0.00609061    -0.00205376
    -0.02039692    -0.02147881     0.00108189
    -0.01362651    -0.01443448     0.00080797
    -0.00027421    -0.00038366     0.00010945
    -0.00605170    -0.00551142    -0.00054028
    -0.00944426    -0.01007121     0.00062696
    -0.00976045    -0.00764795    -0.00211250
     0.00832649     0.00588881     0.00243768
    -0.00687790    -0.00612976    -0.00074813
    -0.00558084    -0.00781455     0.00223372
    -0.01876799    -0.02046256     0.00169457
    -0.01876799    -0.02046256     0.00169457
    -0.01706810    -0.01785886     0.00079076
    -0.00777925    -0.00666133    -0.00111792
     0.00883554     0.00857208     0.00026346
    -0.01675538    -0.01846164     0.00170625
    -0.00697896    -0.00579967    -0.00117929
    -0.00841232    -0.00806806    -0.00034426
     0.00321971     0.00262049     0.00059922
    -0.01956673    -0.01907756    -0.00048916
    -0.01737265    -0.01945471     0.00208206
    -0.01737265    -0.01945471     0.00208206
    -0.00853417    -0.00873844     0.00020427
    -0.01267536    -0.01265017    -0.00002519
     0.00626295     0.00543751     0.00082544
    -0.00656624    -0.00691606     0.00034982
    -0.01199434    -0.01191873    -0.00007562
    -0.00779095    -0.00747915    -0.00031179
     0.01120766     0.00927883     0.00192883
    -0.05506420    -0.05503045    -0.00003375
     0.00725015     0.00703609     0.00021406
    -0.01556230    -0.01528349    -0.00027881
    -0.00645808    -0.00788811     0.00143003
     0.00016169    -0.00076018     0.00092187
     0.00454958     0.00268763     0.00186196
    -0.01105008    -0.01002132    -0.00102876
     0.00172759     0.00168511     0.00195428     0.00218163     0.00975427
