                  1.31518420880695163788
                  1.14626557867865930262
                  0.89323710855672533437
                  0.66321668624556229243
                 -0.81226121382990867925
                  0.31542633938172237595
                 -0.37141252267860386249
                  0.03875493430149984375
                  0.25769200531096159157
                  0.30507310480692351184
                  0.74570800712965334966
                  0.97918268757930493340
                  1.11025969037520555460
                 -1.23243472984962187944
                  2.87909346386889852809
                  1.70011228015751192366
                  1.43357140786336789695
                  1.11837444391048035364
                  1.04169733717917534221
                  0.70377355849596290316
                 -0.44457238651527192230
                 -0.24860954839693250040
                  0.18584331016003877157
                  0.08484863389731195360
                  0.46587062677946794453
                 -0.70715258804751823796
                  0.75755040598736567148
                 -1.24176689861333922060
                  1.35061010734161213165
                 -1.64137029090271258092
                  0.08740165931999559212
