                 -1.04042598660856766557
                 -1.06293354501221704034
                  0.86052172945585714281
                  0.88353724054068727423
                  0.89742009041921699808
                 -0.75739042845267512405
                  0.30095290163739468747
                 -0.37148385390599247824
                 -0.65184817136585893049
                 -0.22872587262457919066
                  0.30123114847008081174
                 -0.41668855295319695564
                 -0.79393387636673540264
                 -1.40642616556569910458
                 -1.57146517792564988092
                 -1.32664420192112952890
                 -1.44952929884384751347
                  1.21884929946145104118
                  0.94123660637578687727
                 -1.11445291008457414428
                 -0.02638795153522388234
                 -0.46812517531928554693
                 -0.34147979094718350357
                  0.07090150534913497449
                 -0.03558797314399408246
                  0.55871309609409658403
                  0.86367909773246387406
                  1.18387203793565443100
                  1.66407273186684379063
                 -1.26952949483351229532
                 -0.90616471820862876108
