49	2	1
15	15	
1	1006
  0.0541881623882446	  0.1350382824641063	  0.1031445882651125	  0.0927346680398666	  0.0117280532552035	  0.0090713076749631	  0.0408470470171072	  0.0526260938033361	  0.0386771863143586	  0.0526277675808892	  0.0128726918757860	  0.0349225647065768	  0.0828150393329164	  0.0058852994691477	  0.0215461304773807	  0.0773583177874313	  0.0439354400157636	  0.0007897724335645	  0.0045851585634036	  0.0079565401676183	  0.0045853042868650	  0.0070930858814314	  0.0205754373056020	  0.0029067970645120	  0.0022483227138577	  0.0102142303224282	  0.0139601798201338	  0.0186773398381833	  0.0139724675544693	  0.0010210765254475	  0.0017686151791450	  0.0024439626812095	  0.0044361902037443	  0.0082370923970868	  0.0082371203982217	  0.0159264523651613	  0.0205748337084173	  0.0437851268776705	  0.0205761424775803	  0.0013025091181282	  0.0047254956612206	  0.0373787366494818	  0.0034168931598526	  0.0097447243369872	  0.0364003753869738	  0.0006385113086149	  0.0042037414877297	  0.0437890155073410	  0.0164091526951952	  0.0649165442743262
  0.0543042909167231	  0.1352417751153107	  0.7499796791010043	  0.2368878917907797	  0.0117280784653980	  0.0090713150881153	  0.0409318231451866	  0.0527041079294688	  0.1432748275567700	  0.0527057817058099	  0.0128922371537048	  0.0349672640846003	  0.1809736878476134	  0.0058853129549829	  0.0215461570603354	  0.2865586700392850	  0.0647155919335444	  0.0007897724344829	  0.0045851682283781	  0.0079720003256998	  0.0045853139518394	  0.0070930915654753	  0.0206053460209570	  0.0029068026022059	  0.0022483243422374	  0.0102284987628012	  0.0139773164729541	  0.0351689983123529	  0.0139896042070235	  0.0010210765285707	  0.0017686151824383	  0.0024439626827181	  0.0044362000486713	  0.0082371025883442	  0.0082371305894789	  0.0159574203032138	  0.0206047424242369	  0.1114425516519257	  0.0206060511924706	  0.0013025113878926	  0.0047255015004563	  0.0703823295716962	  0.0034201827726112	  0.0097545430423993	  0.0505503401207404	  0.0006385113101810	  0.0042037414916306	  0.1114497195848142	  0.0194046785841770	 -0.0045776354522802
                  0.20773894989714575265
                 -0.80968026479962151853
                 -0.05019101198968279470
                  0.07395635892346325013
                  0.15780862240200396740
                  0.27570394480759713440
                 -0.17590079349324339031
                 -0.31736825209702074213
                  0.41180784098023537343
                 -0.16354946322064381481
                  0.26628491315222768687
                 -0.44101671462159230952
                 -0.10192171307816252912
                  0.11860938864662969039
                  0.20305507956731116970
                 -0.32933645223061247531
                 -0.13147421682956494937
                 -0.28596816229950100530
                  0.11714395695269226583
                  0.05634916132985923892
                  0.61200944851703953375
                  0.54138732866418537437
                  0.00366988513338419552
                  0.60097232853170823308
                  0.38806478718790204940
                 -0.14238227248442153483
                 -0.19011166863331291355
                 -0.01867851888685787692
                 -0.06716832935342365030
                 -0.03007409102830007133
                  0.16122039971617649345
                 -0.72234965402877349128
                 -0.75569848668866712593
                  0.48305890333946410742
                 -0.19111989991625996654
                 -0.02306223744692579777
                  0.37486727196555563735
                 -0.20591742283004141334
                 -0.09510648590751701048
                 -0.05091579997754384218
                 -0.10787686926065841175
                  0.27948587188441159634
                 -0.37911262945457463447
                 -0.29392653244796973500
                 -0.29457509007766125020
                 -0.31949413059765641165
                 -0.17409716946414779959
                 -0.04565279168821673866
                  0.12308840871783727211
                  0.22054865341651239130
                 -0.25317949307957621219
                 -0.10419366495135373718
                 -0.00046611614379827530
                 -0.01267792432848888727
                 -0.43044522090788683855
                 -0.03812392883614944272
                 -0.02801410870557518099
                 -0.09053309120147751132
                  0.28553896217431956606
                  0.32614301716085775107
                 -0.06443858267369322046
                 -0.33836794111124796069
                  0.44865244570683199266
                 -0.69417631843708571537
                 -0.02456160956168876308
                 -0.00788642516074665803
                  0.18721531283983955385
                  0.23265763385249027539
                  0.35899432807330305950
                 -0.17156665310805227498
                 -0.50145313642224242923
                 -0.23215432113485615084
                  0.08494005803276491462
                 -0.42089159176753088154
                  0.04653253329736416893
                 -0.48391139998595494864
                 -0.36186055972116115687
                 -0.17860650458033344723
                 -0.10573927772325168728
                  0.27442098499826639291
                 -0.05743671649740129947
                 -0.31958088032023640457
                  0.23478924080714114186
                 -0.22123384368220766483
                  0.16173250210953288297
                  0.43703064609340958047
                  0.05926033213962473428
                  0.49051782626847378888
                  0.01282842824812112023
                 -0.15702060179092006131
                  0.30505279829492731869
                 -0.19327490138255598584
                  0.28511956888670852983
                  0.40283525934815533898
                 -0.26919462031079161024
                  0.31503682736277949239
                  0.06745773547917351121
                 -0.09336248208271036297
                 -0.20043376605044108119
                  0.12973732162626044895
                  0.30310912984560478556
                  0.07250099091238076943
                 -0.03585213054295591922
                 -0.34895356074775640831
                  0.20387662435263914640
                 -0.14877989142315123372
                  0.24719744244252486731
                 -0.16644808915829542584
                 -0.13767759847739982626
                 -0.21025889357407509528
                  0.03018906290191958677
                 -0.45846760917219403497
                 -0.32560759892393947856
                 -0.12037866142677164372
                  0.04753540104374748970
                  0.08270068281375274333
                  0.18028612719857628477
                 -0.32109900292919435483
                  0.04982994270206413112
                  0.17911003798676533583
                 -0.38247907209923420746
                 -0.17323544242341440413
                  0.09034225917609627066
                  0.44934659612607374957
                 -0.08281569902535633465
                  0.08572104954603707028
                 -0.02998530506254313416
                  0.30508911689068402007
                  0.01003054562561881378
                  0.03593098763875332557
                 -0.45407790367327360848
                 -0.45420298448458695795
                  0.36908047710089181281
                 -0.05187569848949735718
                 -0.29621484661379315906
                 -0.27362286942255142907
                 -0.13599205932886837545
                 -0.21054533871501660003
                  0.07064094453858467404
                 -0.05980493265936633052
                  0.23700271904150002622
                  0.05184420156224192611
                  0.33833320101389341428
                  0.21057870854376137260
                  0.04190105870476479311
                  0.23566843781765925425
                 -0.33660695299473419873
                  0.08343532362378254519
                  0.21993286130726677485
                 -0.47206279449974186679
                 -0.11700634716508066802
                 -0.50467990861869660435
                  0.87907843279014852289
                 -0.06430217054898691720
                 -0.47081439132626917710
                  0.28379672779008996431
                  0.40654010800767148570
                  0.01987035086340817325
                  0.09601071202937369597
                  0.22037908675821960003
                 -0.20883228312646243130
                  0.38911753685941946612
                  0.25679535784486412497
                  0.16253099111993662973
                 -0.39725429484703428384
                 -0.48043524340907783898
                  0.25180891983711128912
                  0.18960474801581100879
                  0.00073393090725557518
                 -0.11567481092191628234
                  0.12719507945959010464
                  0.56848045611805886335
                  0.05654078597299231485
                  0.14250027544255730594
                 -0.41675615829447326677
                  0.01207571794666498742
                  0.54512384640470901154
                 -0.19574418482305419587
                  0.15482095787012023491
                 -0.11870017227747205191
                 -0.02517366915343983297
                 -0.15601811071385779384
                 -0.21350826523637211896
                 -0.28813642338313966151
                 -0.21453501847725903184
                 -0.02983225622267848126
                 -0.30207140985924751941
                  0.05520623514285918909
                 -0.00724932828733516020
                  0.09251747658718723066
                 -0.19791311220350324418
                  0.24690988782298162185
                  0.16931190271795409918
                 -0.15819387017600786138
                  0.15507141452074166277
                 -0.24735461360906460526
                 -0.16714049747372183852
                 -0.24062499483390661914
                 -0.21514470930934967430
                  0.30215579590209845628
                  0.39596827025847769477
                 -0.68408687096131393091
                  0.29404379321174473061
                  0.27058306281488242462
                  0.21260069598838166050
                  0.10822589816867188295
                 -0.04374496444024192354
                  0.47003058966534672081
                  0.38569481362618313058
                  0.29242784627929535590
                  0.22217984215960467909
                  0.48233275224415778082
                 -0.35361629435210528705
                 -0.56304399980292574313
                  0.31545297067637767530
                 -0.31412315141727104040
                  0.28402609189319572014
                 -0.88635930052946665381
                  0.13677005701305880447
                  0.12355001853734583206
                 -0.48082740015795766286
                 -0.45761214575744491029
                  0.37291483225212745944
                  0.01335816471652803358
                  0.14823643345334425181
                  0.10972094720894468023
                 -0.16531978392724075433
                  0.40997171210471416991
                  0.00986085647524425138
                  0.58472220395259522085
                 -0.24205566032128103537
                 -0.19379280491401251751
                  0.64639005587568598710
                 -0.04326555664390879796
                  0.58248674735224126309
                 -0.03018526846988968393
                  0.33658211943030685864
                 -0.18418786528326863694
                  0.18394851657541960721
                 -0.35850436193853096878
                 -0.28882536892963717179
                 -0.22518883272207884660
                 -0.66120312948422754751
                 -0.32792006953471625197
                 -0.00596985023314262897
                  0.14015264650249631417
                 -0.57795479888998124718
                 -0.03025464035087342685
                  0.11049273341059963338
                  0.25605460211820979533
                  0.34458178702424591133
                 -0.03593039465428116835
                 -0.30758987692113309853
                  0.24724809253334781300
                 -0.38878181456380783709
                 -0.40554206366072476087
                  0.08878700680166887182
                  0.31726541938296426437
                  0.35069142433678085480
                  0.10493067677154596651
                 -0.06238384974303679692
                  0.16954563697522542776
                 -0.82018325189344420956
                  0.12571135164578794985
                  0.63322192866911408693
                  0.37638297370937023878
                  0.39117985688118894760
                 -0.40521591240179855031
                 -0.16228806278413782094
                  0.18394223060243020118
                  0.12315132759327239442
                 -0.33885181938297370685
                 -0.28027386764782424855
                 -0.41953432312002569837
                 -0.01214190707632016933
                 -0.27443035064272974788
                 -0.84595347644417362432
                  0.10457640812656607276
                  0.41773242432611462638
                  0.05371261295877096525
                  0.36801869074672027837
                 -0.31923587308001721841
                  0.08775053395987256200
                 -0.59938269829007484457
                 -0.20516455300152264263
                  0.22954574219433521165
                 -0.14249626981614185728
                  0.06184233372553072511
                  0.12282106067643888681
                  0.18608738503868391123
                 -0.12528092908047555598
                  0.24442806242667031169
                  0.06233911705135838921
                 -0.12717244314856204768
                 -0.34222210313091055989
                  0.52180362336735408579
                 -0.45722465459945987876
                 -0.06467327721720930733
                  0.13614474492920444759
                  0.23050405273258636751
                 -0.07818284471734987529
                  0.09429026232934818730
                  0.13597241018371167276
                  0.14264348987970495997
                  0.05058424847557273923
                  0.05622473939263487874
                 -0.23693122052515563913
                  0.40525098293810923877
                 -0.46715244325192889496
                 -0.24348411991341847860
                  0.16670473624037260296
                 -0.18943181057668403988
                 -0.05985075806671835003
                 -0.19969844963837141139
                 -0.13149938861965582149
                  0.19794512563663543836
                 -0.17498453101593158809
                  0.08398528654955254857
                  0.29555801296274125667
                  0.03385908849794160014
                 -0.11506313860173005004
                  0.10142112425374988360
                  0.31142528317349821299
                  0.24117865902384844068
                  0.46707821089473500198
                 -0.23836735715592635709
                 -0.20041941891478626259
                 -0.95599547403329954154
                 -0.76647233492898381169
                  0.04348173484570466013
                  0.15284366656443418298
                 -0.17861128737297837787
                  0.92221943331913547315
                 -0.18495997404823169563
                 -0.57956433554423492094
                  0.02419874556641134905
                  0.10123265274837661698
                 -0.34535084244443403634
                  0.05339840990019506517
                  0.03596753285867754224
                  1.16989588864145388492
                  0.44041143498609286455
                  0.00051006060793926111
                  0.07258210508905817149
                  0.03101982708410452524
                 -0.06152544719711197652
                 -0.04682980928382300678
                 -0.20712196525404680258
                 -0.07332156820550633780
                 -0.00008618798457520841
                 -0.13483477852615732839
                  0.06669304850372344273
                 -0.80915107105916639352
                  0.35232218023722655653
                  0.09001086914635661462
                  0.11224625448616998291
                 -0.26206555772771661372
                  0.83400246443380388062
                  0.22534157070967086867
                 -0.30023277967536454724
                  0.08557714961366157114
                 -0.46094205236496965661
                  0.38767695964226772665
                 -0.04003778055491914734
                 -0.48106082431230140495
                 -0.06929188967052132830
                 -0.23079582708760570942
                 -0.02705549196310949589
                 -0.42476113069150955859
                 -0.15354534348384471509
                  0.26229946987990176988
                  0.19328545974060518109
                  0.17669272963822127420
                 -0.39952147459868631030
                  0.56004734756548579799
                  0.09976196955402834299
                  0.88350131290050926136
                  0.81480357231294830989
                  0.34794504045846036400
                  0.01445215174755982990
                 -0.47082491705900558765
                 -0.66243398018804744432
                 -0.02567969483325603652
                  0.43789611418717461211
                  0.08540429094447012093
                  0.04970416248006815502
                 -0.19014989606991691828
                  0.05377067332044737497
                  0.37423334884152237301
                 -1.07188396065581748040
                 -0.04923469695113001643
                  0.13469688890103048706
                  0.02162258427748748463
                  0.26949471642970024288
                 -0.02213129611076825043
                  0.25138624993296165844
                 -0.05409481561279091966
                 -0.07532989473228124400
                  0.12620368852373714530
                  0.44050842991067795662
                  0.13101282723953575071
                  0.42884541141236481865
                 -0.03288659916281098938
                  0.30147069294356310110
                 -0.26175058415835783521
                 -0.12591144625747235919
                  0.15228626177799597929
                 -0.16202368932807106883
                 -0.29379598689470493023
                 -0.21396476410787274025
                  0.19429536883210865583
                 -0.40686810859149857844
                 -0.07667337637530023675
                  0.30778960783954928404
                  0.20916717339991483526
                  0.14088430656646452888
                 -0.28832811969761867887
                  0.05706979988086463562
                 -0.22461770780009815418
                 -0.27874965916524402365
                  0.19489525070953872543
                  0.08445349800590569445
                  0.05166318524826196690
                  0.05201129534443501429
                  0.11367356338994438758
                 -0.24281910973358555861
                  0.13661386498709712778
                 -0.20419891549843105505
                 -0.21648086570461425038
                  0.11388788190330947914
                 -0.09779457867506925750
                 -0.16546825503918752287
                  0.29941553704498469202
                  0.21594441015313062260
                  0.18727723359491249555
                 -0.18738977713853349760
                 -0.03396152213294351824
                  0.06659396738063379229
                 -0.60213010252162468827
                 -0.14826457406461698851
                  0.37073183464912845553
                 -0.45148990388495263693
                  0.28731667038153307914
                 -0.26753870242555483072
                 -0.15652197197174261278
                  0.63427237302492445181
                 -0.22896392237592205765
                 -0.34956965827481523146
                 -0.18849018484137708418
                 -0.24876373450784056152
                  0.38580712657746735195
                  0.04568781823106898843
                  0.11089842171360296541
                 -0.20506835586700006280
                  0.70047034567824650875
                  0.40405848442795361253
                  0.18635230431773028292
                 -0.47965891550561295942
                 -0.10637439766691710041
                  0.25631244856620732930
                 -0.44678449420011590032
                  0.21501854779725101952
                 -0.05460711271267079669
                  0.05296356880185012356
                 -0.08229167327346441352
                 -0.18654260983983431132
                 -0.36374943729708858475
                  0.13005248619914708264
                  0.13694361567235927013
                 -0.07205549765900848280
                 -0.37561021917865244912
                 -0.27458461033162323561
                 -0.61685390664495010071
                  0.04733211154782023672
                  0.53795004383913158641
                  0.10126946386199354999
                 -0.53722807397614935621
                  0.23345570306006041550
                 -0.17293010433121233649
                  0.15264992296517806980
                 -0.22073725925526427316
                 -0.01235795042993288566
                  0.23364801572482934988
                  0.44119762030811826570
                  0.47086494945622764385
                 -0.00206992653643088250
                  0.00059024922515883054
                 -0.65116257091949047986
                  0.19604568822101497982
                  0.17210301923723589357
                 -0.01563838562901724571
                  0.52684667568324949904
                  0.28757275130265169683
                 -0.29272889309816246817
                  0.10458721417887732741
                 -0.44157841842451828196
                 -0.37570949992578378529
                  0.24760638315544547527
                  0.19485685010567804776
                  0.35167666694650251413
                 -0.29925433429360831505
                  0.40905776432780266427
                 -0.15668141955798031706
                 -0.20112497067480000768
                 -0.15663114606402342432
                 -0.23583850696062649832
                  0.05823716082827319618
                  0.36889165187500749798
                  0.30033966199436634703
                  0.10382873770457540230
                  0.21796267857875301077
                 -0.21942858865493677922
                 -0.08431763657828547642
                  0.02193954374661987589
                 -0.01174645048018815516
                 -0.08979043285702419108
                 -0.20380465878450504391
                 -0.24543403160101323612
                 -0.07928336165434864136
                 -0.15335778441365646718
                 -0.33991708684357291315
                  0.58380757718784603849
                 -0.16669114504114518338
                  0.35801866772476953482
                 -0.32761696239741339154
                  0.23961210781995498365
                 -0.10702073177578774743
                  0.44987057334610758286
                 -0.27096892561057944748
                  0.25202917057731294426
                 -0.01954756063664029805
                 -0.39286044413508780515
                  0.03039226111575391714
                  0.40365998412052961353
                 -0.11801002841293108114
                 -0.31905882292528026101
                  0.07523609456132547557
                  0.00665865622382776773
                  0.41141359379061076540
                 -0.31741690828669821833
                  0.05496849813717948757
                  0.06005162208907640492
                 -0.03333570344591820639
                 -0.13170071751354325840
                  0.31247390135825781066
                  0.11989749405042285368
                 -0.51544558990500000117
                 -0.17452655041905232314
                 -0.00668737263767453169
                  0.27213370612605974896
                 -0.09393967419277100828
                 -0.02914032890040403612
                 -0.01602348513231456606
                  0.06492848793175608202
                  0.19518367809115766409
                 -0.48220812338013596676
                 -0.66046299655322693312
                  0.18309811123698988000
                  0.20714618744279472695
                 -0.12409835082132661399
                 -0.17737995036413620187
                 -0.13585979349604959676
                  0.18188048879864901486
                  0.14056986611170663171
                 -0.12214989995120675847
                  0.38594448667391867414
                  0.38440102046033014505
                  0.14215834416493003389
                  0.37956556893762477545
                 -0.02069053734534836292
                  0.34760866210790847264
                 -0.61233198453052584131
                  0.10196167194582674009
                 -0.05214375878314933543
                  0.11692630970375283983
                 -0.03792751334553057241
                  0.18755622984441336354
                  0.23123023885035440261
                  0.19022378260355599089
                 -0.16828550862950336642
                  0.15631291066172242621
                 -0.43796459004025323214
                  0.01091959294395273596
                 -0.23398602747607763486
                  0.49808450370594348211
                 -0.34881002537605459990
                 -0.27577390253452149782
                  0.35465146458946661401
                 -0.03941564321866850018
                 -0.30099986558307328943
                 -0.29710385856661758464
                 -0.37223155483374137376
                 -0.21729116015558253006
                  0.44774507558861509349
                  0.30369645353161034418
                  0.12157120741770990890
                  0.19292657959371015131
                  0.12488281787640223564
                  0.06506101324188741375
                 -0.12990710638999336535
                  0.08283271732149867506
                  0.32881683363821462285
                 -0.29675990887677483610
                 -0.16713813530845145205
                  0.03314665732415178478
                 -0.03443745476409811740
                  0.44949647725658220532
                  0.44277185487201159431
                 -0.13721834988578313075
                  0.32087758684342587712
                  0.60553247026085788018
                 -0.47029360892892285717
                  0.40224465755998450867
                  0.00988983249927775053
                  0.07636564150271474283
                  0.19928470267112879943
                 -0.15125029193996120114
                 -0.07015523148263887177
                  0.04394173329147692958
                 -0.10360111944939756623
                 -0.13754367908192602354
                 -0.61950676360853562663
                 -0.66281261513751876802
                 -0.17633255727924837530
                 -0.14289081559994443182
                 -0.55953979742234383199
                 -0.00628374104169843357
                  0.26890583224156594522
                 -0.32737500901261146202
                  0.19260451921055329882
                 -0.02184816093689604180
                 -0.16218330288204216294
                 -0.03551942929326965676
                 -0.69264090204294614939
                  0.74296195384900309833
                  0.32684148756823372395
                  0.05508145940288049214
                  0.03889051196723281034
                 -0.27156187151618060849
                 -0.34938884833786060247
                  0.18975906586853161229
                  0.44140637360071610651
                  0.13424452440011230836
                 -0.22798883456571752970
                  0.08371986321554368560
                 -0.71313277676147035500
                  0.23994887407110612743
                  0.11873459176478536048
                 -0.13907577347842628446
                  0.13038077991184959803
                 -0.13555092558445686057
                  0.01363424336074750901
                  0.20797976064953641040
                 -0.01651138326800167047
                 -0.32975928844118546079
                  0.29111826244830169008
                 -0.35313435720345670576
                  0.24806647847385460137
                  0.45304655340764399263
                  0.01191760869847431625
                 -0.05646624795756519793
                  0.20322469076121457698
                 -0.09174367365471963742
                 -0.17922837994061155409
                  0.02616041566671426996
                 -0.02644156429280031251
                 -0.10409687726464125768
                 -0.14221013980414684563
                 -0.09967540049290464499
                  0.12394198153581673094
                 -0.48172548153166594442
                 -0.07365639915919659775
                  0.61420296406431140745
                  0.12194327700005036519
                 -0.39739821678043302233
                 -0.13728420840719560148
                 -0.03340533120091027097
                 -0.09966518923014944242
                 -0.02299948817313178170
                 -0.00280641364680375444
                 -0.18591741943711331819
                  0.11974948121893119746
                 -0.12884829102438050130
                 -0.10610204127990040257
                  0.46814741737011289491
                 -0.27449515716917494146
                  0.09525874840867785964
                 -0.46714830832696352392
                  0.54874006240914474652
                 -1.36188182703818649877
                  0.10899233264635509177
                 -0.24807378134103572065
                  0.03626476739799770754
                 -0.00658556657111703924
                  0.68982927992563003450
                 -0.43820747071573634690
                  0.21331407342355201973
                 -0.34676517162935138749
                 -1.03255761149957092648
                  0.16532811633393068584
                  0.17493172372170082141
                  0.02308703172143019428
                  0.10307127325636677995
                  0.08945191316835679474
                  0.01381945624618424739
                  0.06371723896792623465
                 -0.32436321772653997630
                 -0.28940520646001305360
                  0.04220374470082028512
                 -0.05852057472149187894
                  0.01846424003367176311
                 -0.18389126254249199555
                  0.31599074516084063591
                 -0.26631236650542972066
                  0.05905598601201060560
                  0.08771169032520438613
                 -0.47131417623829197083
                  0.03621075089426620264
                 -0.07662094225140150816
                  0.46755913165039936219
                 -0.05129585792387540699
                  0.32704722570071720344
                 -0.11582014729640130457
                  0.57489371392908816816
                 -0.10145673664972376660
                  0.19289241652508049008
                  0.31276962287263060380
                 -0.31418298986171755427
                 -0.03796142017330702417
                  0.58688070072502851460
                  0.07279697860855738334
                 -0.13170161701880656047
                 -0.06076789647012112439
                 -0.31306571297063134907
                  0.86571119627443182676
                  0.70591164397357353266
                 -0.09684316029483611143
                  0.13118794750974577257
                 -0.54665631211745047136
                  0.14761759400813789789
                 -0.54268184870794367036
                 -0.34302844091143142036
                 -0.35114338859102739443
                 -0.63171969782262127335
                 -0.43989323159667287344
                 -0.67616921351454961631
                 -1.23663713432235922163
                 -1.24828992675745475971
                  0.71507715241368552395
                  0.14149218798763635307
                  0.05379898772483215214
                  0.46698732089889216645
                 -0.90121796807143161878
                  0.14563217932847546954
                 -0.37412694665608259292
                 -0.10051712691912999265
                 -0.23975308190991001522
                 -0.11643195341161992340
                  0.49092782405820734049
                 -0.05800854693473000978
                 -0.89337600028845542965
                  0.22488617228443247287
                  0.26868320010592927627
                 -0.50366618208785962629
                  0.31924445293924796907
                 -0.45096319654915895114
                 -0.22076809835487154476
                 -0.60980696741955131568
                  0.63315691882312530314
                  0.64842412740352739497
                 -0.94802459651300419186
                  0.99437564108643339278
                  0.41373138443150386800
                 -0.16946350875486343446
                 -0.68926603553561938131
                  1.12602417006724486725
                  0.32728295823532516096
                  0.18122075911079085775
                  0.07621091982288098754
                 -0.51868198637016815766
                 -0.59596809380391813082
                  0.46324627088545206055
                 -0.59026326502632919802
                  0.69911778945239788641
                 -0.72053420928278433255
                 -0.67558221730852707765
                 -0.49273939613987088881
                 -0.82639381650457499617
                 -0.22341689186880214768
                 -0.60880030768994664037
                 -0.34533787411112587540
                  0.01986112730040242788
                  0.31133741347599397375
                  0.23970166766298386940
                 -0.07235052638942056358
                  0.47165848821389783074
                 -1.15150219902394668203
                  0.39808189412294864296
                  0.11078305359860582402
                 -0.59840628942566309600
                 -0.58888278992321207994
                 -0.76178156673453545356
                 -0.76495612241986654656
                 -0.56477571237683732441
                  0.07240142465908865066
                 -0.11507372114402630858
                 -0.19323454292200642479
                  1.00628949110974219572
                  0.24413050739041730619
                  0.16432821631504745952
                  1.12819864303513384129
                 -0.65415964702052387114
                  0.45278271746883402837
                  1.11995386742601565899
                  0.19546626992289939384
                  1.22488994147586294226
                 -0.02930424361273078690
                  0.95741942812576519284
                  0.91173292462818422699
                  0.48662190663903498455
                 -0.21091172077120287631
                  1.01044381368574254232
                  1.22766648157510749328
                 -0.44297182909118221206
                  0.24140167054398306568
                  0.41189265941517905212
                 -0.91623656169038458774
                  1.00733634338192801216
                  0.38548684360363605350
                 -0.73477397752742446002
                 -0.54030840291967496825
                  0.05260528413844533374
                  0.44582085739817622905
                 -0.43622397495302900339
                 -0.52888354199785803100
                 -0.33706376459089315567
                  0.51946237807356709926
                  0.25381775202100093081
                 -0.08105039058323192103
                  0.22696107986153912783
                 -0.80890665014307372438
                 -0.03506261408967471099
                  0.64441720056597107114
                 -0.97615347544923358747
                  0.28659485338961526724
                 -0.34812202683091758582
                  0.30549276110290729536
                  0.56136917196269275898
                  1.01911963436790209414
                  0.10931769166020378903
                 -0.11351072184438421031
                  0.72436093734292261725
                  0.39496134923581416309
                  0.17035464323204302373
                 -0.10656062520093396995
                 -0.45136558829155110084
                 -0.38624205989191778832
                  0.19678823240197892974
                 -0.39872673630943056278
                  0.34507313591335597724
                 -0.26336152644931198896
                 -0.88682200427842261536
                 -0.52947504671301692802
                  0.03813084661324262631
                 -0.62897026858510762803
                 -1.23689479532538060269
                 -0.33971148032132880701
                 -0.18859357570470478005
                  0.28747281320679246575
                 -1.39641370841477185927
                 -1.25290205175023583450
                 -1.27569135941253208877
                  0.35660091853397524186
                  0.67244782981834505531
                  1.31936857470747836985
                 -0.33795695685408105868
                  1.08746151725115813846
                  1.08911315483335480181
                  0.01729783062601744636
                 -0.45579055160829590188
                  0.64752950038208290096
                  0.39190137273364661352
                  0.71780427919815203985
                 -0.08138101503160942440
                 -0.19273935656598523147
                  0.43480990124297963506
                  0.99557743068573123502
                  0.46274149945052006627
                 -0.28555935952586836146
                  0.66188829300592710858
                  0.05146368701293866504
                  0.73740834496617813087
                  0.49412663874601164826
                  0.53875020665386097463
                  0.32926582699671930188
                  0.15527342496934845584
                  0.00732672655600147792
                 -0.00910707015485422502
                 -1.07458539923379703396
                  0.23630560917526444165
                  0.40890791035915102780
                  0.19206642554390082611
                  0.17472992637054415854
                  0.60087257863837018057
                 -0.28844346582861007944
                 -0.98203485047410388198
                 -0.18452381041930451810
                 -0.24836345321004330011
                 -0.69490297327383854231
                 -0.42049595896769187409
                 -0.34430938090203971891
                 -0.44953770595431624679
                  0.24395172650590149499
                  0.32984621251327683744
                  0.15412146597161224815
                  0.38282396223478309949
                  0.01977811572431226877
                 -0.65969183333395109425
                 -0.60360699008623164286
                  1.56719761652143074748
                  0.16460111756059059296
                 -0.26422900101785734561
                  0.63001295135389268065
                  0.34185263697361645274
                  0.47687267078422185262
                  0.16727211546983727919
                 -0.70274354115829540390
                  0.07831549645281825345
                  0.51965556532283307956
                  0.03228552061199283646
                 -0.56048207764420632238
                  0.25261769811366191485
                  0.69440062169388538926
                 -0.41529795410100589503
                  0.76262848928688620198
                 -1.19863417915896031118
                 -1.05611201097155005257
                  0.74165500624963587306
                 -0.44693357532227240281
                  0.35678056450522149801
                  0.44582080657809491919
                  0.12427462208063350113
                 -0.36577713236393633034
                  0.05268689183049038438
                  0.84210982005224144231
                  0.16120194109132740534
                 -0.59553721018716510027
                 -0.26661829306128892458
                 -0.57688882258301676931
                 -0.11102873427383640192
                  0.34680197629249198688
                  0.23921399188967104599
                 -1.29474933501028588445
                  0.19691918628422616644
                 -0.47690445132170755649
                  0.41008581608395761053
                 -0.50671912891791581757
                 -0.02758860020075795325
                 -0.50249119594397106958
                 -0.37741508067299217588
                 -1.10491750253205145427
                  0.25836068519739946447
                  0.97769388020567649100
                 -1.23698531216743123906
                 -1.10257977596130829490
                  2.75573391172698700657
                  1.33755923201572146652
                 -1.54280185110414058691
                 -1.38898261797422439834
                  1.82756481819124294574
                  1.16895977767740277820
                  1.15632546307759476178
                  1.00586421768314360214
                 -1.05725330149204110874
                 -0.75352684258891011737
