                 -1.51667901033445406966
                  1.28807786268403035024
                  1.07344170769008684374
                  0.78326398786361650650
                  0.62283565585469136128
                 -0.43480468614314377040
                  0.22394459183569434546
                 -0.09834110149957500657
                  0.16517862987118650531
                 -0.42458644612924512085
                  0.61516556567597291405
                  0.78462262535914994999
                 -1.05177032383299207119
                 -1.26587950829104478601
                  1.48325518168480097181
                  1.68009867619986663634
                  1.45335719781877559242
                  1.20381260280285440345
                 -0.95441383127686363341
                 -0.72662629649459764547
                 -0.54076812498464033041
                 -0.28672418967635709963
                 -0.00168626663930598994
                 -0.26132645141036886516
                 -0.53655049947976662938
                  0.72421937430237803834
                 -0.95724400600918457815
                 -1.19527591238973207588
                 -1.46730295412941580402
                 -1.67661306941236909474
                 -0.23890203975871107667
