                 -1.92653180441570626158
                  1.15452203095778749287
                 -1.11492725027949379779
                 -1.36604222402447517126
                 -0.62301144797078866766
                 -0.10152218967521006721
                  0.46134935240467150885
                  0.27917369429219834887
                 -0.41214530176619057489
                  0.33212952965175923659
                  0.67036184036027901545
                 -0.83819634333334214205
                  1.18699593667252645268
                 -1.33728609087800354160
                 -1.47443804693293922803
                 -1.43933721384676815980
                 -1.49570909540882857058
                 -1.16946893914509608692
                 -0.89270215562867616388
                 -0.72462638798639378290
                  0.46628664138637915260
                  0.02829957408590898227
                 -0.16437097114842608159
                 -0.14384806988675452599
                  0.34332084560667019968
                  0.50918605754360679594
                 -1.09280052023749552070
                  1.10544805659368083894
                 -1.24686653995960594621
                  1.67845512631959770111
                  0.06868296515308974781
