                  1.49580992429677173128
                  1.26934414121547622933
                 -1.09228679857666777231
                 -0.91160236932332294746
                 -0.62799722005759750498
                  0.40148205974055373169
                  0.21609727835336703383
                  0.02868093380257772523
                  0.21753182590771330540
                 -0.41647608163964783268
                 -0.59778736559456846500
                  0.86399707687683124924
                 -1.03056903374042607702
                  1.29471721360613400975
                 -1.47633030737751402839
                 -1.66250225348396996061
                 -1.35994629929417154557
                  1.13086591985224282908
                 -0.95773132462107968266
                  0.67393901850047543967
                 -0.50554247276148989165
                 -0.25232380425819100900
                  0.04521954788834266215
                  0.23103044427602636990
                  0.49981925941415361603
                  0.72379837615783271243
                 -0.98224203381259789225
                  1.16204843993928452761
                 -1.43666558044434933272
                  1.67532976065589678250
                 -0.50999218236444454622
