                  1.58420480305300315216
                 -1.35877398753716360780
                 -0.95029049410215737925
                 -0.61383043761175082320
                 -0.46192487926275971333
                 -0.08223575032816064778
                  0.11483278278938566230
                 -0.03875394690749085075
                 -0.28818866214636584822
                  0.55300885291025969615
                  0.74023898927586939678
                  0.93462758044137739244
                 -1.30619348953535086011
                  1.90353948717549492642
                  1.20849748335701945301
                  1.67182883494313450079
                  1.47708684317572624956
                 -1.16808662465980916956
                  0.89867250641590390448
                 -0.78975625565784068893
                  0.44177250689016128726
                 -0.21384041536488929136
                  0.11080684158530572370
                  0.16960437660122187897
                 -0.38564416141924046100
                  0.87359087598923224061
                 -1.01794220315485306472
                  1.12494967753247676612
                 -1.21009754240249556290
                 -1.68942640961576207026
                  0.91161678486624553308
