    -0.00103343    -0.00104893     0.00001550
    -0.00747023    -0.00753568     0.00006544
    -0.00563668    -0.00557285    -0.00006383
    -0.00095749    -0.00105316     0.00009567
    -0.00051163    -0.00050767    -0.00000396
     0.02273479     0.02276223    -0.00002744
     0.02194552     0.02203487    -0.00008935
    -0.02411051    -0.02417450     0.00006399
    -0.01091158    -0.01096211     0.00005053
    -0.00047024    -0.00050118     0.00003094
     0.01570511     0.01575407    -0.00004896
    -0.02315901    -0.02318291     0.00002390
    -0.03150341    -0.03156521     0.00006180
    -0.00047141    -0.00052402     0.00005261
    -0.01143482    -0.01133723    -0.00009760
    -0.00247240    -0.00250211     0.00002971
    -0.01208986    -0.01203041    -0.00005945
    -0.01363641    -0.01382820     0.00019178
     0.02277601     0.02266725     0.00010876
     0.00002977     0.00016359    -0.00013383
     0.01393147     0.01391288     0.00001858
    -0.00030360    -0.00018880    -0.00011480
     0.00007391     0.00020381    -0.00012991
     0.00893285     0.00910558    -0.00017274
     0.02382433     0.02383382    -0.00000949
     0.01333850     0.01322338     0.00011512
     0.01761858     0.01761630     0.00000228
    -0.04233945    -0.04223731    -0.00010214
     0.01439341     0.01442187    -0.00002846
     0.02824735     0.02825307    -0.00000572
    -0.00027677    -0.00031126     0.00003449
     0.00283834     0.00278509     0.00005325
    -0.00417689    -0.00423563     0.00005873
     0.02639518     0.02633552     0.00005966
    -0.00053179    -0.00055498     0.00002318
    -0.01616269    -0.01617287     0.00001018
    -0.00479927    -0.00484821     0.00004894
    -0.00048191    -0.00055635     0.00007444
    -0.02854991    -0.02853553    -0.00001438
     0.01998067     0.01995345     0.00002721
     0.01113640     0.01115859    -0.00002219
    -0.00666434    -0.00669014     0.00002580
    -0.00051879    -0.00063017     0.00011138
    -0.01757262    -0.01756591    -0.00000672
     0.02201864     0.02198495     0.00003368
    -0.00047721    -0.00043863    -0.00003858
    -0.02422047    -0.02420815    -0.00001232
     0.01964436     0.01962839     0.00001598
     0.00225008     0.00222160     0.00002849
     0.03225586     0.03226379    -0.00000793
     0.02913561     0.02914157    -0.00000596
    -0.01619056    -0.01611548    -0.00007508
    -0.00200548    -0.00205985     0.00005438
    -0.00045595    -0.00047132     0.00001537
     0.01208009     0.01213675    -0.00005666
    -0.00896974    -0.00900219     0.00003245
     0.02620465     0.02618991     0.00001473
    -0.00098935    -0.00091500    -0.00007435
    -0.00859779    -0.00864932     0.00005152
     0.03272107     0.03271502     0.00000604
    -0.03343134    -0.03334323    -0.00008811
     0.02419492     0.02424165    -0.00004673
     0.00007391     0.00020381    -0.00012991
    -0.00065571    -0.00049213    -0.00016359
     0.01074531     0.01068224     0.00006307
    -0.00058205    -0.00046608    -0.00011597
    -0.00084671    -0.00078706    -0.00005965
    -0.03750039    -0.03755200     0.00005161
     0.01409792     0.01412749    -0.00002957
    -0.02057867    -0.02053981    -0.00003885
     0.02537503     0.02543119    -0.00005616
    -0.00045296    -0.00052558     0.00007261
    -0.01578070    -0.01559598    -0.00018472
     0.01248524     0.01244989     0.00003535
    -0.00284914    -0.00290372     0.00005458
    -0.00600493    -0.00593506    -0.00006987
    -0.00050039    -0.00037745    -0.00012294
    -0.00059745    -0.00043616    -0.00016129
    -0.00019290    -0.00018669    -0.00000621
     0.03147427     0.03151097    -0.00003670
     0.00795645     0.00791249     0.00004395
    -0.00189810    -0.00193555     0.00003745
     0.03498712     0.03486490     0.00012222
     0.02151101     0.02148761     0.00002340
     0.01645249     0.01646517    -0.00001268
     0.02972218     0.02963389     0.00008829
    -0.00037407    -0.00031645    -0.00005762
    -0.00654121    -0.00652883    -0.00001238
    -0.00045661    -0.00054367     0.00008706
     0.02942996     0.02948379    -0.00005383
    -0.00057990    -0.00053404    -0.00004586
    -0.00422854    -0.00424278     0.00001424
     0.00193402     0.00204433    -0.00011031
     0.00932221     0.00936622    -0.00004401
    -0.01980126    -0.01984987     0.00004861
     0.02062277     0.02078182    -0.00015905
    -0.00179149    -0.00168043    -0.00011106
    -0.00602283    -0.00607045     0.00004762
    -0.00168770    -0.00157257    -0.00011514
     0.01996570     0.01995198     0.00001372
    -0.00504905    -0.00502992    -0.00001913
    -0.00656624    -0.00657191     0.00000567
    -0.00377373    -0.00374767    -0.00002606
    -0.01289695    -0.01291049     0.00001355
    -0.00199840    -0.00204989     0.00005148
    -0.00199840    -0.00204989     0.00005148
    -0.00199840    -0.00204989     0.00005148
    -0.00199840    -0.00204989     0.00005148
    -0.00199813    -0.00204989     0.00005176
    -0.00199813    -0.00204989     0.00005176
    -0.00199813    -0.00204989     0.00005176
    -0.00199813    -0.00204989     0.00005176
    -0.00199813    -0.00204989     0.00005176
    -0.00199813    -0.00204989     0.00005176
    -0.00199813    -0.00204989     0.00005176
    -0.00199813    -0.00204989     0.00005176
     0.02287517     0.02286390     0.00001128
    -0.00401749    -0.00402858     0.00001109
    -0.00371278    -0.00372781     0.00001503
    -0.00423755    -0.00423634    -0.00000121
    -0.00366341    -0.00366725     0.00000383
    -0.00360031    -0.00360772     0.00000741
     0.02466241     0.02469989    -0.00003747
    -0.00535474    -0.00532720    -0.00002753
    -0.00600618    -0.00599867    -0.00000751
    -0.00345293    -0.00346870     0.00001577
    -0.00978497    -0.00985611     0.00007114
    -0.00331184    -0.00333729     0.00002545
    -0.00814437    -0.00814752     0.00000316
    -0.00640229    -0.00637779    -0.00002451
    -0.00378622    -0.00375845    -0.00002777
    -0.01449997    -0.01455321     0.00005324
    -0.00324942    -0.00328112     0.00003170
    -0.00326196    -0.00329292     0.00003095
    -0.00570280    -0.00566859    -0.00003421
    -0.00596259    -0.00592997    -0.00003262
    -0.01144544    -0.01149243     0.00004700
    -0.00646189    -0.00644668    -0.00001521
    -0.00976045    -0.00976478     0.00000433
    -0.01326027    -0.01332989     0.00006962
    -0.00369776    -0.00369801     0.00000025
    -0.00295189    -0.00299097     0.00003908
    -0.00518410    -0.00516520    -0.00001889
    -0.00361367    -0.00361680     0.00000313
    -0.00386421    -0.00383430    -0.00002991
    -0.00317981    -0.00321108     0.00003127
    -0.00313543    -0.00316807     0.00003264
    -0.00417466    -0.00415847    -0.00001619
    -0.01162019    -0.01167868     0.00005849
    -0.00351593    -0.00353336     0.00001743
    -0.00784039    -0.00783151    -0.00000888
    -0.00615600    -0.00612286    -0.00003314
    -0.01331663    -0.01333180     0.00001517
    -0.00777925    -0.00779363     0.00001438
    -0.00395591    -0.00392156    -0.00003435
    -0.00475271    -0.00474993    -0.00000279
    -0.00722070    -0.00719951    -0.00002120
    -0.00327339    -0.00329493     0.00002154
    -0.00413349    -0.00413885     0.00000536
    -0.00375493    -0.00374747    -0.00000746
    -0.00357786    -0.00358525     0.00000739
    -0.00697896    -0.00698401     0.00000506
    -0.00404827    -0.00400922    -0.00003904
    -0.00246312    -0.00248230     0.00001918
    -0.00246285    -0.00248230     0.00001946
    -0.00246285    -0.00248230     0.00001946
    -0.00246285    -0.00248230     0.00001946
    -0.00246285    -0.00248230     0.00001946
    -0.00246285    -0.00248230     0.00001946
    -0.00246285    -0.00248230     0.00001946
    -0.00246285    -0.00248230     0.00001946
    -0.00246285    -0.00248230     0.00001946
    -0.00246285    -0.00248230     0.00001946
    -0.00246285    -0.00248230     0.00001946
    -0.00246285    -0.00248230     0.00001946
    -0.00605170    -0.00604547    -0.00000623
    -0.00687790    -0.00687851     0.00000061
    -0.00381071    -0.00379695    -0.00001376
    -0.00740713    -0.00740875     0.00000162
    -0.00347228    -0.00347233     0.00000004
    -0.00728386    -0.00727469    -0.00000917
    -0.00676149    -0.00675182    -0.00000966
    -0.00649710    -0.00646878    -0.00002832
    -0.00663351    -0.00661344    -0.00002007
    -0.00492668    -0.00490144    -0.00002524
    -0.00226807    -0.00227517     0.00000710
    -0.00226807    -0.00227517     0.00000710
    -0.00226807    -0.00227517     0.00000710
    -0.00226780    -0.00227517     0.00000737
    -0.00226780    -0.00227517     0.00000737
    -0.00226780    -0.00227517     0.00000737
    -0.00226780    -0.00227517     0.00000737
    -0.00226780    -0.00227517     0.00000737
    -0.00226780    -0.00227517     0.00000737
    -0.00226780    -0.00227517     0.00000737
    -0.00226780    -0.00227517     0.00000737
    -0.00226780    -0.00227517     0.00000737
    -0.00326392    -0.00326252    -0.00000141
    -0.00454144    -0.00451010    -0.00003135
    -0.00414574    -0.00411297    -0.00003277
    -0.02933287    -0.02937284     0.00003997
    -0.05325783    -0.05332719     0.00006937
     0.06033891     0.06023288     0.00010602
     0.05203029     0.05201094     0.00001935
     0.02469017     0.02475590    -0.00006573
    -0.03290368    -0.03288190    -0.00002178
    -0.03169354    -0.03174550     0.00005196
    -0.03195262    -0.03195368     0.00000106
    -0.04179487    -0.04180028     0.00000541
    -0.03662791    -0.03652090    -0.00010701
    -0.05422111    -0.05428775     0.00006664
    -0.02810754    -0.02812115     0.00001361
    -0.04178006    -0.04181994     0.00003988
    -0.02668964    -0.02669328     0.00000365
    -0.04171372    -0.04174101     0.00002729
     0.04715559     0.04713830     0.00001729
    -0.03008572    -0.03013751     0.00005178
    -0.02983965    -0.02967447    -0.00016519
    -0.02888276    -0.02886382    -0.00001895
     0.04762423     0.04767146    -0.00004723
    -0.05690100    -0.05693497     0.00003398
    -0.02532849    -0.02534988     0.00002139
    -0.04292885    -0.04286259    -0.00006626
    -0.03570547    -0.03570974     0.00000427
     0.02515927     0.02507765     0.00008162
    -0.02895049    -0.02889555    -0.00005494
    -0.05104764    -0.05099272    -0.00005491
    -0.05818524    -0.05822436     0.00003912
    -0.03156026    -0.03159860     0.00003834
    -0.03942231    -0.03941438    -0.00000792
    -0.05054069    -0.05045485    -0.00008583
    -0.02949703    -0.02946598    -0.00003105
    -0.04102963    -0.04101247    -0.00001716
    -0.03389058    -0.03392606     0.00003547
    -0.04916967    -0.04918170     0.00001203
    -0.03107216    -0.03102248    -0.00004968
    -0.04177419    -0.04188362     0.00010944
    -0.03017476    -0.03013071    -0.00004405
    -0.03164388    -0.03150312    -0.00014075
    -0.05028784    -0.05018998    -0.00009786
    -0.03255078    -0.03255853     0.00000776
    -0.04352793    -0.04347160    -0.00005634
    -0.04456316    -0.04451777    -0.00004539
    -0.04455347    -0.04449856    -0.00005491
    -0.03846041    -0.03851237     0.00005196
    -0.04068178    -0.04071221     0.00003043
    -0.03427456    -0.03426334    -0.00001123
    -0.06052406    -0.06053814     0.00001409
    -0.04939397    -0.04954189     0.00014792
     0.01642659     0.01626945     0.00015714
    -0.05031954    -0.05026690    -0.00005264
    -0.03495697    -0.03491124    -0.00004574
    -0.04536685    -0.04540764     0.00004079
    -0.04780807    -0.04774075    -0.00006732
    -0.05232309    -0.05230010    -0.00002299
    -0.04021418    -0.04020074    -0.00001345
    -0.04318812    -0.04315203    -0.00003609
    -0.03361874    -0.03361165    -0.00000710
    -0.03018575    -0.03014384    -0.00004192
    -0.03876126    -0.03874281    -0.00001845
    -0.04694789    -0.04700077     0.00005288
    -0.03809042    -0.03808109    -0.00000933
    -0.03654217    -0.03660307     0.00006090
    -0.03205501    -0.03217162     0.00011661
    -0.03261200    -0.03277535     0.00016334
    -0.05618381    -0.05619693     0.00001311
     0.05745499     0.05733939     0.00011560
     0.04562843     0.04571204    -0.00008360
     0.04791702     0.04783003     0.00008699
    -0.04559877    -0.04557415    -0.00002463
    -0.03918372    -0.03919851     0.00001480
    -0.05799005    -0.05797695    -0.00001309
    -0.04264054    -0.04253989    -0.00010065
    -0.03403181    -0.03408579     0.00005398
    -0.03887693    -0.03884862    -0.00002832
    -0.04489071    -0.04487343    -0.00001728
    -0.04467176    -0.04463356    -0.00003821
    -0.04204690    -0.04203403    -0.00001287
    -0.04610433    -0.04608999    -0.00001434
    -0.03643199    -0.03633201    -0.00009998
    -0.05329598    -0.05334157     0.00004560
    -0.05926243    -0.05925234    -0.00001009
    -0.04013609    -0.03990750    -0.00022858
    -0.03807393    -0.03812205     0.00004812
    -0.04255039    -0.04241067    -0.00013972
    -0.04546761    -0.04542395    -0.00004366
    -0.04598460    -0.04602340     0.00003880
    -0.04308466    -0.04302959    -0.00005507
    -0.05111599    -0.05117764     0.00006165
    -0.03878335    -0.03883617     0.00005282
    -0.04133355    -0.04132743    -0.00000612
    -0.04490042    -0.04490280     0.00000238
    -0.05407624    -0.05413091     0.00005467
    -0.06420916    -0.06431180     0.00010264
    -0.05506420    -0.05508936     0.00002516
    -0.06777222    -0.06765922    -0.00011300
    -0.06704431    -0.06694972    -0.00009459
    -0.06867857    -0.06876976     0.00009119
    -0.06441868    -0.06443928     0.00002060
    -0.06949418    -0.06944726    -0.00004692
    -0.03355613    -0.03349352    -0.00006260
     0.04867733     0.04859460     0.00008274
     0.03045659     0.03045920    -0.00000261
     0.05049405     0.05040602     0.00008802
     0.02730608     0.02742587    -0.00011979
     0.00673204     0.00673463    -0.00000258
    -0.00162923    -0.00174113     0.00011190
     0.04036219     0.04046960    -0.00010742
     0.03132730     0.03130472     0.00002257
     0.02635880     0.02626920     0.00008960
     0.04489479     0.04492967    -0.00003489
     0.04146887     0.04143932     0.00002955
     0.04037329     0.04030528     0.00006801
     0.03651635     0.03660541    -0.00008907
     0.03297130     0.03297884    -0.00000754
     0.03064579     0.03051925     0.00012654
     0.01037712     0.01027167     0.00010544
     0.00122612     0.00118545     0.00004067
     0.00494888     0.00495760    -0.00000872
     0.02572850     0.02572007     0.00000843
     0.04244427     0.04241347     0.00003080
     0.02155068     0.02151642     0.00003427
     0.04116038     0.04118837    -0.00002799
     0.04152409     0.04149970     0.00002439
    -0.00217457    -0.00219733     0.00002276
     0.02609801     0.02607797     0.00002003
     0.00373316     0.00385037    -0.00011721
     0.01981735     0.01976785     0.00004949
     0.00941201     0.00945490    -0.00004289
     0.04567706     0.04570930    -0.00003224
     0.03151990     0.03152008    -0.00000018
     0.04490611     0.04495754    -0.00005143
     0.04584670     0.04586969    -0.00002299
     0.05068028     0.05061743     0.00006285
     0.02576148     0.02580868    -0.00004720
     0.04287608     0.04292074    -0.00004465
     0.04473628     0.04467726     0.00005902
     0.03453598     0.03453507     0.00000091
     0.02604674     0.02605509    -0.00000835
     0.03749073     0.03753811    -0.00004738
     0.05028370     0.05020443     0.00007928
     0.05919864     0.05925809    -0.00005945
     0.00980619     0.00975146     0.00005473
     0.01925829     0.01921752     0.00004077
     0.04380396     0.04378027     0.00002369
     0.04677580     0.04678341    -0.00000761
     0.02223663     0.02219544     0.00004118
    -0.00188338    -0.00200108     0.00011769
     0.00153646     0.00150645     0.00003001
     0.05163086     0.05166091    -0.00003006
     0.02591289     0.02604301    -0.00013013
     0.02262610     0.02263340    -0.00000729
     0.03210440     0.03234102    -0.00023662
    -0.03468137    -0.03465122    -0.00003016
     0.01001278     0.01009523    -0.00008245
     0.04768287     0.04767029     0.00001258
    -0.00069756    -0.00069794     0.00000038
     0.02325744     0.02332346    -0.00006602
     0.01946833     0.01949752    -0.00002919
     0.04512802     0.04510937     0.00001865
    -0.00019380    -0.00017605    -0.00001775
     0.02209075     0.02210647    -0.00001572
     0.03497964     0.03493357     0.00004607
     0.03626197     0.03626405    -0.00000207
     0.02777325     0.02778518    -0.00001194
     0.01011172     0.01014618    -0.00003446
     0.02895757     0.02893925     0.00001832
     0.01607913     0.01602058     0.00005855
     0.01554867     0.01555212    -0.00000345
     0.04641337     0.04639527     0.00001810
     0.03424629     0.03426538    -0.00001908
     0.02764568     0.02766615    -0.00002047
     0.02873648     0.02852754     0.00020894
     0.04610210     0.04605883     0.00004327
     0.03055485     0.03056798    -0.00001313
     0.02965636     0.02966922    -0.00001286
     0.01531492     0.01527777     0.00003715
     0.02899809     0.02897428     0.00002381
     0.02757645     0.02756666     0.00000980
     0.01088390     0.01075797     0.00012593
     0.04018376     0.04021755    -0.00003379
    -0.03579922    -0.03583185     0.00003263
    -0.03577168    -0.03580393     0.00003225
     0.01771992     0.01773498    -0.00001506
     0.01825979     0.01830921    -0.00004941
     0.01602585     0.01609312    -0.00006727
    -0.00110633    -0.00115472     0.00004839
     0.01104012     0.01101463     0.00002549
     0.03440205     0.03451617    -0.00011413
     0.02508060     0.02508078    -0.00000018
     0.04305285     0.04310621    -0.00005336
     0.01801429     0.01794448     0.00006982
     0.00941917     0.00942528    -0.00000612
     0.03303740     0.03306792    -0.00003052
     0.03381793     0.03382707    -0.00000914
     0.02081181     0.02082069    -0.00000887
     0.04130144     0.04133086    -0.00002941
     0.03236816     0.03237012    -0.00000196
     0.03643583     0.03639480     0.00004103
     0.02929654     0.02921455     0.00008199
    -0.00964976    -0.00969124     0.00004148
    -0.00459698    -0.00455454    -0.00004245
     0.00102818     0.00099943     0.00002875
     0.00622109     0.00620009     0.00002101
     0.01350136     0.01350834    -0.00000697
    -0.01726048    -0.01726664     0.00000616
     0.02487306     0.02488790    -0.00001484
    -0.02687927    -0.02691730     0.00003803
    -0.00430702    -0.00433213     0.00002512
    -0.03038407    -0.03041277     0.00002870
    -0.03815679    -0.03813016    -0.00002662
    -0.02253203    -0.02252271    -0.00000932
    -0.00372714    -0.00372289    -0.00000426
    -0.02220093    -0.02218323    -0.00001769
     0.00643500     0.00636941     0.00006559
    -0.00592463    -0.00593627     0.00001164
     0.00396228     0.00391088     0.00005140
    -0.01629516    -0.01631701     0.00002186
    -0.02417669    -0.02416923    -0.00000746
     0.02365214     0.02362298     0.00002916
     0.01911799     0.01913508    -0.00001709
     0.01045353     0.01041089     0.00004263
    -0.00087988    -0.00090727     0.00002739
    -0.01676371    -0.01682669     0.00006298
     0.00130111     0.00120943     0.00009168
     0.00024330     0.00030519    -0.00006189
    -0.00748147    -0.00749378     0.00001231
    -0.01153893    -0.01153992     0.00000099
     0.02065624     0.02066483    -0.00000858
    -0.00355119    -0.00356773     0.00001654
     0.00902841     0.00905164    -0.00002322
     0.01158070     0.01162511    -0.00004440
    -0.01187698    -0.01194871     0.00007173
    -0.01220221    -0.01232367     0.00012146
     0.01492833     0.01491940     0.00000893
     0.00706832     0.00707364    -0.00000532
    -0.00651296    -0.00657310     0.00006013
    -0.00645808    -0.00649294     0.00003486
     0.01971783     0.01967875     0.00003909
    -0.01547917    -0.01552428     0.00004511
     0.02039167     0.02038837     0.00000329
    -0.03156796    -0.03162977     0.00006182
    -0.01657546    -0.01662256     0.00004710
     0.00665808     0.00666033    -0.00000225
    -0.02625651    -0.02629358     0.00003707
     0.00221903     0.00223175    -0.00001271
     0.01079119     0.01077002     0.00002118
    -0.01704464    -0.01704287    -0.00000177
     0.00956420     0.00954283     0.00002137
    -0.00197013    -0.00204279     0.00007266
     0.00832649     0.00832256     0.00000393
     0.00171655     0.00168859     0.00002796
    -0.01055323    -0.01057185     0.00001862
    -0.02671636    -0.02676955     0.00005320
     0.01623200     0.01623468    -0.00000268
     0.01000418     0.01008817    -0.00008398
     0.01063127     0.01062303     0.00000824
    -0.00044899    -0.00037394    -0.00007505
    -0.02027335    -0.02019722    -0.00007613
    -0.00027421    -0.00025223    -0.00002198
     0.01466832     0.01464101     0.00002732
    -0.01398649    -0.01398420    -0.00000229
    -0.00362069    -0.00367261     0.00005192
    -0.03537774    -0.03536469    -0.00001306
     0.01407795     0.01408611    -0.00000816
     0.00122647     0.00124064    -0.00001417
     0.00712623     0.00712583     0.00000040
    -0.00394056    -0.00400388     0.00006332
    -0.01097650    -0.01102829     0.00005179
     0.00805925     0.00806819    -0.00000894
    -0.01865145    -0.01861943    -0.00003201
    -0.00558084    -0.00555619    -0.00002465
    -0.00422718    -0.00421276    -0.00001442
    -0.02147280    -0.02145370    -0.00001910
    -0.01381756    -0.01380496    -0.00001260
    -0.02999770    -0.02999601    -0.00000169
     0.00525123     0.00526118    -0.00000995
    -0.00223525    -0.00221174    -0.00002351
    -0.02521208    -0.02516963    -0.00004246
    -0.00946407    -0.00943149    -0.00003258
    -0.02203782    -0.02203210    -0.00000572
    -0.00941182    -0.00945830     0.00004648
     0.01564187     0.01558498     0.00005689
    -0.01377089    -0.01376227    -0.00000862
    -0.00138699    -0.00140649     0.00001950
    -0.02177686    -0.02174806    -0.00002881
    -0.01737580    -0.01740202     0.00002622
    -0.01160234    -0.01156709    -0.00003524
    -0.02103761    -0.02103718    -0.00000043
    -0.00579676    -0.00579048    -0.00000628
    -0.01584750    -0.01584789     0.00000039
    -0.01752661    -0.01756575     0.00003914
    -0.03256680    -0.03259748     0.00003067
    -0.02233549    -0.02231660    -0.00001889
    -0.02202819    -0.02211549     0.00008731
    -0.01482022    -0.01482711     0.00000689
    -0.01577618    -0.01580647     0.00003029
    -0.00439352    -0.00441971     0.00002619
    -0.01136451    -0.01139207     0.00002756
    -0.01543770    -0.01545072     0.00001302
    -0.03226533    -0.03229753     0.00003220
    -0.03541747    -0.03545032     0.00003285
    -0.02817154    -0.02817751     0.00000597
    -0.03384079    -0.03387490     0.00003411
    -0.02923284    -0.02917428    -0.00005856
    -0.01120159    -0.01126390     0.00006231
    -0.01141882    -0.01147512     0.00005630
     0.01612130     0.01612259    -0.00000128
     0.00565953     0.00563573     0.00002380
    -0.01701484    -0.01698056    -0.00003428
    -0.00072418    -0.00073184     0.00000766
    -0.01299118    -0.01304054     0.00004937
    -0.02854042    -0.02883999     0.00029958
    -0.03032636    -0.03036631     0.00003996
    -0.03360652    -0.03357975    -0.00002678
    -0.01372161    -0.01373136     0.00000974
    -0.01369236    -0.01376337     0.00007101
    -0.03568515    -0.03567443    -0.00001072
    -0.03794922    -0.03790612    -0.00004309
    -0.01193317    -0.01199586     0.00006269
    -0.01707705    -0.01713765     0.00006060
    -0.00732531    -0.00729855    -0.00002676
    -0.02146557    -0.02145439    -0.00001118
    -0.03099401    -0.03102810     0.00003409
    -0.02482250    -0.02477098    -0.00005152
    -0.01018503    -0.01014253    -0.00004250
    -0.03471422    -0.03469851    -0.00001571
    -0.03526106    -0.03521871    -0.00004235
    -0.01916234    -0.01917453     0.00001219
    -0.02291052    -0.02294456     0.00003404
    -0.01806735    -0.01803685    -0.00003050
    -0.02763022    -0.02758669    -0.00004353
    -0.02882431    -0.02881901    -0.00000530
    -0.01348828    -0.01353835     0.00005007
    -0.02123857    -0.02107512    -0.00016345
    -0.01210327    -0.01204267    -0.00006060
    -0.02387249    -0.02386272    -0.00000978
    -0.00912621    -0.00913259     0.00000638
    -0.01133047    -0.01141373     0.00008326
    -0.02871887    -0.02871553    -0.00000334
    -0.01885499    -0.01879546    -0.00005953
    -0.01944836    -0.01941851    -0.00002985
    -0.02629227    -0.02628913    -0.00000313
    -0.03230854    -0.03226778    -0.00004076
    -0.04100367    -0.04102166     0.00001799
    -0.01170449    -0.01175721     0.00005272
    -0.02222762    -0.02220323    -0.00002439
    -0.02308347    -0.02312535     0.00004188
    -0.00905715    -0.00911767     0.00006052
    -0.01691879    -0.01693191     0.00001312
    -0.01356863    -0.01357864     0.00001001
    -0.01913940    -0.01911131    -0.00002809
    -0.03132578    -0.03133577     0.00001000
     0.00441137     0.00447225    -0.00006088
    -0.03537888    -0.03537495    -0.00000394
    -0.02691750    -0.02691692    -0.00000059
    -0.03236590    -0.03226961    -0.00009629
    -0.03793958    -0.03792009    -0.00001950
    -0.00987028    -0.00987416     0.00000388
    -0.02147642    -0.02142899    -0.00004743
    -0.02044318    -0.02044293    -0.00000025
    -0.01704363    -0.01703897    -0.00000466
    -0.00869967    -0.00862350    -0.00007617
    -0.01902424    -0.01900960    -0.00001464
    -0.01756095    -0.01750668    -0.00005427
    -0.01155308    -0.01160922     0.00005614
    -0.02911863    -0.02918662     0.00006799
    -0.02132730    -0.02134760     0.00002029
    -0.02227135    -0.02227261     0.00000126
    -0.03048761    -0.03041660    -0.00007101
    -0.02529004    -0.02527900    -0.00001105
    -0.02254278    -0.02253473    -0.00000806
    -0.02681693    -0.02677695    -0.00003998
    -0.01522594    -0.01525160     0.00002566
    -0.01848067    -0.01850808     0.00002741
    -0.02565163    -0.02564386    -0.00000777
    -0.01544627    -0.01541813    -0.00002814
    -0.02792076    -0.02786313    -0.00005763
    -0.01989000    -0.01992879     0.00003879
    -0.02038149    -0.02040764     0.00002615
    -0.02778699    -0.02785278     0.00006579
    -0.01371073    -0.01376274     0.00005201
    -0.02383761    -0.02387825     0.00004064
    -0.01665949    -0.01676122     0.00010173
    -0.03215787    -0.03216947     0.00001160
    -0.03285652    -0.03294179     0.00008526
    -0.01478781    -0.01481781     0.00003000
    -0.02721759    -0.02718710    -0.00003049
    -0.02557601    -0.02559837     0.00002236
    -0.01659016    -0.01660437     0.00001421
    -0.03283925    -0.03285868     0.00001944
    -0.02374607    -0.02376500     0.00001892
    -0.02879699    -0.02878824    -0.00000876
    -0.02206865    -0.02204790    -0.00002075
    -0.02594543    -0.02592564    -0.00001979
    -0.01957182    -0.01959329     0.00002147
    -0.01829163    -0.01828544    -0.00000619
    -0.02075037    -0.02077471     0.00002434
    -0.02116942    -0.02120754     0.00003811
    -0.00316191    -0.00314365    -0.00001826
    -0.00171837    -0.00176901     0.00005064
    -0.02942359    -0.02947504     0.00005145
    -0.00164340    -0.00169307     0.00004967
    -0.01831811    -0.01831397    -0.00000414
     0.03689978     0.03677482     0.00012496
     0.02867261     0.02864768     0.00002493
     0.04027941     0.04026566     0.00001375
    -0.02622138    -0.02620958    -0.00001180
     0.03808187     0.03798373     0.00009815
    -0.00132457    -0.00138216     0.00005759
     0.03749231     0.03746936     0.00002295
     0.05108943     0.05118775    -0.00009832
     0.03787403     0.03790554    -0.00003151
    -0.02683851    -0.02684885     0.00001035
    -0.02334906    -0.02334332    -0.00000573
     0.04251801     0.04244840     0.00006961
     0.04518875     0.04518456     0.00000419
     0.04610022     0.04610337    -0.00000314
    -0.02399144    -0.02398336    -0.00000808
    -0.02395519    -0.02394811    -0.00000708
    -0.02395519    -0.02394811    -0.00000708
     0.03975605     0.03974616     0.00000989
     0.04622238     0.04630000    -0.00007763
    -0.03730929    -0.03731825     0.00000896
     0.01515484     0.01512347     0.00003137
    -0.01958771    -0.01958381    -0.00000390
    -0.02793815    -0.02797982     0.00004167
     0.03809553     0.03804475     0.00005078
    -0.02208784    -0.02207775    -0.00001009
     0.01667990     0.01670147    -0.00002157
    -0.02518607    -0.02517582    -0.00001025
     0.05688921     0.05690202    -0.00001281
     0.05214053     0.05225258    -0.00011205
     0.01356436     0.01354632     0.00001804
     0.04167043     0.04161594     0.00005449
    -0.03021460    -0.03022075     0.00000615
    -0.02147367    -0.02144848    -0.00002520
    -0.01991182    -0.01990688    -0.00000495
    -0.01421770    -0.01420114    -0.00001656
    -0.02089633    -0.02089471    -0.00000162
     0.05296786     0.05298297    -0.00001510
    -0.02647360    -0.02650358     0.00002998
    -0.02020007    -0.02032202     0.00012195
    -0.02346743    -0.02345549    -0.00001194
    -0.03990270    -0.03991188     0.00000918
     0.01417857     0.01417945    -0.00000087
     0.04170629     0.04179429    -0.00008799
     0.04882457     0.04888977    -0.00006520
     0.04438248     0.04436312     0.00001936
    -0.02082558    -0.02081889    -0.00000670
     0.05037628     0.05041715    -0.00004087
    -0.03728978    -0.03732902     0.00003924
    -0.03571492    -0.03567445    -0.00004046
    -0.02641349    -0.02640176    -0.00001173
     0.05312329     0.05306739     0.00005590
    -0.02224215    -0.02224481     0.00000266
    -0.02503382    -0.02505261     0.00001879
     0.00816872     0.00819467    -0.00002595
     0.04048801     0.04045569     0.00003232
    -0.02905362    -0.02906446     0.00001084
    -0.02362239    -0.02363176     0.00000937
    -0.03433133    -0.03430707    -0.00002426
    -0.02163088    -0.02162154    -0.00000933
     0.04766229     0.04761431     0.00004798
     0.00977044     0.00977694    -0.00000650
    -0.02767191    -0.02765912    -0.00001279
     0.05906621     0.05894913     0.00011708
    -0.03296083    -0.03294371    -0.00001711
    -0.02961217    -0.02963602     0.00002386
    -0.03160651    -0.03159191    -0.00001460
    -0.02895898    -0.02894540    -0.00001358
    -0.03027158    -0.03025758    -0.00001400
    -0.02166456    -0.02156625    -0.00009831
     0.05976654     0.05974744     0.00001910
     0.02680221     0.02681214    -0.00000993
     0.04557548     0.04556202     0.00001346
    -0.03417867    -0.03419605     0.00001737
     0.05636096     0.05642421    -0.00006325
     0.04042741     0.04038842     0.00003899
     0.06032068     0.06036746    -0.00004678
    -0.02059584    -0.02056836    -0.00002747
     0.05968823     0.05961532     0.00007291
    -0.02240768    -0.02240689    -0.00000079
     0.04137304     0.04135301     0.00002003
    -0.02489445    -0.02487612    -0.00001832
     0.04609919     0.04609694     0.00000225
    -0.03129701    -0.03136865     0.00007163
     0.03046541     0.03054087    -0.00007547
    -0.03443312    -0.03444530     0.00001217
    -0.00981833    -0.00982196     0.00000363
    -0.05612806    -0.05616644     0.00003838
     0.06027646     0.06019722     0.00007923
     0.00274019     0.00282599    -0.00008581
     0.05797171     0.05800560    -0.00003389
    -0.02464103    -0.02470355     0.00006252
    -0.04425257    -0.04426540     0.00001282
    -0.04753922    -0.04751842    -0.00002079
    -0.00979136    -0.00978313    -0.00000824
     0.01749151     0.01747286     0.00001864
    -0.04098878    -0.04097459    -0.00001419
    -0.00111523    -0.00110666    -0.00000857
    -0.00111523    -0.00110666    -0.00000857
    -0.00111523    -0.00110666    -0.00000857
    -0.00111523    -0.00110666    -0.00000857
    -0.00111523    -0.00110666    -0.00000857
    -0.03900845    -0.03901005     0.00000160
    -0.01374619    -0.01360954    -0.00013664
     0.03284667     0.03275392     0.00009275
    -0.00189266    -0.00188300    -0.00000966
     0.03284403     0.03275101     0.00009302
    -0.00184311    -0.00183621    -0.00000690
     0.01597208     0.01588729     0.00008478
     0.01199181     0.01191527     0.00007654
    -0.03096509    -0.03102359     0.00005850
     0.00272949     0.00273542    -0.00000592
    -0.00145361    -0.00143787    -0.00001573
    -0.03257940    -0.03254374    -0.00003566
    -0.03444613    -0.03443096    -0.00001518
    -0.00168526    -0.00167411    -0.00001115
     0.01388521     0.01398413    -0.00009892
    -0.00139720    -0.00137485    -0.00002235
    -0.00131426    -0.00129814    -0.00001612
    -0.00147078    -0.00148545     0.00001467
    -0.00155083    -0.00156325     0.00001242
    -0.00177982    -0.00175416    -0.00002566
    -0.00137605    -0.00135537    -0.00002068
    -0.02442214    -0.02440150    -0.00002064
    -0.00160446    -0.00161220     0.00000774
    -0.00175592    -0.00169961    -0.00005632
    -0.00082600    -0.00081039    -0.00001561
    -0.00082600    -0.00081039    -0.00001561
    -0.00082600    -0.00081039    -0.00001561
    -0.00082600    -0.00081039    -0.00001561
    -0.00082600    -0.00081039    -0.00001561
    -0.00082600    -0.00081039    -0.00001561
    -0.00082600    -0.00081039    -0.00001561
    -0.00082600    -0.00081039    -0.00001561
    -0.00082600    -0.00081039    -0.00001561
    -0.00082600    -0.00081039    -0.00001561
    -0.00082600    -0.00081039    -0.00001561
    -0.00082600    -0.00081039    -0.00001561
     0.00290427     0.00290379     0.00000048
    -0.00137091    -0.00136907    -0.00000184
    -0.03938783    -0.03942972     0.00004189
    -0.00186991    -0.00182490    -0.00004501
    -0.01505141    -0.01494739    -0.00010402
     0.04663828     0.04660537     0.00003290
    -0.02179814    -0.02179346    -0.00000469
    -0.00141635    -0.00140602    -0.00001034
    -0.03592861    -0.03593240     0.00000379
    -0.00157491    -0.00156570    -0.00000921
    -0.00155429    -0.00155223    -0.00000206
     0.01531242     0.01537693    -0.00006452
    -0.02966025    -0.02966466     0.00000441
    -0.03510291    -0.03515707     0.00005417
     0.01312726     0.01317473    -0.00004747
    -0.03641681    -0.03645216     0.00003535
    -0.02210452    -0.02213953     0.00003501
    -0.03206339    -0.03208660     0.00002320
    -0.03836079    -0.03839634     0.00003555
    -0.00045536    -0.00051505     0.00005969
    -0.00339261    -0.00335579    -0.00003681
    -0.00243839    -0.00242313    -0.00001525
     0.00146022     0.00145729     0.00000293
    -0.03850623    -0.03861822     0.00011199
     0.00982532     0.00978343     0.00004189
    -0.01095533    -0.01093190    -0.00002343
    -0.01935622    -0.01932286    -0.00003336
    -0.03566161    -0.03571675     0.00005514
    -0.03394400    -0.03394341    -0.00000059
     0.00176988     0.00175992     0.00000996
     0.01010669     0.01013655    -0.00002986
    -0.03434744    -0.03435623     0.00000879
    -0.02746456    -0.02750739     0.00004283
     0.00348464     0.00342435     0.00006028
    -0.02617991    -0.02621550     0.00003559
    -0.00862936    -0.00871689     0.00008753
    -0.03484851    -0.03489487     0.00004636
    -0.02632748    -0.02637448     0.00004700
    -0.04742732    -0.04741374    -0.00001358
    -0.01375873    -0.01372031    -0.00003842
    -0.03719318    -0.03722048     0.00002730
    -0.01931641    -0.01923955    -0.00007686
    -0.03915011    -0.03916583     0.00001572
    -0.03719258    -0.03720127     0.00000869
    -0.03806451    -0.03806448    -0.00000003
    -0.02513951    -0.02515213     0.00001262
    -0.01351323    -0.01355855     0.00004532
    -0.01048746    -0.01060318     0.00011572
    -0.03902586    -0.03899706    -0.00002881
    -0.02791417    -0.02792290     0.00000872
    -0.03515907    -0.03514953    -0.00000954
    -0.03320965    -0.03322173     0.00001208
    -0.03469950    -0.03471307     0.00001357
    -0.03207063    -0.03209472     0.00002409
    -0.03149013    -0.03149108     0.00000095
    -0.02740361    -0.02747544     0.00007183
    -0.03239371    -0.03235110    -0.00004261
    -0.03311087    -0.03314692     0.00003605
    -0.03746532    -0.03751690     0.00005158
    -0.00180025    -0.00183301     0.00003276
    -0.00180025    -0.00183301     0.00003276
    -0.00276389    -0.00277394     0.00001006
    -0.00209811    -0.00203790    -0.00006021
     0.03009152     0.03005820     0.00003332
     0.03742134     0.03732605     0.00009530
    -0.00251754    -0.00249998    -0.00001756
     0.00060042     0.00061723    -0.00001681
     0.02943091     0.02940499     0.00002592
    -0.01807519    -0.01805902    -0.00001617
     0.00362287     0.00363699    -0.00001412
     0.01397792     0.01389442     0.00008350
    -0.00231436    -0.00226915    -0.00004521
    -0.00543387    -0.00549492     0.00006105
    -0.00142267    -0.00139512    -0.00002754
    -0.00142294    -0.00139512    -0.00002781
    -0.00216453    -0.00218173     0.00001720
    -0.00271847    -0.00273488     0.00001641
     0.01718399     0.01701601     0.00016798
    -0.00703284    -0.00703064    -0.00000219
    -0.00228023    -0.00223246    -0.00004777
    -0.00221049    -0.00215632    -0.00005417
    -0.01262135    -0.01255603    -0.00006532
    -0.00208066    -0.00203003    -0.00005064
    -0.01610688    -0.01607133    -0.00003555
     0.00665838     0.00670157    -0.00004319
    -0.00161230    -0.00161103    -0.00000127
    -0.00161230    -0.00161103    -0.00000127
    -0.00190257    -0.00187731    -0.00002526
    -0.00210162    -0.00205322    -0.00004840
    -0.00250407    -0.00252206     0.00001798
     0.03054171     0.03050998     0.00003173
    -0.00205304    -0.00204962    -0.00000343
     0.03527096     0.03507549     0.00019548
    -0.00252369    -0.00253479     0.00001110
    -0.01251906    -0.01251219    -0.00000687
    -0.00910637    -0.00919053     0.00008416
     0.02964044     0.02965994    -0.00001950
     0.03543154     0.03532332     0.00010822
    -0.00247822    -0.00247804    -0.00000019
    -0.00198850    -0.00197891    -0.00000959
    -0.00747848    -0.00750038     0.00002190
    -0.00237055    -0.00235880    -0.00001175
    -0.00224687    -0.00221610    -0.00003077
    -0.01175053    -0.01186328     0.00011275
    -0.00230883    -0.00228330    -0.00002553
     0.00014985     0.00019454    -0.00004469
     0.02401688     0.02394305     0.00007383
     0.00945688     0.00948475    -0.00002786
     0.01622196     0.01618338     0.00003858
    -0.00385694    -0.00381610    -0.00004084
     0.02818177     0.02813549     0.00004629
     0.00474890     0.00479042    -0.00004152
    -0.02610625    -0.02605120    -0.00005505
     0.02285166     0.02279630     0.00005536
     0.00751750     0.00749842     0.00001908
     0.03044105     0.03039199     0.00004906
     0.03056900     0.03058666    -0.00001766
     0.01208496     0.01244989    -0.00036493
     0.02030190     0.02018921     0.00011269
    -0.02296943    -0.02296283    -0.00000660
    -0.01140339    -0.01148483     0.00008143
     0.03698800     0.03699900    -0.00001099
     0.03256468     0.03255087     0.00001382
     0.02695054     0.02692291     0.00002763
     0.05616743     0.05622451    -0.00005707
     0.02790675     0.02792119    -0.00001444
     0.03150883     0.03152511    -0.00001629
     0.03063091     0.03054791     0.00008300
     0.02409862     0.02405342     0.00004520
     0.02807203     0.02797979     0.00009223
     0.00561727     0.00560005     0.00001723
     0.01179682     0.01187855    -0.00008173
     0.00018749     0.00020111    -0.00001363
    -0.00067710    -0.00077685     0.00009974
    -0.00894204    -0.00889769    -0.00004435
    -0.04658132    -0.04658945     0.00000813
     0.03232884     0.03222138     0.00010746
     0.03246016     0.03247525    -0.00001509
     0.03094052     0.03086850     0.00007202
    -0.02974702    -0.02967892    -0.00006810
     0.02793066     0.02786567     0.00006499
     0.00882860     0.00878578     0.00004282
    -0.00177252    -0.00174904    -0.00002348
     0.03342301     0.03343700    -0.00001399
    -0.00249284    -0.00240790    -0.00008494
     0.03439734     0.03441028    -0.00001293
     0.00173445     0.00172926     0.00000520
    -0.01821892    -0.01806196    -0.00015696
     0.03538248     0.03539499    -0.00001252
     0.03637912     0.03639104    -0.00001192
    -0.02433732    -0.02437902     0.00004170
    -0.04656203    -0.04651810    -0.00004393
     0.02332380     0.02331663     0.00000718
    -0.04705929    -0.04706208     0.00000279
     0.02840741     0.02845958    -0.00005218
    -0.02415280    -0.02398853    -0.00016427
    -0.02419748    -0.02422211     0.00002463
    -0.02223508    -0.02226967     0.00003459
    -0.02567721    -0.02567133    -0.00000588
    -0.00066401    -0.00076940     0.00010539
    -0.00084913    -0.00092667     0.00007753
    -0.00066374    -0.00076940     0.00010566
    -0.00066374    -0.00076940     0.00010566
    -0.00066374    -0.00076940     0.00010566
    -0.00066374    -0.00076940     0.00010566
    -0.00066374    -0.00076940     0.00010566
    -0.00088037    -0.00096480     0.00008443
     0.02944920     0.02935053     0.00009866
    -0.00147769    -0.00157571     0.00009802
     0.02290880     0.02285796     0.00005084
    -0.00142073    -0.00148315     0.00006242
    -0.00108530    -0.00117400     0.00008870
     0.03548438     0.03549225    -0.00000786
    -0.00150874    -0.00160384     0.00009511
    -0.00143932    -0.00150300     0.00006368
     0.03303590     0.03298036     0.00005554
    -0.00160800    -0.00167994     0.00007194
     0.02464519     0.02474051    -0.00009532
     0.05745750     0.05745883    -0.00000133
     0.02682273     0.02685814    -0.00003541
    -0.00164901    -0.00172593     0.00007692
    -0.00111126    -0.00117826     0.00006700
    -0.00025527    -0.00031955     0.00006428
    -0.00113471    -0.00124357     0.00010885
    -0.00158286    -0.00167402     0.00009117
    -0.00145004    -0.00154785     0.00009781
     0.03183297     0.03184193    -0.00000896
    -0.00145290    -0.00151914     0.00006624
    -0.00162283    -0.00171105     0.00008822
     0.02674313     0.02673165     0.00001148
     0.03720613     0.03721576    -0.00000963
     0.03148200     0.03150715    -0.00002516
    -0.00131684    -0.00142553     0.00010869
    -0.00108421    -0.00113622     0.00005201
     0.03498252     0.03491915     0.00006338
    -0.00108255    -0.00118456     0.00010201
     0.02425767     0.02434620    -0.00008853
     0.03192775     0.03194539    -0.00001765
     0.03372242     0.03360814     0.00011428
    -0.00142816    -0.00152359     0.00009543
    -0.00035742    -0.00042469     0.00006727
    -0.00047582    -0.00054594     0.00007013
     0.02886927     0.02864692     0.00022235
     0.02753735     0.02753176     0.00000559
    -0.00093066    -0.00100084     0.00007019
    -0.04074018    -0.04078199     0.00004181
    -0.00113828    -0.00124548     0.00010720
    -0.00125439    -0.00131942     0.00006503
    -0.00095049    -0.00103502     0.00008453
    -0.00105939    -0.00117924     0.00011984
    -0.00130949    -0.00137823     0.00006873
     0.03165947     0.03155114     0.00010833
     0.02534278     0.02529276     0.00005002
    -0.00136468    -0.00146349     0.00009881
     0.02311161     0.02299245     0.00011916
    -0.00117882    -0.00128375     0.00010493
    -0.00098432    -0.00106890     0.00008459
    -0.01359342    -0.01366773     0.00007431
    -0.00144209    -0.00153431     0.00009221
    -0.00128255    -0.00135505     0.00007250
    -0.00102946    -0.00110158     0.00007212
    -0.00126288    -0.00136346     0.00010058
     0.03468524     0.03461775     0.00006749
    -0.02530814    -0.02526136    -0.00004678
    -0.00104519    -0.00112292     0.00007773
     0.03325925     0.03321498     0.00004427
    -0.00131396    -0.00140935     0.00009540
    -0.00122666    -0.00130088     0.00007422
    -0.00108029    -0.00117334     0.00009305
    -0.00112642    -0.00120129     0.00007487
     0.02388357     0.02374324     0.00014033
    -0.00131279    -0.00139596     0.00008317
    -0.00114748    -0.00122251     0.00007504
     0.01057658     0.01059514    -0.00001856
     0.03626195     0.03635621    -0.00009426
     0.03617871     0.03614667     0.00003204
    -0.01649824    -0.01652158     0.00002335
     0.02860311     0.02860048     0.00000264
    -0.00124405    -0.00132781     0.00008376
    -0.00119613    -0.00128555     0.00008942
     0.02626838     0.02632434    -0.00005596
     0.03173947     0.03169327     0.00004620
    -0.00507933    -0.00496064    -0.00011870
     0.03187653     0.03185541     0.00002113
     0.01105969     0.01081383     0.00024586
     0.04086693     0.04079170     0.00007523
     0.03629765     0.03618270     0.00011495
     0.02698287     0.02702076    -0.00003789
     0.03022940     0.03022334     0.00000606
     0.03648669     0.03650875    -0.00002206
     0.01972975     0.01975541    -0.00002565
     0.04369928     0.04374185    -0.00004256
     0.04855978     0.04853265     0.00002713
     0.03706155     0.03702208     0.00003948
     0.04360189     0.04356657     0.00003532
     0.03587903     0.03592562    -0.00004659
    -0.01108154    -0.01103537    -0.00004616
     0.03804508     0.03796524     0.00007984
     0.03135916     0.03130760     0.00005156
    -0.00247890    -0.00245946    -0.00001944
     0.02366060     0.02364833     0.00001227
     0.01876756     0.01875887     0.00000869
     0.01237441     0.01236863     0.00000577
     0.01185614     0.01200601    -0.00014987
    -0.00174855    -0.00182425     0.00007570
     0.01147276     0.01147668    -0.00000392
    -0.00321511    -0.00324610     0.00003099
     0.01391071     0.01390137     0.00000934
    -0.02699193    -0.02706695     0.00007502
     0.00739706     0.00737062     0.00002644
     0.01117857     0.01112747     0.00005110
     0.01629391     0.01624973     0.00004417
     0.01916860     0.01917495    -0.00000635
     0.01352360     0.01357081    -0.00004722
     0.01453991     0.01451962     0.00002029
     0.00570800     0.00574266    -0.00003466
     0.01463589     0.01458301     0.00005288
     0.02387780     0.02384239     0.00003541
     0.01867466     0.01871338    -0.00003872
     0.01070227     0.01076421    -0.00006194
     0.01951957     0.01954867    -0.00002910
    -0.02036024    -0.02035383    -0.00000641
     0.00698119     0.00694563     0.00003556
     0.01789543     0.01789472     0.00000071
    -0.01142788    -0.01139043    -0.00003746
     0.01794107     0.01797374    -0.00003268
     0.00869845     0.00865172     0.00004672
     0.01249495     0.01245935     0.00003560
     0.00705654     0.00711783    -0.00006129
     0.01619763     0.01616716     0.00003047
    -0.01869961    -0.01859910    -0.00010051
     0.02217287     0.02220907    -0.00003620
     0.01234874     0.01237472    -0.00002597
    -0.00887733    -0.00878378    -0.00009355
     0.00981041     0.00987074    -0.00006033
     0.01617818     0.01618125    -0.00000307
     0.02218237     0.02214470     0.00003767
     0.02053401     0.02057151    -0.00003750
     0.00315638     0.00317435    -0.00001797
    -0.00192469    -0.00194866     0.00002397
     0.01280252     0.01286375    -0.00006123
    -0.00810238    -0.00801936    -0.00008302
     0.01368466     0.01381805    -0.00013339
     0.03003827     0.03003518     0.00000309
     0.00309274     0.00301513     0.00007761
    -0.01501938    -0.01499674    -0.00002263
     0.01812964     0.01812010     0.00000954
     0.01687288     0.01685329     0.00001959
     0.01208830     0.01212196    -0.00003366
     0.01468999     0.01470837    -0.00001838
     0.00516965     0.00518181    -0.00001217
     0.00033239     0.00044855    -0.00011616
     0.00450593     0.00455632    -0.00005039
     0.00407031     0.00406087     0.00000944
     0.00924725     0.00922486     0.00002239
     0.02105767     0.02102365     0.00003402
     0.02124401     0.02121449     0.00002952
     0.00750917     0.00746338     0.00004579
     0.04010009     0.04009854     0.00000155
    -0.00201838    -0.00189983    -0.00011855
     0.00300898     0.00298722     0.00002176
    -0.02679282    -0.02681380     0.00002098
     0.01843120     0.01843891    -0.00000772
     0.00393877     0.00395002    -0.00001126
     0.01751151     0.01749346     0.00001805
     0.02403500     0.02406132    -0.00002632
     0.01631116     0.01624875     0.00006241
     0.02139248     0.02138171     0.00001077
     0.00948344     0.00943592     0.00004752
    -0.00236932    -0.00241749     0.00004817
     0.01581324     0.01577699     0.00003625
     0.01891779     0.01886658     0.00005121
     0.01946754     0.01945650     0.00001104
     0.02782176     0.02781266     0.00000910
     0.01617363     0.01633567    -0.00016204
    -0.01970752    -0.01962641    -0.00008111
     0.01998791     0.02004201    -0.00005410
     0.02358977     0.02357434     0.00001543
     0.02259813     0.02264155    -0.00004342
     0.00847425     0.00845562     0.00001863
    -0.01211982    -0.01204751    -0.00007231
     0.00772074     0.00770283     0.00001791
     0.00675729     0.00672628     0.00003101
     0.01436720     0.01450977    -0.00014256
    -0.00963316    -0.00956187    -0.00007128
     0.00642230     0.00642152     0.00000078
     0.00510951     0.00508871     0.00002080
     0.01633807     0.01638531    -0.00004724
     0.01338504     0.01354249    -0.00015745
     0.00616338     0.00610440     0.00005898
     0.01601896     0.01598234     0.00003662
     0.02199358     0.02199572    -0.00000214
    -0.00732560    -0.00723598    -0.00008962
     0.01231201     0.01227953     0.00003248
     0.01178522     0.01179647    -0.00001125
    -0.02020739    -0.02029197     0.00008457
     0.01935189     0.01936038    -0.00000848
     0.01514945     0.01510334     0.00004611
     0.01514276     0.01515172    -0.00000896
    -0.02728399    -0.02724930    -0.00003469
     0.01874320     0.01868859     0.00005461
    -0.02552039    -0.02550770    -0.00001269
    -0.03211433    -0.03213728     0.00002295
    -0.01222371    -0.01228394     0.00006023
    -0.03852996    -0.03861160     0.00008164
    -0.02816161    -0.02819322     0.00003161
    -0.02067897    -0.02074440     0.00006543
    -0.03224843    -0.03221644    -0.00003199
    -0.02551329    -0.02550414    -0.00000914
    -0.01564244    -0.01569096     0.00004852
    -0.02193757    -0.02186741    -0.00007016
    -0.02881569    -0.02885193     0.00003625
     0.00047127     0.00044479     0.00002649
    -0.02459727    -0.02465380     0.00005653
    -0.03455979    -0.03458244     0.00002264
    -0.01494634    -0.01489655    -0.00004979
    -0.02587000    -0.02578704    -0.00008296
    -0.02748236    -0.02751982     0.00003746
    -0.01853808    -0.01846307    -0.00007502
    -0.02577533    -0.02579893     0.00002360
    -0.01641279    -0.01646976     0.00005697
    -0.01934545    -0.01936524     0.00001979
    -0.02488342    -0.02502346     0.00014003
    -0.02126641    -0.02121726    -0.00004914
     0.02714268     0.02711044     0.00003224
     0.02792781     0.02802557    -0.00009777
    -0.01208485    -0.01211732     0.00003247
     0.01066447     0.01068267    -0.00001820
    -0.03421225    -0.03421303     0.00000078
    -0.01890261    -0.01895524     0.00005263
    -0.00715774    -0.00714967    -0.00000807
    -0.00795533    -0.00794951    -0.00000582
     0.02671913     0.02674692    -0.00002779
     0.03437416     0.03450852    -0.00013436
    -0.02034255    -0.02030099    -0.00004156
    -0.00472735    -0.00474155     0.00001420
    -0.02312791    -0.02323175     0.00010384
    -0.02540545    -0.02535896    -0.00004649
     0.03615898     0.03617376    -0.00001478
    -0.02840754    -0.02838825    -0.00001929
     0.01025823     0.01029168    -0.00003345
    -0.02090779    -0.02094636     0.00003858
    -0.02901226    -0.02897736    -0.00003490
    -0.01402820    -0.01414709     0.00011889
    -0.02667619    -0.02673091     0.00005471
     0.01459205     0.01461258    -0.00002053
    -0.01992652    -0.01997629     0.00004977
    -0.01986736    -0.01997696     0.00010960
    -0.01652183    -0.01660628     0.00008445
     0.01982537     0.01980927     0.00001610
    -0.00150471    -0.00144584    -0.00005887
     0.03589190     0.03594292    -0.00005102
    -0.02634800    -0.02639037     0.00004237
    -0.01013496    -0.01020531     0.00007035
    -0.02431577    -0.02430813    -0.00000764
     0.02512226     0.02516996    -0.00004770
    -0.03442273    -0.03447214     0.00004941
    -0.03322859    -0.03321205    -0.00001653
    -0.02555100    -0.02558639     0.00003539
    -0.02425318    -0.02425132    -0.00000187
     0.01091865     0.01090106     0.00001759
    -0.03580191    -0.03584213     0.00004022
    -0.01572453    -0.01579313     0.00006859
    -0.00000961    -0.00006000     0.00005040
    -0.00522404    -0.00531300     0.00008896
     0.00692658     0.00705672    -0.00013015
    -0.03286452    -0.03285775    -0.00000678
    -0.03587555    -0.03594243     0.00006688
     0.02124662     0.02130605    -0.00005943
     0.00603804     0.00602872     0.00000932
    -0.03032227    -0.03035943     0.00003716
    -0.01930803    -0.01941129     0.00010326
    -0.02511350    -0.02514926     0.00003577
    -0.01548619    -0.01557148     0.00008529
    -0.04927424    -0.04924566    -0.00002858
    -0.04318423    -0.04317977    -0.00000446
    -0.00273790    -0.00281875     0.00008085
    -0.03473261    -0.03479087     0.00005825
     0.00048142     0.00044834     0.00003308
    -0.00695305    -0.00693202    -0.00002104
    -0.02622435    -0.02628022     0.00005588
    -0.01634406    -0.01637325     0.00002920
     0.00395537     0.00404374    -0.00008837
    -0.01684554    -0.01693560     0.00009006
    -0.00817686    -0.00822297     0.00004611
    -0.02605866    -0.02607632     0.00001766
     0.04141246     0.04138770     0.00002477
     0.00943158     0.00950898    -0.00007740
    -0.01976009    -0.01962957    -0.00013052
    -0.01587814    -0.01590505     0.00002690
    -0.02772108    -0.02773341     0.00001233
     0.01018996     0.01035370    -0.00016374
    -0.00092132    -0.00086307    -0.00005825
     0.01576840     0.01580725    -0.00003885
     0.02275634     0.02270210     0.00005424
    -0.00565591    -0.00575722     0.00010131
    -0.00315690    -0.00312460    -0.00003231
    -0.01043187    -0.01056066     0.00012880
    -0.00609704    -0.00605025    -0.00004679
    -0.00117156    -0.00114447    -0.00002709
    -0.00116408    -0.00111258    -0.00005150
    -0.00091096    -0.00084812    -0.00006284
    -0.00085672    -0.00092878     0.00007206
     0.02845925     0.02823692     0.00022233
     0.02639415     0.02642441    -0.00003026
    -0.03335874    -0.03340256     0.00004382
    -0.00086603    -0.00092930     0.00006327
    -0.00086595    -0.00092930     0.00006335
    -0.00112533    -0.00106944    -0.00005589
    -0.03227583    -0.03225867    -0.00001717
    -0.03227583    -0.03225867    -0.00001717
    -0.00082524    -0.00082072    -0.00000452
    -0.02521061    -0.02518019    -0.00003042
    -0.00335397    -0.00326357    -0.00009040
    -0.00038559    -0.00048252     0.00009693
    -0.00056543    -0.00061495     0.00004953
    -0.02639771    -0.02641905     0.00002134
    -0.00091974    -0.00088829    -0.00003146
    -0.00099150    -0.00096080    -0.00003070
    -0.00097716    -0.00091786    -0.00005930
     0.01531598     0.01538456    -0.00006858
    -0.00088252    -0.00092786     0.00004534
    -0.02721073    -0.02721032    -0.00000042
     0.00489797     0.00488506     0.00001291
    -0.00048491    -0.00043669    -0.00004822
    -0.02010609    -0.02016754     0.00006145
     0.02828273     0.02802864     0.00025409
    -0.00089730    -0.00092308     0.00002579
    -0.03185000    -0.03182499    -0.00002502
    -0.00091294    -0.00090953    -0.00000341
     0.02506231     0.02498649     0.00007583
     0.03203858     0.03207406    -0.00003548
     0.00171489     0.00182945    -0.00011456
     0.00005508     0.00010966    -0.00005458
    -0.02018405    -0.02008827    -0.00009577
     0.02823255     0.02802552     0.00020702
     0.02475319     0.02472237     0.00003082
    -0.03209191    -0.03208475    -0.00000716
     0.00362994     0.00355157     0.00007838
     0.01118603     0.01111401     0.00007202
     0.01137431     0.01138923    -0.00001492
     0.02140962     0.02143710    -0.00002748
     0.03136052     0.03125436     0.00010616
     0.03431718     0.03440722    -0.00009004
    -0.03430373    -0.03432337     0.00001964
    -0.00117757    -0.00116499    -0.00001258
    -0.00047103    -0.00047347     0.00000244
    -0.00043435    -0.00048853     0.00005418
    -0.02948318    -0.02947893    -0.00000425
     0.04809811     0.04829332    -0.00019521
     0.00978015     0.00971356     0.00006659
     0.01493652     0.01505943    -0.00012291
    -0.00090581    -0.00089163    -0.00001418
     0.00006955     0.00001889     0.00005066
    -0.02398564    -0.02361532    -0.00037032
     0.01704578     0.01683136     0.00021442
    -0.03822764    -0.03829035     0.00006271
    -0.00074954    -0.00076916     0.00001962
    -0.02379856    -0.02376732    -0.00003124
     0.01479132     0.01472975     0.00006157
    -0.02923393    -0.02914870    -0.00008522
    -0.00083090    -0.00083263     0.00000173
     0.00715347     0.00717319    -0.00001972
    -0.03183324    -0.03182474    -0.00000850
    -0.00070698    -0.00073593     0.00002895
    -0.00016942    -0.00017420     0.00000478
     0.01749899     0.01735837     0.00014062
     0.01901464     0.01900827     0.00000637
     0.01502964     0.01494024     0.00008939
    -0.02736682    -0.02751671     0.00014989
     0.02787077     0.02790691    -0.00003614
     0.01820164     0.01825209    -0.00005044
     0.01386534     0.01389322    -0.00002787
     0.04242941     0.04242128     0.00000813
     0.01980632     0.01983894    -0.00003262
    -0.03587544    -0.03590540     0.00002996
     0.01538388     0.01546385    -0.00007998
     0.01084273     0.01078152     0.00006121
    -0.00005293    -0.00008253     0.00002960
    -0.01253093    -0.01231969    -0.00021123
     0.00778186     0.00764285     0.00013901
    -0.02273764    -0.02276107     0.00002343
     0.02621569     0.02606268     0.00015302
    -0.02538428    -0.02530345    -0.00008083
     0.02076868     0.02087215    -0.00010347
     0.01452095     0.01445256     0.00006839
     0.01023186     0.01014939     0.00008247
     0.00597323     0.00594840     0.00002483
     0.01314141     0.01302929     0.00011212
    -0.03519649    -0.03524913     0.00005265
    -0.03099693    -0.03095106    -0.00004586
    -0.00301742    -0.00304734     0.00002992
     0.04506252     0.04519198    -0.00012946
    -0.00003586    -0.00009716     0.00006129
    -0.00909856    -0.00919301     0.00009444
     0.02456892     0.02455221     0.00001671
     0.00170098     0.00168371     0.00001727
     0.02875778     0.02878546    -0.00002768
    -0.03088201    -0.03084333    -0.00003868
     0.02398991     0.02399533    -0.00000542
    -0.01840736    -0.01842444     0.00001708
    -0.01840774    -0.01842444     0.00001670
    -0.01736130    -0.01737087     0.00000957
     0.00726160     0.00715297     0.00010863
    -0.03482562    -0.03486887     0.00004325
    -0.03124020    -0.03119910    -0.00004110
     0.01963922     0.01953513     0.00010409
    -0.01047138    -0.01049607     0.00002469
     0.02923401     0.02920917     0.00002484
    -0.01529666    -0.01533845     0.00004179
    -0.01529683    -0.01533845     0.00004163
    -0.00707208    -0.00707621     0.00000414
    -0.03396332    -0.03404531     0.00008199
    -0.02181360    -0.02180552    -0.00000808
    -0.03276667    -0.03283747     0.00007080
    -0.03190704    -0.03203037     0.00012333
     0.00181543     0.00173454     0.00008090
    -0.01760326    -0.01762217     0.00001891
    -0.01604694    -0.01607885     0.00003192
    -0.01010873    -0.01005485    -0.00005388
    -0.01681582    -0.01684017     0.00002435
    -0.01681626    -0.01684017     0.00002392
    -0.01175282    -0.01170774    -0.00004508
    -0.02349766    -0.02345440    -0.00004326
     0.00527539     0.00518337     0.00009202
     0.03032385     0.03032684    -0.00000299
    -0.01666085    -0.01666261     0.00000176
     0.01669650     0.01666796     0.00002854
     0.01274492     0.01274309     0.00000183
     0.00437276     0.00432701     0.00004575
    -0.01360210    -0.01358725    -0.00001485
    -0.03207360    -0.03208865     0.00001505
    -0.00774197    -0.00771125    -0.00003072
     0.01202384     0.01217917    -0.00015532
     0.01303736     0.01302435     0.00001300
    -0.01590658    -0.01590315    -0.00000343
     0.00404171     0.00403117     0.00001054
    -0.00789794    -0.00785899    -0.00003895
    -0.02822509    -0.02820258    -0.00002252
     0.00711866     0.00706750     0.00005116
    -0.01214180    -0.01218952     0.00004772
    -0.01544456    -0.01545937     0.00001481
    -0.01523854    -0.01524888     0.00001034
     0.01962629     0.01960917     0.00001712
     0.00488341     0.00484798     0.00003543
    -0.01135183    -0.01132358    -0.00002825
    -0.01394281    -0.01392740    -0.00001542
    -0.01495040    -0.01494116    -0.00000923
    -0.01121003    -0.01120901    -0.00000102
    -0.02176533    -0.02175496    -0.00001037
    -0.02126047    -0.02127688     0.00001641
    -0.00932434    -0.00928735    -0.00003698
     0.02914209     0.02935264    -0.00021055
    -0.01295281    -0.01293310    -0.00001971
    -0.01056643    -0.01055249    -0.00001394
    -0.01149746    -0.01146906    -0.00002841
     0.01600557     0.01604687    -0.00004130
    -0.01323627    -0.01321242    -0.00002385
    -0.00405031    -0.00396729    -0.00008302
    -0.03047259    -0.03049469     0.00002210
    -0.01117612    -0.01115733    -0.00001880
     0.01147589     0.01149258    -0.00001670
    -0.01187943    -0.01184660    -0.00003283
     0.02843057     0.02862279    -0.00019222
     0.01312013     0.01310095     0.00001918
     0.00867907     0.00867837     0.00000070
    -0.03547870    -0.03546635    -0.00001235
     0.00297788     0.00307122    -0.00009334
    -0.00225531    -0.00233475     0.00007944
     0.02806041     0.02794387     0.00011654
     0.01991454     0.01977139     0.00014315
     0.02835584     0.02826213     0.00009371
     0.01194313     0.01188206     0.00006107
    -0.00721192    -0.00712866    -0.00008325
    -0.03831706    -0.03836054     0.00004348
    -0.04286245    -0.04292225     0.00005980
    -0.04102146    -0.04106351     0.00004205
     0.00234451     0.00225175     0.00009275
     0.01330242     0.01324875     0.00005367
    -0.04163965    -0.04156723    -0.00007242
    -0.03473397    -0.03469800    -0.00003598
    -0.04435298    -0.04429890    -0.00005409
    -0.04563515    -0.04560490    -0.00003026
     0.02835758     0.02840132    -0.00004373
    -0.01727858    -0.01729345     0.00001488
    -0.03097995    -0.03104950     0.00006956
    -0.00066578    -0.00066725     0.00000147
    -0.03891650    -0.03891880     0.00000230
    -0.02322897    -0.02322064    -0.00000833
    -0.03441231    -0.03445431     0.00004201
    -0.01894114    -0.01898535     0.00004421
    -0.00123281    -0.00120800    -0.00002481
    -0.00530666    -0.00543107     0.00012441
    -0.01638887    -0.01628928    -0.00009959
    -0.00280702    -0.00279320    -0.00001382
     0.02867939     0.02874325    -0.00006387
     0.02815483     0.02806935     0.00008548
     0.02846314     0.02839401     0.00006913
    -0.01628035    -0.01627915    -0.00000121
     0.02221665     0.02230490    -0.00008824
     0.02287356     0.02302762    -0.00015405
    -0.00571167    -0.00573281     0.00002114
    -0.01480025    -0.01484759     0.00004735
    -0.00070431    -0.00052618    -0.00017814
    -0.00070431    -0.00052618    -0.00017814
     0.02590761     0.02582885     0.00007876
    -0.02510484    -0.02510047    -0.00000438
    -0.00173633    -0.00175230     0.00001596
     0.01322579     0.01315410     0.00007169
     0.00307891     0.00308086    -0.00000195
    -0.00187353    -0.00189500     0.00002147
     0.03278371     0.03271677     0.00006694
     0.01727128     0.01717773     0.00009355
    -0.02034555    -0.02040917     0.00006363
    -0.00111648    -0.00097476    -0.00014172
     0.02689895     0.02701964    -0.00012070
    -0.00439894    -0.00441783     0.00001889
     0.02074555     0.02076880    -0.00002325
    -0.00060850    -0.00045800    -0.00015050
    -0.00060877    -0.00045800    -0.00015077
    -0.01944607    -0.01952299     0.00007692
    -0.02480176    -0.02468732    -0.00011444
     0.00322869     0.00322642     0.00000227
     0.00401607     0.00397457     0.00004150
     0.02937589     0.02942162    -0.00004573
    -0.00943329    -0.00938735    -0.00004594
     0.00338110     0.00337402     0.00000707
    -0.00066711    -0.00050100    -0.00016611
    -0.00066711    -0.00050100    -0.00016611
     0.02892755     0.02916170    -0.00023414
     0.03405919     0.03408411    -0.00002493
     0.00385379     0.00382408     0.00002971
    -0.00283907    -0.00284996     0.00001089
     0.00353636     0.00352320     0.00001317
    -0.05094361    -0.05093558    -0.00000803
     0.00369392     0.00367341     0.00002051
    -0.00256954    -0.00262074     0.00005120
     0.00420661     0.00437614    -0.00016953
     0.02007977     0.02019542    -0.00011565
    -0.00138852    -0.00121318    -0.00017534
    -0.02641616    -0.02638773    -0.00002843
    -0.00203340    -0.00213572     0.00010232
    -0.03276254    -0.03271661    -0.00004593
    -0.03394593    -0.03404098     0.00009505
    -0.00711338    -0.00714320     0.00002982
     0.01458533     0.01450109     0.00008424
     0.01815568     0.01803059     0.00012510
    -0.03487379    -0.03489751     0.00002373
    -0.00582076    -0.00583632     0.00001556
     0.00746787     0.00760842    -0.00014055
    -0.01687530    -0.01693071     0.00005540
    -0.01674975    -0.01678338     0.00003363
    -0.00227027    -0.00231123     0.00004095
     0.03046404     0.03041052     0.00005353
     0.01888688     0.01892606    -0.00003918
     0.00316169     0.00308509     0.00007660
    -0.00060181    -0.00072937     0.00012756
     0.01473211     0.01472107     0.00001104
    -0.02608791    -0.02599253    -0.00009538
     0.01404641     0.01394503     0.00010138
     0.01851672     0.01809583     0.00042089
     0.00401047     0.00401721    -0.00000674
    -0.00445216    -0.00447770     0.00002553
    -0.01837977    -0.01843773     0.00005797
     0.01597297     0.01589241     0.00008057
     0.01159600     0.01153050     0.00006550
     0.01386260     0.01399974    -0.00013714
     0.00532159     0.00548360    -0.00016201
    -0.00125581    -0.00119344    -0.00006237
    -0.00036836    -0.00039360     0.00002524
    -0.01923418    -0.01931054     0.00007636
     0.04727622     0.04729053    -0.00001431
    -0.01834964    -0.01837441     0.00002477
     0.01260325     0.01261336    -0.00001010
     0.01769437     0.01761946     0.00007491
     0.00074935     0.00077782    -0.00002847
    -0.00030931    -0.00032858     0.00001927
     0.00252865     0.00252183     0.00000681
    -0.01933951    -0.01942684     0.00008732
     0.00357155     0.00354452     0.00002703
     0.01415860     0.01409400     0.00006460
     0.02152260     0.02154248    -0.00001988
     0.01057595     0.01042202     0.00015393
    -0.01538461    -0.01535773    -0.00002688
    -0.02058155    -0.02067361     0.00009206
     0.02422994     0.02428662    -0.00005668
     0.00508211     0.00508930    -0.00000719
    -0.01835677    -0.01844854     0.00009177
     0.00403958     0.00393850     0.00010108
    -0.01589782    -0.01587584    -0.00002198
    -0.01309605    -0.01305847    -0.00003758
     0.03307400     0.03299264     0.00008135
    -0.00310436    -0.00311235     0.00000799
     0.02967372     0.02959871     0.00007501
     0.04478341     0.04482006    -0.00003665
     0.02769817     0.02771452    -0.00001635
     0.04119442     0.04136683    -0.00017241
    -0.01661269    -0.01653699    -0.00007570
     0.02351970     0.02360540    -0.00008570
    -0.01743700    -0.01745164     0.00001464
    -0.01743727    -0.01745165     0.00001437
    -0.01234559    -0.01224971    -0.00009588
    -0.00449475    -0.00450323     0.00000848
    -0.00118770    -0.00110923    -0.00007846
    -0.00627228    -0.00620010    -0.00007218
     0.00422342     0.00429241    -0.00006898
    -0.02622021    -0.02632073     0.00010052
    -0.02622013    -0.02632073     0.00010060
    -0.01137235    -0.01136760    -0.00000475
    -0.01137235    -0.01136760    -0.00000475
    -0.00138384    -0.00130924    -0.00007459
    -0.00616218    -0.00608628    -0.00007590
    -0.00050861    -0.00042888    -0.00007973
    -0.00050861    -0.00042888    -0.00007973
     0.03695246     0.03683251     0.00011995
    -0.01553784    -0.01554885     0.00001101
     0.02725169     0.02719050     0.00006119
     0.03749612     0.03739641     0.00009971
     0.00446903     0.00454508    -0.00007605
    -0.01675859    -0.01677071     0.00001212
    -0.00173157    -0.00165118    -0.00008039
    -0.04568533    -0.04550833    -0.00017700
     0.01954662     0.01946253     0.00008409
    -0.01174794    -0.01174366    -0.00000428
    -0.01174794    -0.01174366    -0.00000428
    -0.00156885    -0.00148576    -0.00008308
    -0.00090562    -0.00083132    -0.00007430
    -0.00379060    -0.00370213    -0.00008847
    -0.01678534    -0.01679756     0.00001221
    -0.00090589    -0.00083132    -0.00007457
    -0.01678562    -0.01679756     0.00001194
    -0.01088137    -0.01090585     0.00002447
    -0.01971767    -0.01960781    -0.00010986
    -0.00107681    -0.00099429    -0.00008252
    -0.00170177    -0.00162092    -0.00008085
     0.00166760     0.00167226    -0.00000466
    -0.01087745    -0.01090177     0.00002432
    -0.00075691    -0.00067899    -0.00007792
    -0.00075691    -0.00067899    -0.00007792
    -0.00164637    -0.00156451    -0.00008186
    -0.00152664    -0.00144436    -0.00008228
    -0.01214425    -0.01214045    -0.00000380
    -0.01214425    -0.01214045    -0.00000380
     0.01922648     0.01915499     0.00007149
    -0.00157973    -0.00149749    -0.00008224
    -0.00156289    -0.00148049    -0.00008240
    -0.01616269    -0.01617287     0.00001018
     0.03636990     0.03629797     0.00007193
    -0.00062684    -0.00054512    -0.00008172
    -0.00062684    -0.00054512    -0.00008172
    -0.01255367    -0.01255000    -0.00000368
    -0.00145320    -0.00137008    -0.00008311
    -0.00130985    -0.00122546    -0.00008439
    -0.00513612    -0.00514216     0.00000604
    -0.00135211    -0.00126782    -0.00008429
     0.01024272     0.01023485     0.00000787
    -0.00142030    -0.00133639    -0.00008391
    -0.01256238    -0.01255890    -0.00000348
    -0.01272189    -0.01271710    -0.00000479
    -0.01256265    -0.01255890    -0.00000375
     0.03410408     0.03400388     0.00010021
    -0.01556897    -0.01557691     0.00000795
    -0.01556897    -0.01557691     0.00000795
    -0.01068436    -0.01059915    -0.00008521
    -0.01422957    -0.01423140     0.00000183
    -0.01500330    -0.01500894     0.00000564
    -0.01500330    -0.01500894     0.00000564
    -0.01300293    -0.01299996    -0.00000298
    -0.01300293    -0.01299996    -0.00000298
    -0.00543972    -0.00544526     0.00000554
    -0.01446503    -0.01446814     0.00000311
    -0.01446503    -0.01446814     0.00000311
     0.01015238     0.01019042    -0.00003804
    -0.01346626    -0.01346456    -0.00000170
    -0.01346626    -0.01346456    -0.00000170
    -0.01395324    -0.01395364     0.00000041
    -0.01395324    -0.01395364     0.00000040
    -0.00585347    -0.00586001     0.00000654
    -0.00580533    -0.00581134     0.00000601
    -0.00958170    -0.00959869     0.00001699
    -0.00256960    -0.00245766    -0.00011194
    -0.00619247    -0.00619879     0.00000632
    -0.00665416    -0.00666159     0.00000743
    -0.00901810    -0.00903182     0.00001372
    -0.00660159    -0.00660866     0.00000706
    -0.00854938    -0.00856147     0.00001209
    -0.00703480    -0.00704201     0.00000721
    -0.00803805    -0.00804768     0.00000962
    -0.00858925    -0.00844787    -0.00014137
    -0.00848301    -0.00849376     0.00001074
    -0.00749246    -0.00749992     0.00000746
    -0.00797481    -0.00798348     0.00000866
    -0.02064250    -0.02057807    -0.00006444
    -0.00604283    -0.00592197    -0.00012087
     0.04082715     0.04072238     0.00010476
     0.00188278     0.00204455    -0.00016177
    -0.04834312    -0.04843680     0.00009368
     0.01090034     0.01088124     0.00001910
    -0.01024566    -0.01026834     0.00002268
    -0.01251207    -0.01251401     0.00000195
     0.00784246     0.00801581    -0.00017335
    -0.02041249    -0.02050698     0.00009450
     0.04106244     0.04099585     0.00006659
    -0.01565501    -0.01567695     0.00002194
    -0.02139082    -0.02138509    -0.00000573
    -0.02661769    -0.02669859     0.00008090
    -0.01024095    -0.01022991    -0.00001104
    -0.00724745    -0.00728872     0.00004126
    -0.00474787    -0.00474382    -0.00000405
     0.03413467     0.03404215     0.00009252
    -0.02166481    -0.02178390     0.00011910
    -0.00667795    -0.00672811     0.00005016
    -0.01624403    -0.01615058    -0.00009345
    -0.01509878    -0.01509167    -0.00000711
    -0.00722438    -0.00719874    -0.00002564
    -0.02554521    -0.02550130    -0.00004391
     0.03972511     0.03965641     0.00006870
     0.03555894     0.03547315     0.00008579
    -0.01438587    -0.01438252    -0.00000335
    -0.01192381    -0.01193332     0.00000951
     0.01673851     0.01675506    -0.00001655
    -0.01924158    -0.01927647     0.00003490
    -0.00817240    -0.00818999     0.00001760
     0.03835872     0.03828571     0.00007301
     0.03696836     0.03688945     0.00007890
    -0.01794101    -0.01798738     0.00004637
    -0.00727347    -0.00724892    -0.00002455
     0.03525537     0.03529611    -0.00004074
    -0.00959882    -0.00957721    -0.00002161
     0.02621194     0.02613738     0.00007456
    -0.00517408    -0.00516713    -0.00000695
     0.03572368     0.03562464     0.00009904
    -0.01234853    -0.01243957     0.00009104
    -0.00715502    -0.00712931    -0.00002570
    -0.01423248    -0.01422649    -0.00000599
    -0.00951016    -0.00950522    -0.00000494
    -0.00533528    -0.00532814    -0.00000714
    -0.01009036    -0.01008822    -0.00000214
    -0.00416925    -0.00420898     0.00003973
    -0.01343853    -0.01343393    -0.00000460
    -0.00992897    -0.00995136     0.00002239
    -0.00463951    -0.00466052     0.00002101
    -0.01057448    -0.01056140    -0.00001308
    -0.00900142    -0.00899502    -0.00000640
    -0.00460621    -0.00462899     0.00002279
    -0.00898501    -0.00900784     0.00002284
    -0.00600436    -0.00595393    -0.00005043
    -0.03513893    -0.03517821     0.00003928
    -0.01614653    -0.01616812     0.00002159
     0.00421855     0.00426382    -0.00004527
    -0.00363419    -0.00359174    -0.00004245
    -0.00929552    -0.00932067     0.00002515
    -0.02180576    -0.02171991    -0.00008585
    -0.01304723    -0.01304033    -0.00000691
    -0.02860390    -0.02855955    -0.00004435
    -0.00482526    -0.00484486     0.00001960
    -0.01029842    -0.01029592    -0.00000251
    -0.01013368    -0.01012658    -0.00000710
     0.00862195     0.00865286    -0.00003090
    -0.01922569    -0.01924684     0.00002115
    -0.00405583    -0.00411795     0.00006212
     0.01256537     0.01249318     0.00007220
    -0.02192636    -0.02193700     0.00001064
    -0.00853003    -0.00847812    -0.00005192
    -0.01033731    -0.01035361     0.00001631
     0.02262597     0.02251988     0.00010609
    -0.00879428    -0.00878513    -0.00000916
     0.00495917     0.00501052    -0.00005136
    -0.01194041    -0.01193882    -0.00000160
    -0.00505517    -0.00512068     0.00006551
    -0.01020177    -0.01021470     0.00001294
    -0.01093547    -0.01094189     0.00000642
    -0.00561074    -0.00562650     0.00001575
    -0.01128154    -0.01128397     0.00000242
    -0.00448933    -0.00452094     0.00003161
     0.00668020     0.00669764    -0.00001743
    -0.01391027    -0.01385038    -0.00005989
    -0.00662347    -0.00661858    -0.00000489
    -0.00499408    -0.00504114     0.00004706
    -0.01905102    -0.01908279     0.00003177
    -0.00898721    -0.00898127    -0.00000594
     0.03474176     0.03477225    -0.00003050
     0.00588852     0.00586802     0.00002050
    -0.00904920    -0.00904397    -0.00000523
     0.02454941     0.02452641     0.00002299
    -0.00840070    -0.00839346    -0.00000724
    -0.00875066    -0.00874611    -0.00000456
    -0.00696987    -0.00697168     0.00000181
    -0.00573469    -0.00577679     0.00004210
    -0.00581638    -0.00585229     0.00003591
    -0.00715230    -0.00718193     0.00002964
    -0.00852639    -0.00854029     0.00001390
     0.00243575     0.00246188    -0.00002613
    -0.00867453    -0.00868037     0.00000584
    -0.00826097    -0.00826907     0.00000810
     0.01121955     0.01120845     0.00001110
     0.02425329     0.02413421     0.00011908
     0.01666836     0.01661470     0.00005366
    -0.00919157    -0.00915171    -0.00003986
    -0.00582860    -0.00585454     0.00002595
    -0.03887315    -0.03886503    -0.00000813
    -0.00387830    -0.00384452    -0.00003378
    -0.00398203    -0.00396309    -0.00001894
    -0.01789445    -0.01806265     0.00016820
    -0.00447837    -0.00449508     0.00001671
    -0.00485299    -0.00488131     0.00002833
    -0.03050184    -0.03031842    -0.00018342
    -0.00640238    -0.00643336     0.00003098
    -0.00489046    -0.00490331     0.00001286
    -0.00480599    -0.00485101     0.00004501
    -0.00480599    -0.00485101     0.00004501
    -0.00506681    -0.00509940     0.00003258
    -0.00510094    -0.00506482    -0.00003611
    -0.00630414    -0.00633096     0.00002682
    -0.00447108    -0.00446719    -0.00000389
    -0.00392184    -0.00388182    -0.00004002
    -0.03377205    -0.03374634    -0.00002571
    -0.00645277    -0.00648108     0.00002831
    -0.02499714    -0.02506033     0.00006319
    -0.00638515    -0.00641431     0.00002916
    -0.00350390    -0.00349823    -0.00000567
    -0.00405746    -0.00403736    -0.00002011
    -0.00595146    -0.00597508     0.00002363
    -0.03159149    -0.03154578    -0.00004571
    -0.02957687    -0.02959481     0.00001794
    -0.00579363    -0.00581824     0.00002461
    -0.00465815    -0.00460470    -0.00005345
     0.02953886     0.02968913    -0.00015028
    -0.03366476    -0.03360451    -0.00006024
    -0.00408579    -0.00403698    -0.00004881
    -0.00625285    -0.00627593     0.00002308
     0.02779605     0.02786682    -0.00007077
    -0.00413167    -0.00408353    -0.00004814
    -0.00564089    -0.00564036    -0.00000053
    -0.00416549    -0.00414364    -0.00002186
    -0.00432933    -0.00427281    -0.00005652
    -0.00409491    -0.00405693    -0.00003798
    -0.00613296    -0.00615310     0.00002014
    -0.00535019    -0.00536859     0.00001840
    -0.00588920    -0.00591041     0.00002122
    -0.00568098    -0.00570458     0.00002360
    -0.00488986    -0.00490993     0.00002007
    -0.00448838    -0.00449516     0.00000677
    -0.00418084    -0.00414033    -0.00004051
    -0.04161429    -0.04166430     0.00005001
    -0.00514409    -0.00511715    -0.00002694
    -0.00597132    -0.00598962     0.00001829
    -0.00588939    -0.00590205     0.00001266
    -0.00427548    -0.00424771    -0.00002777
    -0.00468969    -0.00470337     0.00001368
     0.04594977     0.04592995     0.00001982
    -0.05363386    -0.05362933    -0.00000453
    -0.00557289    -0.00559577     0.00002288
    -0.03155683    -0.03156288     0.00000605
    -0.00430242    -0.00427674    -0.00002568
    -0.03784497    -0.03787512     0.00003015
    -0.04089224    -0.04091831     0.00002607
    -0.00579235    -0.00580217     0.00000982
    -0.00476071    -0.00472180    -0.00003891
    -0.00509329    -0.00506789    -0.00002540
    -0.00585706    -0.00587230     0.00001524
    -0.00446457    -0.00442436    -0.00004021
    -0.00438052    -0.00434788    -0.00003263
    -0.00380418    -0.00379782    -0.00000635
    -0.00526361    -0.00524848    -0.00001513
    -0.00477709    -0.00474118    -0.00003591
    -0.00445097    -0.00443487    -0.00001610
    -0.00524856    -0.00527419     0.00002563
    -0.00476167    -0.00477154     0.00000987
    -0.00483971    -0.00485237     0.00001266
    -0.00529090    -0.00528008    -0.00001083
    -0.00560043    -0.00561596     0.00001553
    -0.00478588    -0.00479486     0.00000898
    -0.00494953    -0.00494824    -0.00000130
    -0.00485315    -0.00485642     0.00000327
    -0.00553398    -0.00553690     0.00000292
    -0.02528702    -0.02528681    -0.00000022
     0.03155386     0.03138696     0.00016690
    -0.00455872    -0.00453520    -0.00002352
    -0.00542979    -0.00544246     0.00001267
    -0.00517618    -0.00519601     0.00001983
    -0.00532121    -0.00531587    -0.00000534
     0.02235859     0.02233170     0.00002689
    -0.00517648    -0.00519225     0.00001577
    -0.00535594    -0.00536114     0.00000521
    -0.00492015    -0.00492726     0.00000711
    -0.00411439    -0.00410935    -0.00000504
    -0.00489002    -0.00489236     0.00000233
    -0.00509299    -0.00510306     0.00001007
    -0.00445595    -0.00445176    -0.00000418
    -0.02451174    -0.02454078     0.00002904
    -0.02849702    -0.02851847     0.00002146
     0.00038975     0.00034638     0.00004337
    -0.03146472    -0.03154922     0.00008450
    -0.00931677    -0.00927483    -0.00004194
    -0.03138858    -0.03147217     0.00008359
    -0.05137746    -0.05134820    -0.00002927
    -0.03284376    -0.03289730     0.00005354
    -0.05797778    -0.05791203    -0.00006575
    -0.00058352    -0.00063498     0.00005146
    -0.00100728    -0.00099632    -0.00001096
     0.03609520     0.03615018    -0.00005499
     0.00015696     0.00014587     0.00001109
    -0.00909704    -0.00914439     0.00004735
    -0.00052379    -0.00064666     0.00012287
     0.02087769     0.02093044    -0.00005275
     0.02702904     0.02716201    -0.00013297
     0.03497814     0.03504468    -0.00006654
     0.03630004     0.03627354     0.00002650
     0.00651536     0.00638880     0.00012655
    -0.00069460    -0.00078087     0.00008627
     0.03917672     0.03922891    -0.00005218
     0.02596660     0.02603958    -0.00007298
     0.03294025     0.03303693    -0.00009667
    -0.00004669    -0.00015987     0.00011317
    -0.00103871    -0.00103175    -0.00000696
    -0.03612015    -0.03604799    -0.00007216
     0.03486483     0.03494358    -0.00007875
     0.03019454     0.03033396    -0.00013942
    -0.00050428    -0.00061992     0.00011564
     0.03544819     0.03547481    -0.00002662
    -0.00120353    -0.00125743     0.00005390
    -0.00022760    -0.00022115    -0.00000645
     0.02694673     0.02706612    -0.00011939
    -0.00031307    -0.00032987     0.00001680
    -0.00064701    -0.00071109     0.00006408
    -0.00052202    -0.00060497     0.00008295
    -0.00014999    -0.00020870     0.00005871
     0.02421832     0.02423781    -0.00001948
    -0.00129246    -0.00131960     0.00002714
     0.03508652     0.03515261    -0.00006608
    -0.00031688    -0.00033657     0.00001970
     0.03207866     0.03217049    -0.00009183
     0.03950266     0.03952666    -0.00002400
    -0.00024088    -0.00024537     0.00000449
     0.01832627     0.01829426     0.00003201
    -0.01433711    -0.01416897    -0.00016814
     0.00013812     0.00011247     0.00002565
     0.03610341     0.03614174    -0.00003832
    -0.03509760    -0.03505701    -0.00004058
    -0.03465136    -0.03459343    -0.00005793
    -0.00111322    -0.00118158     0.00006836
     0.03200677     0.03204034    -0.00003357
    -0.00069588    -0.00079290     0.00009702
    -0.00054325    -0.00056315     0.00001990
    -0.00054540    -0.00056069     0.00001530
     0.00000218    -0.00009337     0.00009555
     0.00011026     0.00007181     0.00003845
    -0.00033429    -0.00036620     0.00003191
    -0.00116070    -0.00121769     0.00005699
    -0.00058744    -0.00062650     0.00003906
    -0.00033960    -0.00037432     0.00003472
     0.03070176     0.03080759    -0.00010583
    -0.00064480    -0.00064900     0.00000419
    -0.00056586    -0.00060223     0.00003637
     0.00007886     0.00002368     0.00005517
     0.03732327     0.03737659    -0.00005331
    -0.00094647    -0.00103730     0.00009083
    -0.00043952    -0.00052988     0.00009036
     0.00004408    -0.00003166     0.00007574
     0.03889688     0.03900426    -0.00010738
     0.03330478     0.03341091    -0.00010613
    -0.00043165    -0.00051771     0.00008606
    -0.00108435    -0.00109571     0.00001136
    -0.00040221    -0.00047137     0.00006915
    -0.00021976    -0.00024308     0.00002332
    -0.00039497    -0.00046040     0.00006543
    -0.00019677    -0.00023367     0.00003690
    -0.00053696    -0.00061708     0.00008012
    -0.00316809    -0.00324031     0.00007222
     0.01551683     0.01536779     0.00014904
    -0.00074614    -0.00088276     0.00013662
     0.03046538     0.03053230    -0.00006692
     0.02497692     0.02498806    -0.00001114
     0.03244125     0.03241727     0.00002398
    -0.00099186    -0.00100543     0.00001357
    -0.00077778    -0.00083486     0.00005708
    -0.00054521    -0.00062258     0.00007737
    -0.00102024    -0.00109899     0.00007875
    -0.00012819    -0.00021745     0.00008925
     0.03423998     0.03436245    -0.00012247
    -0.00056281    -0.00063220     0.00006939
    -0.00098078    -0.00106058     0.00007980
    -0.00061299    -0.00064738     0.00003439
    -0.00056665    -0.00063778     0.00007113
    -0.00096845    -0.00105040     0.00008195
    -0.00061958    -0.00069317     0.00007360
    -0.00088655    -0.00097384     0.00008729
    -0.00020093    -0.00023533     0.00003440
    -0.00060507    -0.00064644     0.00004137
     0.02853076     0.02857628    -0.00004552
    -0.00058635    -0.00064384     0.00005748
    -0.00081016    -0.00087937     0.00006920
    -0.00085411    -0.00090165     0.00004754
    -0.00016583    -0.00023335     0.00006752
    -0.00086706    -0.00092334     0.00005628
    -0.00089808    -0.00095044     0.00005236
     0.02915820     0.02919443    -0.00003623
     0.03944160     0.03950097    -0.00005937
     0.00006307     0.00005738     0.00009170     0.00010900     0.00042089
