    -0.00103343    -0.00104158     0.00000814
    -0.00747023    -0.00753012     0.00005988
    -0.00563668    -0.00557798    -0.00005869
    -0.00095749    -0.00103480     0.00007732
    -0.00051163    -0.00050611    -0.00000551
     0.02273479     0.02276308    -0.00002829
     0.02194552     0.02198668    -0.00004116
    -0.02411051    -0.02410643    -0.00000409
    -0.01091158    -0.01092955     0.00001798
    -0.00047024    -0.00049150     0.00002126
     0.01570511     0.01570069     0.00000442
    -0.02315901    -0.02316898     0.00000997
    -0.03150341    -0.03160532     0.00010191
    -0.00047141    -0.00049084     0.00001943
    -0.01143482    -0.01141511    -0.00001972
    -0.00247240    -0.00250022     0.00002782
    -0.01208986    -0.01204394    -0.00004591
    -0.01363641    -0.01372079     0.00008438
     0.02277601     0.02268747     0.00008854
     0.00002977     0.00011191    -0.00008214
     0.01393147     0.01392131     0.00001016
    -0.00030360    -0.00023902    -0.00006458
     0.00007391     0.00012971    -0.00005580
     0.00893285     0.00906428    -0.00013143
     0.02382433     0.02381662     0.00000771
     0.01333850     0.01322738     0.00011112
     0.01761858     0.01764957    -0.00003099
    -0.04233945    -0.04226242    -0.00007703
     0.01439341     0.01442032    -0.00002692
     0.02824735     0.02822305     0.00002430
    -0.00027677    -0.00027993     0.00000316
     0.00283834     0.00280210     0.00003624
    -0.00417689    -0.00420289     0.00002600
     0.02639518     0.02628799     0.00010719
    -0.00053179    -0.00054538     0.00001359
    -0.01616269    -0.01617212     0.00000943
    -0.00479927    -0.00474153    -0.00005774
    -0.00048191    -0.00050993     0.00002802
    -0.02854991    -0.02854254    -0.00000737
     0.01998067     0.01994430     0.00003637
     0.01113640     0.01121226    -0.00007586
    -0.00666434    -0.00667700     0.00001266
    -0.00051879    -0.00060416     0.00008538
    -0.01757262    -0.01750510    -0.00006753
     0.02201864     0.02200350     0.00001514
    -0.00047721    -0.00045035    -0.00002686
    -0.02422047    -0.02422410     0.00000363
     0.01964436     0.01966567    -0.00002131
     0.00225008     0.00223730     0.00001279
     0.03225586     0.03226405    -0.00000819
     0.02913561     0.02913478     0.00000083
    -0.01619056    -0.01613135    -0.00005921
    -0.00200548    -0.00202107     0.00001560
    -0.00045595    -0.00048570     0.00002974
     0.01208009     0.01203884     0.00004125
    -0.00896974    -0.00898899     0.00001925
     0.02620465     0.02618818     0.00001646
    -0.00098935    -0.00095756    -0.00003179
    -0.00859779    -0.00859276    -0.00000503
     0.03272107     0.03270117     0.00001990
    -0.03343134    -0.03337943    -0.00005191
     0.02419492     0.02422520    -0.00003027
     0.00007391     0.00012971    -0.00005580
    -0.00065571    -0.00061201    -0.00004370
     0.01074531     0.01071718     0.00002813
    -0.00058205    -0.00049904    -0.00008301
    -0.00084671    -0.00079810    -0.00004861
    -0.03750039    -0.03745303    -0.00004736
     0.01409792     0.01412387    -0.00002595
    -0.02057867    -0.02054467    -0.00003399
     0.02537503     0.02541473    -0.00003970
    -0.00045296    -0.00049345     0.00004049
    -0.01578070    -0.01588891     0.00010821
     0.01248524     0.01245663     0.00002861
    -0.00284914    -0.00294052     0.00009138
    -0.00600493    -0.00595427    -0.00005066
    -0.00050039    -0.00041849    -0.00008190
    -0.00059745    -0.00049827    -0.00009919
    -0.00019290    -0.00020615     0.00001325
     0.03147427     0.03150626    -0.00003200
     0.00795645     0.00790700     0.00004945
    -0.00189810    -0.00202143     0.00012333
     0.03498712     0.03495029     0.00003683
     0.02151101     0.02143818     0.00007283
     0.01645249     0.01645082     0.00000167
     0.02972218     0.02961936     0.00010282
    -0.00037407    -0.00033181    -0.00004226
    -0.00654121    -0.00652074    -0.00002047
    -0.00045661    -0.00050123     0.00004462
     0.02942996     0.02948886    -0.00005891
    -0.00057990    -0.00053729    -0.00004261
    -0.00422854    -0.00414152    -0.00008703
     0.00193402     0.00194712    -0.00001310
     0.00932221     0.00936241    -0.00004019
    -0.01980126    -0.01982929     0.00002802
     0.02062277     0.02075183    -0.00012906
    -0.00179149    -0.00171708    -0.00007441
    -0.00602283    -0.00601031    -0.00001252
    -0.00168770    -0.00154236    -0.00014534
     0.01996570     0.01997560    -0.00000990
    -0.00504905    -0.00502447    -0.00002458
    -0.00656624    -0.00661404     0.00004779
    -0.00377373    -0.00375644    -0.00001729
    -0.01289695    -0.01289791     0.00000097
    -0.00199840    -0.00202277     0.00002436
    -0.00199840    -0.00202277     0.00002436
    -0.00199840    -0.00202277     0.00002436
    -0.00199840    -0.00202277     0.00002436
    -0.00199813    -0.00202277     0.00002464
    -0.00199813    -0.00202277     0.00002464
    -0.00199813    -0.00202277     0.00002464
    -0.00199813    -0.00202277     0.00002464
    -0.00199813    -0.00202277     0.00002464
    -0.00199813    -0.00202277     0.00002464
    -0.00199813    -0.00202277     0.00002464
    -0.00199813    -0.00202277     0.00002464
     0.02287517     0.02281977     0.00005540
    -0.00401749    -0.00398323    -0.00003425
    -0.00371278    -0.00369942    -0.00001336
    -0.00423755    -0.00421640    -0.00002115
    -0.00366341    -0.00366427     0.00000085
    -0.00360031    -0.00360009    -0.00000022
     0.02466241     0.02461865     0.00004376
    -0.00535474    -0.00535298    -0.00000176
    -0.00600618    -0.00597813    -0.00002804
    -0.00345293    -0.00344938    -0.00000355
    -0.00978497    -0.00978525     0.00000028
    -0.00331184    -0.00330570    -0.00000614
    -0.00814437    -0.00811085    -0.00003352
    -0.00640229    -0.00641515     0.00001286
    -0.00378622    -0.00376812    -0.00001810
    -0.01449997    -0.01452377     0.00002380
    -0.00324942    -0.00324495    -0.00000447
    -0.00326196    -0.00325854    -0.00000343
    -0.00570280    -0.00568396    -0.00001884
    -0.00596259    -0.00594459    -0.00001799
    -0.01144544    -0.01145320     0.00000776
    -0.00646189    -0.00645489    -0.00000700
    -0.00976045    -0.00977199     0.00001153
    -0.01326027    -0.01329184     0.00003157
    -0.00369776    -0.00369737    -0.00000039
    -0.00295189    -0.00296308     0.00001119
    -0.00518410    -0.00517251    -0.00001158
    -0.00361367    -0.00361448     0.00000081
    -0.00386421    -0.00384551    -0.00001869
    -0.00317981    -0.00317773    -0.00000208
    -0.00313543    -0.00313486    -0.00000058
    -0.00417466    -0.00416759    -0.00000708
    -0.01162019    -0.01164610     0.00002591
    -0.00351593    -0.00350493    -0.00001099
    -0.00784039    -0.00783679    -0.00000360
    -0.00615600    -0.00614131    -0.00001469
    -0.01331663    -0.01333437     0.00001775
    -0.00777925    -0.00778539     0.00000615
    -0.00395591    -0.00393522    -0.00002069
    -0.00475271    -0.00475658     0.00000387
    -0.00722070    -0.00721159    -0.00000911
    -0.00327339    -0.00326843    -0.00000496
    -0.00413349    -0.00414829     0.00001480
    -0.00375493    -0.00375272    -0.00000221
    -0.00357786    -0.00359912     0.00002126
    -0.00697896    -0.00697577    -0.00000318
    -0.00404827    -0.00402501    -0.00002326
    -0.00246312    -0.00245967    -0.00000345
    -0.00246285    -0.00245967    -0.00000318
    -0.00246285    -0.00245967    -0.00000318
    -0.00246285    -0.00245967    -0.00000318
    -0.00246285    -0.00245967    -0.00000318
    -0.00246285    -0.00245967    -0.00000318
    -0.00246285    -0.00245967    -0.00000318
    -0.00246285    -0.00245967    -0.00000318
    -0.00246285    -0.00245967    -0.00000318
    -0.00246285    -0.00245967    -0.00000318
    -0.00246285    -0.00245967    -0.00000318
    -0.00246285    -0.00245967    -0.00000318
    -0.00605170    -0.00605243     0.00000072
    -0.00687790    -0.00686960    -0.00000830
    -0.00381071    -0.00383142     0.00002071
    -0.00740713    -0.00738459    -0.00002254
    -0.00347228    -0.00347038    -0.00000190
    -0.00728386    -0.00727818    -0.00000568
    -0.00676149    -0.00674933    -0.00001216
    -0.00649710    -0.00647944    -0.00001766
    -0.00663351    -0.00661831    -0.00001520
    -0.00492668    -0.00492575    -0.00000092
    -0.00226807    -0.00226352    -0.00000455
    -0.00226807    -0.00226352    -0.00000455
    -0.00226807    -0.00226352    -0.00000455
    -0.00226780    -0.00226352    -0.00000428
    -0.00226780    -0.00226352    -0.00000428
    -0.00226780    -0.00226352    -0.00000428
    -0.00226780    -0.00226352    -0.00000428
    -0.00226780    -0.00226352    -0.00000428
    -0.00226780    -0.00226352    -0.00000428
    -0.00226780    -0.00226352    -0.00000428
    -0.00226780    -0.00226352    -0.00000428
    -0.00226780    -0.00226352    -0.00000428
    -0.00326392    -0.00326390    -0.00000003
    -0.00454144    -0.00454081    -0.00000063
    -0.00414574    -0.00413772    -0.00000801
    -0.02933287    -0.02932386    -0.00000901
    -0.05325783    -0.05333627     0.00007844
     0.06033891     0.06030029     0.00003862
     0.05203029     0.05203384    -0.00000355
     0.02469017     0.02470754    -0.00001737
    -0.03290368    -0.03289002    -0.00001367
    -0.03169354    -0.03173329     0.00003975
    -0.03195262    -0.03186437    -0.00008825
    -0.04179487    -0.04181307     0.00001821
    -0.03662791    -0.03657184    -0.00005607
    -0.05422111    -0.05421208    -0.00000903
    -0.02810754    -0.02811269     0.00000515
    -0.04178006    -0.04181229     0.00003223
    -0.02668964    -0.02673242     0.00004278
    -0.04171372    -0.04169984    -0.00001389
     0.04715559     0.04716843    -0.00001284
    -0.03008572    -0.03003147    -0.00005425
    -0.02983965    -0.02979891    -0.00004074
    -0.02888276    -0.02886785    -0.00001491
     0.04762423     0.04769838    -0.00007415
    -0.05690100    -0.05689565    -0.00000535
    -0.02532849    -0.02535265     0.00002416
    -0.04292885    -0.04291638    -0.00001246
    -0.03570547    -0.03568740    -0.00001807
     0.02515927     0.02514868     0.00001059
    -0.02895049    -0.02892279    -0.00002770
    -0.05104764    -0.05101458    -0.00003305
    -0.05818524    -0.05812998    -0.00005526
    -0.03156026    -0.03158526     0.00002500
    -0.03942231    -0.03948754     0.00006524
    -0.05054069    -0.05054013    -0.00000056
    -0.02949703    -0.02947344    -0.00002359
    -0.04102963    -0.04099782    -0.00003181
    -0.03389058    -0.03391678     0.00002620
    -0.04916967    -0.04920303     0.00003337
    -0.03107216    -0.03107214    -0.00000003
    -0.04177419    -0.04177904     0.00000486
    -0.03017476    -0.03016945    -0.00000531
    -0.03164388    -0.03162330    -0.00002058
    -0.05028784    -0.05025323    -0.00003461
    -0.03255078    -0.03256482     0.00001405
    -0.04352793    -0.04349085    -0.00003708
    -0.04456316    -0.04459393     0.00003077
    -0.04455347    -0.04456090     0.00000743
    -0.03846041    -0.03848560     0.00002519
    -0.04068178    -0.04067265    -0.00000913
    -0.03427456    -0.03427020    -0.00000436
    -0.06052406    -0.06053935     0.00001530
    -0.04939397    -0.04931776    -0.00007621
     0.01642659     0.01643074    -0.00000415
    -0.05031954    -0.05032258     0.00000304
    -0.03495697    -0.03491280    -0.00004417
    -0.04536685    -0.04538900     0.00002215
    -0.04780807    -0.04779512    -0.00001294
    -0.05232309    -0.05221244    -0.00011065
    -0.04021418    -0.04023286     0.00001868
    -0.04318812    -0.04314391    -0.00004421
    -0.03361874    -0.03363246     0.00001371
    -0.03018575    -0.03022392     0.00003817
    -0.03876126    -0.03874404    -0.00001722
    -0.04694789    -0.04704491     0.00009702
    -0.03809042    -0.03811255     0.00002213
    -0.03654217    -0.03658850     0.00004633
    -0.03205501    -0.03206098     0.00000597
    -0.03261200    -0.03266632     0.00005432
    -0.05618381    -0.05614694    -0.00003687
     0.05745499     0.05739180     0.00006319
     0.04562843     0.04570565    -0.00007722
     0.04791702     0.04781481     0.00010221
    -0.04559877    -0.04558938    -0.00000939
    -0.03918372    -0.03922953     0.00004582
    -0.05799005    -0.05803624     0.00004619
    -0.04264054    -0.04260614    -0.00003440
    -0.03403181    -0.03404143     0.00000962
    -0.03887693    -0.03882595    -0.00005098
    -0.04489071    -0.04488424    -0.00000646
    -0.04467176    -0.04470163     0.00002986
    -0.04204690    -0.04204366    -0.00000324
    -0.04610433    -0.04610571     0.00000137
    -0.03643199    -0.03643202     0.00000003
    -0.05329598    -0.05334296     0.00004698
    -0.05926243    -0.05925186    -0.00001056
    -0.04013609    -0.04015790     0.00002182
    -0.03807393    -0.03803998    -0.00003394
    -0.04255039    -0.04258940     0.00003901
    -0.04546761    -0.04542304    -0.00004457
    -0.04598460    -0.04600531     0.00002071
    -0.04308466    -0.04305482    -0.00002984
    -0.05111599    -0.05108928    -0.00002671
    -0.03878335    -0.03876320    -0.00002016
    -0.04133355    -0.04136769     0.00003414
    -0.04490042    -0.04494055     0.00004013
    -0.05407624    -0.05407876     0.00000253
    -0.06420916    -0.06428578     0.00007662
    -0.05506420    -0.05508650     0.00002230
    -0.06777222    -0.06771757    -0.00005465
    -0.06704431    -0.06703225    -0.00001206
    -0.06867857    -0.06873222     0.00005365
    -0.06441868    -0.06438079    -0.00003790
    -0.06949418    -0.06956490     0.00007072
    -0.03355613    -0.03360902     0.00005289
     0.04867733     0.04864726     0.00003007
     0.03045659     0.03046712    -0.00001053
     0.05049405     0.05044155     0.00005250
     0.02730608     0.02735343    -0.00004734
     0.00673204     0.00669972     0.00003232
    -0.00162923    -0.00168693     0.00005770
     0.04036219     0.04037011    -0.00000792
     0.03132730     0.03134569    -0.00001839
     0.02635880     0.02632466     0.00003414
     0.04489479     0.04488889     0.00000589
     0.04146887     0.04147091    -0.00000204
     0.04037329     0.04033009     0.00004320
     0.03651635     0.03654135    -0.00002500
     0.03297130     0.03298666    -0.00001536
     0.03064579     0.03057959     0.00006620
     0.01037712     0.01039064    -0.00001352
     0.00122612     0.00119772     0.00002840
     0.00494888     0.00497224    -0.00002336
     0.02572850     0.02570983     0.00001867
     0.04244427     0.04243195     0.00001231
     0.02155068     0.02156236    -0.00001168
     0.04116038     0.04117909    -0.00001871
     0.04152409     0.04152743    -0.00000335
    -0.00217457    -0.00219061     0.00001604
     0.02609801     0.02605255     0.00004545
     0.00373316     0.00372326     0.00000989
     0.01981735     0.01980624     0.00001111
     0.00941201     0.00940593     0.00000608
     0.04567706     0.04572320    -0.00004614
     0.03151990     0.03160782    -0.00008792
     0.04490611     0.04487380     0.00003231
     0.04584670     0.04583734     0.00000936
     0.05068028     0.05068150    -0.00000122
     0.02576148     0.02578062    -0.00001914
     0.04287608     0.04297433    -0.00009825
     0.04473628     0.04466737     0.00006891
     0.03453598     0.03456798    -0.00003200
     0.02604674     0.02609431    -0.00004757
     0.03749073     0.03749092    -0.00000019
     0.05028370     0.05031770    -0.00003400
     0.05919864     0.05925014    -0.00005149
     0.00980619     0.00981161    -0.00000542
     0.01925829     0.01923643     0.00002186
     0.04380396     0.04380264     0.00000132
     0.04677580     0.04676279     0.00001301
     0.02223663     0.02216366     0.00007296
    -0.00188338    -0.00188463     0.00000125
     0.00153646     0.00157254    -0.00003608
     0.05163086     0.05160657     0.00002429
     0.02591289     0.02590936     0.00000353
     0.02262610     0.02257370     0.00005241
     0.03210440     0.03214739    -0.00004299
    -0.03468137    -0.03471642     0.00003505
     0.01001278     0.01000583     0.00000696
     0.04768287     0.04766509     0.00001777
    -0.00069756    -0.00071243     0.00001487
     0.02325744     0.02326028    -0.00000285
     0.01946833     0.01946680     0.00000154
     0.04512802     0.04513904    -0.00001102
    -0.00019380    -0.00037112     0.00017732
     0.02209075     0.02208328     0.00000746
     0.03497964     0.03496447     0.00001517
     0.03626197     0.03627305    -0.00001108
     0.02777325     0.02777839    -0.00000515
     0.01011172     0.01010146     0.00001026
     0.02895757     0.02899157    -0.00003400
     0.01607913     0.01604107     0.00003806
     0.01554867     0.01557138    -0.00002271
     0.04641337     0.04643674    -0.00002337
     0.03424629     0.03426770    -0.00002141
     0.02764568     0.02762352     0.00002216
     0.02873648     0.02873231     0.00000416
     0.04610210     0.04605651     0.00004559
     0.03055485     0.03050905     0.00004580
     0.02965636     0.02966895    -0.00001260
     0.01531492     0.01533667    -0.00002175
     0.02899809     0.02901853    -0.00002044
     0.02757645     0.02755855     0.00001790
     0.01088390     0.01084388     0.00004002
     0.04018376     0.04018014     0.00000362
    -0.03579922    -0.03580899     0.00000978
    -0.03577168    -0.03578121     0.00000953
     0.01771992     0.01750817     0.00021175
     0.01825979     0.01821180     0.00004800
     0.01602585     0.01602914    -0.00000329
    -0.00110633    -0.00113564     0.00002931
     0.01104012     0.01104602    -0.00000589
     0.03440205     0.03440893    -0.00000688
     0.02508060     0.02505942     0.00002118
     0.04305285     0.04307590    -0.00002305
     0.01801429     0.01804525    -0.00003095
     0.00941917     0.00923903     0.00018014
     0.03303740     0.03306856    -0.00003117
     0.03381793     0.03385491    -0.00003698
     0.02081181     0.02081274    -0.00000093
     0.04130144     0.04131241    -0.00001097
     0.03236816     0.03236559     0.00000257
     0.03643583     0.03641577     0.00002006
     0.02929654     0.02924861     0.00004793
    -0.00964976    -0.00966064     0.00001089
    -0.00459698    -0.00454179    -0.00005519
     0.00102818     0.00099551     0.00003267
     0.00622109     0.00619132     0.00002978
     0.01350136     0.01358689    -0.00008553
    -0.01726048    -0.01725005    -0.00001043
     0.02487306     0.02486142     0.00001163
    -0.02687927    -0.02684743    -0.00003185
    -0.00430702    -0.00438817     0.00008115
    -0.03038407    -0.03033936    -0.00004471
    -0.03815679    -0.03813474    -0.00002205
    -0.02253203    -0.02252411    -0.00000793
    -0.00372714    -0.00373532     0.00000818
    -0.02220093    -0.02221615     0.00001522
     0.00643500     0.00640551     0.00002949
    -0.00592463    -0.00592041    -0.00000422
     0.00396228     0.00392951     0.00003277
    -0.01629516    -0.01634329     0.00004813
    -0.02417669    -0.02417062    -0.00000607
     0.02365214     0.02366009    -0.00000795
     0.01911799     0.01909815     0.00001983
     0.01045353     0.01039353     0.00006000
    -0.00087988    -0.00086830    -0.00001158
    -0.01676371    -0.01674829    -0.00001542
     0.00130111     0.00123338     0.00006773
     0.00024330     0.00033089    -0.00008760
    -0.00748147    -0.00749989     0.00001842
    -0.01153893    -0.01156283     0.00002389
     0.02065624     0.02064038     0.00001587
    -0.00355119    -0.00355403     0.00000283
     0.00902841     0.00901599     0.00001242
     0.01158070     0.01155769     0.00002302
    -0.01187698    -0.01189259     0.00001561
    -0.01220221    -0.01219493    -0.00000728
     0.01492833     0.01486977     0.00005856
     0.00706832     0.00707981    -0.00001149
    -0.00651296    -0.00653472     0.00002175
    -0.00645808    -0.00649301     0.00003493
     0.01971783     0.01967799     0.00003984
    -0.01547917    -0.01549922     0.00002005
     0.02039167     0.02037013     0.00002153
    -0.03156796    -0.03153539    -0.00003257
    -0.01657546    -0.01652109    -0.00005437
     0.00665808     0.00658023     0.00007785
    -0.02625651    -0.02630344     0.00004693
     0.00221903     0.00222073    -0.00000170
     0.01079119     0.01079372    -0.00000252
    -0.01704464    -0.01709894     0.00005430
     0.00956420     0.00956485    -0.00000065
    -0.00197013    -0.00198480     0.00001467
     0.00832649     0.00834357    -0.00001708
     0.00171655     0.00168904     0.00002751
    -0.01055323    -0.01058215     0.00002892
    -0.02671636    -0.02673381     0.00001745
     0.01623200     0.01625236    -0.00002036
     0.01000418     0.01005433    -0.00005015
     0.01063127     0.01063918    -0.00000791
    -0.00044899    -0.00040294    -0.00004605
    -0.02027335    -0.02023740    -0.00003596
    -0.00027421    -0.00024939    -0.00002482
     0.01466832     0.01467383    -0.00000550
    -0.01398649    -0.01396952    -0.00001697
    -0.00362069    -0.00360201    -0.00001869
    -0.03537774    -0.03539820     0.00002046
     0.01407795     0.01405924     0.00001871
     0.00122647     0.00119471     0.00003176
     0.00712623     0.00712898    -0.00000275
    -0.00394056    -0.00398473     0.00004417
    -0.01097650    -0.01103361     0.00005711
     0.00805925     0.00805672     0.00000254
    -0.01865145    -0.01864192    -0.00000953
    -0.00558084    -0.00555845    -0.00002239
    -0.00422718    -0.00418334    -0.00004384
    -0.02147280    -0.02144158    -0.00003122
    -0.01381756    -0.01381179    -0.00000577
    -0.02999770    -0.03001996     0.00002227
     0.00525123     0.00522460     0.00002663
    -0.00223525    -0.00224760     0.00001235
    -0.02521208    -0.02521978     0.00000770
    -0.00946407    -0.00947118     0.00000712
    -0.02203782    -0.02208054     0.00004271
    -0.00941182    -0.00942119     0.00000937
     0.01564187     0.01568928    -0.00004742
    -0.01377089    -0.01377192     0.00000103
    -0.00138699    -0.00140097     0.00001398
    -0.02177686    -0.02173490    -0.00004197
    -0.01737580    -0.01738669     0.00001089
    -0.01160234    -0.01164142     0.00003908
    -0.02103761    -0.02105299     0.00001538
    -0.00579676    -0.00579538    -0.00000138
    -0.01584750    -0.01585407     0.00000656
    -0.01752661    -0.01751107    -0.00001554
    -0.03256680    -0.03258169     0.00001489
    -0.02233549    -0.02235774     0.00002226
    -0.02202819    -0.02205662     0.00002843
    -0.01482022    -0.01480324    -0.00001698
    -0.01577618    -0.01580157     0.00002539
    -0.00439352    -0.00441014     0.00001662
    -0.01136451    -0.01139902     0.00003451
    -0.01543770    -0.01544074     0.00000304
    -0.03226533    -0.03225029    -0.00001504
    -0.03541747    -0.03540145    -0.00001602
    -0.02817154    -0.02815816    -0.00001338
    -0.03384079    -0.03382496    -0.00001583
    -0.02923284    -0.02922671    -0.00000612
    -0.01120159    -0.01119600    -0.00000560
    -0.01141882    -0.01147050     0.00005168
     0.01612130     0.01608812     0.00003319
     0.00565953     0.00561367     0.00004586
    -0.01701484    -0.01700118    -0.00001367
    -0.00072418    -0.00072163    -0.00000255
    -0.01299118    -0.01297584    -0.00001534
    -0.02854042    -0.02852894    -0.00001148
    -0.03032636    -0.03027689    -0.00004947
    -0.03360652    -0.03363426     0.00002773
    -0.01372161    -0.01370154    -0.00002008
    -0.01369236    -0.01365614    -0.00003623
    -0.03568515    -0.03564057    -0.00004458
    -0.03794922    -0.03790590    -0.00004331
    -0.01193317    -0.01209079     0.00015762
    -0.01707705    -0.01697378    -0.00010327
    -0.00732531    -0.00736274     0.00003743
    -0.02146557    -0.02149280     0.00002723
    -0.03099401    -0.03104045     0.00004644
    -0.02482250    -0.02482409     0.00000159
    -0.01018503    -0.01014670    -0.00003833
    -0.03471422    -0.03472209     0.00000787
    -0.03526106    -0.03523501    -0.00002605
    -0.01916234    -0.01920363     0.00004129
    -0.02291052    -0.02290275    -0.00000777
    -0.01806735    -0.01797872    -0.00008864
    -0.02763022    -0.02764526     0.00001504
    -0.02882431    -0.02888165     0.00005733
    -0.01348828    -0.01345361    -0.00003466
    -0.02123857    -0.02118190    -0.00005667
    -0.01210327    -0.01200288    -0.00010039
    -0.02387249    -0.02393365     0.00006116
    -0.00912621    -0.00912799     0.00000178
    -0.01133047    -0.01129829    -0.00003218
    -0.02871887    -0.02877038     0.00005151
    -0.01885499    -0.01885638     0.00000139
    -0.01944836    -0.01946484     0.00001648
    -0.02629227    -0.02634393     0.00005167
    -0.03230854    -0.03231345     0.00000490
    -0.04100367    -0.04103140     0.00002773
    -0.01170449    -0.01167710    -0.00002738
    -0.02222762    -0.02228231     0.00005469
    -0.02308347    -0.02311150     0.00002802
    -0.00905715    -0.00907521     0.00001806
    -0.01691879    -0.01696718     0.00004839
    -0.01356863    -0.01356559    -0.00000305
    -0.01913940    -0.01904010    -0.00009930
    -0.03132578    -0.03131780    -0.00000797
     0.00441137     0.00442672    -0.00001534
    -0.03537888    -0.03538953     0.00001064
    -0.02691750    -0.02694559     0.00002809
    -0.03236590    -0.03232272    -0.00004319
    -0.03793958    -0.03799007     0.00005048
    -0.00987028    -0.00984276    -0.00002752
    -0.02147642    -0.02151516     0.00003874
    -0.02044318    -0.02043960    -0.00000358
    -0.01704363    -0.01708334     0.00003971
    -0.00869967    -0.00871057     0.00001090
    -0.01902424    -0.01906647     0.00004223
    -0.01756095    -0.01745473    -0.00010621
    -0.01155308    -0.01166964     0.00011655
    -0.02911863    -0.02909483    -0.00002380
    -0.02132730    -0.02132510    -0.00000220
    -0.02227135    -0.02230260     0.00003125
    -0.03048761    -0.03046465    -0.00002296
    -0.02529004    -0.02526743    -0.00002261
    -0.02254278    -0.02254277    -0.00000001
    -0.02681693    -0.02684999     0.00003306
    -0.01522594    -0.01522998     0.00000404
    -0.01848067    -0.01848808     0.00000741
    -0.02565163    -0.02563764    -0.00001399
    -0.01544627    -0.01554381     0.00009754
    -0.02792076    -0.02782665    -0.00009411
    -0.01989000    -0.01998584     0.00009584
    -0.02038149    -0.02040427     0.00002278
    -0.02778699    -0.02781505     0.00002806
    -0.01371073    -0.01376407     0.00005334
    -0.02383761    -0.02385526     0.00001765
    -0.01665949    -0.01666944     0.00000995
    -0.03215787    -0.03220965     0.00005177
    -0.03285652    -0.03290104     0.00004452
    -0.01478781    -0.01480883     0.00002102
    -0.02721759    -0.02723838     0.00002079
    -0.02557601    -0.02557456    -0.00000145
    -0.01659016    -0.01661675     0.00002659
    -0.03283925    -0.03285617     0.00001693
    -0.02374607    -0.02377526     0.00002919
    -0.02879699    -0.02878868    -0.00000831
    -0.02206865    -0.02208290     0.00001425
    -0.02594543    -0.02592447    -0.00002096
    -0.01957182    -0.01955299    -0.00001882
    -0.01829163    -0.01828902    -0.00000261
    -0.02075037    -0.02072273    -0.00002764
    -0.02116942    -0.02117854     0.00000912
    -0.00316191    -0.00315634    -0.00000557
    -0.00171837    -0.00168452    -0.00003385
    -0.02942359    -0.02942737     0.00000378
    -0.00164340    -0.00160595    -0.00003746
    -0.01831811    -0.01829771    -0.00002040
     0.03689978     0.03680350     0.00009629
     0.02867261     0.02863434     0.00003827
     0.04027941     0.04025989     0.00001952
    -0.02622138    -0.02625695     0.00003557
     0.03808187     0.03802048     0.00006139
    -0.00132457    -0.00130237    -0.00002220
     0.03749231     0.03746248     0.00002983
     0.05108943     0.05113992    -0.00005049
     0.03787403     0.03796757    -0.00009354
    -0.02683851    -0.02684366     0.00000515
    -0.02334906    -0.02334877    -0.00000029
     0.04251801     0.04253071    -0.00001270
     0.04518875     0.04518818     0.00000057
     0.04610022     0.04615896    -0.00005873
    -0.02399144    -0.02398308    -0.00000835
    -0.02395519    -0.02395242    -0.00000277
    -0.02395519    -0.02395242    -0.00000277
     0.03975605     0.03973076     0.00002529
     0.04622238     0.04628348    -0.00006111
    -0.03730929    -0.03732323     0.00001394
     0.01515484     0.01515413     0.00000071
    -0.01958771    -0.01957528    -0.00001243
    -0.02793815    -0.02795240     0.00001425
     0.03809553     0.03806770     0.00002784
    -0.02208784    -0.02211303     0.00002519
     0.01667990     0.01669728    -0.00001738
    -0.02518607    -0.02518591    -0.00000016
     0.05688921     0.05692105    -0.00003184
     0.05214053     0.05225053    -0.00011000
     0.01356436     0.01356311     0.00000125
     0.04167043     0.04172333    -0.00005290
    -0.03021460    -0.03027622     0.00006162
    -0.02147367    -0.02149911     0.00002544
    -0.01991182    -0.01988475    -0.00002707
    -0.01421770    -0.01418925    -0.00002846
    -0.02089633    -0.02089254    -0.00000379
     0.05296786     0.05302715    -0.00005929
    -0.02647360    -0.02649161     0.00001800
    -0.02020007    -0.02030476     0.00010469
    -0.02346743    -0.02345310    -0.00001433
    -0.03990270    -0.03990604     0.00000334
     0.01417857     0.01415584     0.00002273
     0.04170629     0.04183745    -0.00013116
     0.04882457     0.04889115    -0.00006658
     0.04438248     0.04433596     0.00004652
    -0.02082558    -0.02081623    -0.00000935
     0.05037628     0.05042374    -0.00004746
    -0.03728978    -0.03728877    -0.00000100
    -0.03571492    -0.03569488    -0.00002004
    -0.02641349    -0.02642168     0.00000818
     0.05312329     0.05308433     0.00003896
    -0.02224215    -0.02224657     0.00000442
    -0.02503382    -0.02505042     0.00001659
     0.00816872     0.00819354    -0.00002482
     0.04048801     0.04045576     0.00003225
    -0.02905362    -0.02904194    -0.00001169
    -0.02362239    -0.02363388     0.00001148
    -0.03433133    -0.03433451     0.00000318
    -0.02163088    -0.02164304     0.00001216
     0.04766229     0.04765771     0.00000458
     0.00977044     0.00978337    -0.00001293
    -0.02767191    -0.02768753     0.00001562
     0.05906621     0.05893237     0.00013383
    -0.03296083    -0.03297771     0.00001688
    -0.02961217    -0.02960038    -0.00001178
    -0.03160651    -0.03162973     0.00002322
    -0.02895898    -0.02898013     0.00002115
    -0.03027158    -0.03029563     0.00002405
    -0.02166456    -0.02141478    -0.00024978
     0.05976654     0.05974046     0.00002608
     0.02680221     0.02680818    -0.00000597
     0.04557548     0.04554067     0.00003481
    -0.03417867    -0.03417542    -0.00000325
     0.05636096     0.05634851     0.00001245
     0.04042741     0.04050127    -0.00007386
     0.06032068     0.06028872     0.00003195
    -0.02059584    -0.02058674    -0.00000910
     0.05968823     0.05960072     0.00008751
    -0.02240768    -0.02241668     0.00000901
     0.04137304     0.04136109     0.00001194
    -0.02489445    -0.02490273     0.00000828
     0.04609919     0.04609753     0.00000166
    -0.03129701    -0.03131494     0.00001793
     0.03046541     0.03040025     0.00006516
    -0.03443312    -0.03440944    -0.00002368
    -0.00981833    -0.00981815    -0.00000018
    -0.05612806    -0.05613256     0.00000451
     0.06027646     0.06018881     0.00008765
     0.00274019     0.00272390     0.00001629
     0.05797171     0.05796752     0.00000419
    -0.02464103    -0.02464506     0.00000403
    -0.04425257    -0.04423939    -0.00001318
    -0.04753922    -0.04753594    -0.00000328
    -0.00979136    -0.00977674    -0.00001462
     0.01749151     0.01750095    -0.00000945
    -0.04098878    -0.04097066    -0.00001813
    -0.00111523    -0.00109262    -0.00002261
    -0.00111523    -0.00109262    -0.00002261
    -0.00111523    -0.00109262    -0.00002261
    -0.00111523    -0.00109262    -0.00002261
    -0.00111523    -0.00109262    -0.00002261
    -0.03900845    -0.03903823     0.00002978
    -0.01374619    -0.01372141    -0.00002477
     0.03284667     0.03278884     0.00005783
    -0.00189266    -0.00187357    -0.00001910
     0.03284403     0.03278620     0.00005783
    -0.00184311    -0.00183201    -0.00001109
     0.01597208     0.01601584    -0.00004376
     0.01199181     0.01202683    -0.00003502
    -0.03096509    -0.03095602    -0.00000906
     0.00272949     0.00273382    -0.00000433
    -0.00145361    -0.00146658     0.00001297
    -0.03257940    -0.03255821    -0.00002120
    -0.03444613    -0.03438647    -0.00005966
    -0.00168526    -0.00168973     0.00000448
     0.01388521     0.01393800    -0.00005279
    -0.00139720    -0.00139109    -0.00000610
    -0.00131426    -0.00132120     0.00000694
    -0.00147078    -0.00149822     0.00002744
    -0.00155083    -0.00157340     0.00002257
    -0.00177982    -0.00174302    -0.00003680
    -0.00137605    -0.00137308    -0.00000297
    -0.02442214    -0.02442560     0.00000347
    -0.00160446    -0.00161963     0.00001517
    -0.00175592    -0.00171981    -0.00003612
    -0.00082600    -0.00080919    -0.00001682
    -0.00082600    -0.00080919    -0.00001682
    -0.00082600    -0.00080919    -0.00001682
    -0.00082600    -0.00080919    -0.00001682
    -0.00082600    -0.00080919    -0.00001682
    -0.00082600    -0.00080919    -0.00001682
    -0.00082600    -0.00080919    -0.00001682
    -0.00082600    -0.00080919    -0.00001682
    -0.00082600    -0.00080919    -0.00001682
    -0.00082600    -0.00080919    -0.00001682
    -0.00082600    -0.00080919    -0.00001682
    -0.00082600    -0.00080919    -0.00001682
     0.00290427     0.00290307     0.00000120
    -0.00137091    -0.00138462     0.00001371
    -0.03938783    -0.03935643    -0.00003140
    -0.00186991    -0.00182894    -0.00004097
    -0.01505141    -0.01501460    -0.00003680
     0.04663828     0.04662088     0.00001740
    -0.02179814    -0.02178987    -0.00000827
    -0.00141635    -0.00141740     0.00000105
    -0.03592861    -0.03587419    -0.00005442
    -0.00157491    -0.00157299    -0.00000192
    -0.00155429    -0.00155543     0.00000114
     0.01531242     0.01529071     0.00002171
    -0.02966025    -0.02958591    -0.00007434
    -0.03510291    -0.03515985     0.00005695
     0.01312726     0.01316535    -0.00003808
    -0.03641681    -0.03643760     0.00002079
    -0.02210452    -0.02211791     0.00001339
    -0.03206339    -0.03202501    -0.00003838
    -0.03836079    -0.03831857    -0.00004222
    -0.00045536    -0.00049761     0.00004226
    -0.00339261    -0.00330406    -0.00008855
    -0.00243839    -0.00246196     0.00002357
     0.00146022     0.00146301    -0.00000279
    -0.03850623    -0.03844089    -0.00006535
     0.00982532     0.00981808     0.00000724
    -0.01095533    -0.01091145    -0.00004388
    -0.01935622    -0.01930666    -0.00004956
    -0.03566161    -0.03574596     0.00008435
    -0.03394400    -0.03392678    -0.00001722
     0.00176988     0.00178170    -0.00001181
     0.01010669     0.01012409    -0.00001741
    -0.03434744    -0.03432896    -0.00001848
    -0.02746456    -0.02748997     0.00002541
     0.00348464     0.00349275    -0.00000812
    -0.02617991    -0.02614683    -0.00003308
    -0.00862936    -0.00866252     0.00003317
    -0.03484851    -0.03488575     0.00003724
    -0.02632748    -0.02634946     0.00002198
    -0.04742732    -0.04744070     0.00001338
    -0.01375873    -0.01368490    -0.00007383
    -0.03719318    -0.03724844     0.00005527
    -0.01931641    -0.01929929    -0.00001712
    -0.03915011    -0.03912901    -0.00002110
    -0.03719258    -0.03718551    -0.00000707
    -0.03806451    -0.03806404    -0.00000047
    -0.02513951    -0.02512169    -0.00001782
    -0.01351323    -0.01348427    -0.00002895
    -0.01048746    -0.01053685     0.00004939
    -0.03902586    -0.03907662     0.00005076
    -0.02791417    -0.02788384    -0.00003033
    -0.03515907    -0.03514221    -0.00001686
    -0.03320965    -0.03320537    -0.00000428
    -0.03469950    -0.03468672    -0.00001277
    -0.03207063    -0.03208492     0.00001429
    -0.03149013    -0.03152566     0.00003552
    -0.02740361    -0.02739774    -0.00000587
    -0.03239371    -0.03240880     0.00001509
    -0.03311087    -0.03311859     0.00000772
    -0.03746532    -0.03743373    -0.00003158
    -0.00180025    -0.00182775     0.00002750
    -0.00180025    -0.00182775     0.00002750
    -0.00276389    -0.00276281    -0.00000108
    -0.00209811    -0.00205935    -0.00003875
     0.03009152     0.03009375    -0.00000223
     0.03742134     0.03732385     0.00009749
    -0.00251754    -0.00250257    -0.00001498
     0.00060042     0.00061801    -0.00001759
     0.02943091     0.02945381    -0.00002290
    -0.01807519    -0.01803002    -0.00004517
     0.00362287     0.00362954    -0.00000667
     0.01397792     0.01399944    -0.00002152
    -0.00231436    -0.00228137    -0.00003299
    -0.00543387    -0.00546567     0.00003180
    -0.00142267    -0.00141288    -0.00000978
    -0.00142294    -0.00141288    -0.00001005
    -0.00216453    -0.00218392     0.00001939
    -0.00271847    -0.00272626     0.00000778
     0.01718399     0.01718695    -0.00000296
    -0.00703284    -0.00701459    -0.00001825
    -0.00228023    -0.00224666    -0.00003357
    -0.00221049    -0.00217361    -0.00003688
    -0.01262135    -0.01268835     0.00006700
    -0.00208066    -0.00205342    -0.00002724
    -0.01610688    -0.01608762    -0.00001927
     0.00665838     0.00669276    -0.00003438
    -0.00161230    -0.00161810     0.00000579
    -0.00161230    -0.00161810     0.00000579
    -0.00190257    -0.00189541    -0.00000716
    -0.00210162    -0.00207579    -0.00002583
    -0.00250407    -0.00252148     0.00001740
     0.03054171     0.03054507    -0.00000336
    -0.00205304    -0.00205906     0.00000601
     0.03527096     0.03507441     0.00019655
    -0.00252369    -0.00253508     0.00001139
    -0.01251906    -0.01248025    -0.00003881
    -0.00910637    -0.00914639     0.00004002
     0.02964044     0.02965819    -0.00001775
     0.03543154     0.03532328     0.00010826
    -0.00247822    -0.00248176     0.00000354
    -0.00198850    -0.00199270     0.00000420
    -0.00747848    -0.00747768    -0.00000079
    -0.00237055    -0.00236784    -0.00000270
    -0.00224687    -0.00223192    -0.00001495
    -0.01175053    -0.01181224     0.00006171
    -0.00230883    -0.00229635    -0.00001248
     0.00014985     0.00018068    -0.00003083
     0.02401688     0.02394170     0.00007518
     0.00945688     0.00948765    -0.00003077
     0.01622196     0.01618813     0.00003383
    -0.00385694    -0.00384097    -0.00001597
     0.02818177     0.02817015     0.00001162
     0.00474890     0.00471748     0.00003142
    -0.02610625    -0.02602660    -0.00007965
     0.02285166     0.02281580     0.00003586
     0.00751750     0.00745955     0.00005795
     0.03044105     0.03041241     0.00002864
     0.03056900     0.03058449    -0.00001549
     0.01208496     0.01210909    -0.00002413
     0.02030190     0.02023859     0.00006331
    -0.02296943    -0.02298369     0.00001426
    -0.01140339    -0.01138531    -0.00001808
     0.03698800     0.03704192    -0.00005391
     0.03256468     0.03252619     0.00003850
     0.02695054     0.02693929     0.00001125
     0.05616743     0.05615357     0.00001386
     0.02790675     0.02788156     0.00002519
     0.03150883     0.03152260    -0.00001377
     0.03063091     0.03058992     0.00004099
     0.02409862     0.02406552     0.00003311
     0.02807203     0.02799729     0.00007474
     0.00561727     0.00559125     0.00002603
     0.01179682     0.01177324     0.00002357
     0.00018749     0.00019601    -0.00000852
    -0.00067710    -0.00065551    -0.00002159
    -0.00894204    -0.00891385    -0.00002819
    -0.04658132    -0.04660586     0.00002454
     0.03232884     0.03221978     0.00010906
     0.03246016     0.03247248    -0.00001231
     0.03094052     0.03086944     0.00007108
    -0.02974702    -0.02970001    -0.00004702
     0.02793066     0.02787122     0.00005945
     0.00882860     0.00875570     0.00007290
    -0.00177252    -0.00178734     0.00001481
     0.03342301     0.03343407    -0.00001106
    -0.00249284    -0.00241923    -0.00007361
     0.03439734     0.03440732    -0.00000998
     0.00173445     0.00169234     0.00004211
    -0.01821892    -0.01824111     0.00002219
     0.03538248     0.03539214    -0.00000967
     0.03637912     0.03638845    -0.00000933
    -0.02433732    -0.02434220     0.00000488
    -0.04656203    -0.04659356     0.00003153
     0.02332380     0.02336595    -0.00004214
    -0.04705929    -0.04721226     0.00015297
     0.02840741     0.02838832     0.00001908
    -0.02415280    -0.02414723    -0.00000557
    -0.02419748    -0.02435049     0.00015301
    -0.02223508    -0.02226874     0.00003366
    -0.02567721    -0.02569839     0.00002118
    -0.00066401    -0.00073945     0.00007544
    -0.00084913    -0.00091492     0.00006578
    -0.00066374    -0.00073945     0.00007571
    -0.00066374    -0.00073945     0.00007571
    -0.00066374    -0.00073945     0.00007571
    -0.00066374    -0.00073945     0.00007571
    -0.00066374    -0.00073945     0.00007571
    -0.00088037    -0.00095079     0.00007042
     0.02944920     0.02942480     0.00002440
    -0.00147769    -0.00154245     0.00006477
     0.02290880     0.02287625     0.00003255
    -0.00142073    -0.00144437     0.00002364
    -0.00108530    -0.00117964     0.00009434
     0.03548438     0.03548271     0.00000167
    -0.00150874    -0.00156877     0.00006003
    -0.00143932    -0.00146290     0.00002358
     0.03303590     0.03302883     0.00000708
    -0.00160800    -0.00163050     0.00002250
     0.02464519     0.02471879    -0.00007360
     0.05745750     0.05749720    -0.00003971
     0.02682273     0.02684986    -0.00002713
    -0.00164901    -0.00167692     0.00002791
    -0.00111126    -0.00117867     0.00006741
    -0.00025527    -0.00030620     0.00005093
    -0.00113471    -0.00121970     0.00008498
    -0.00158286    -0.00163442     0.00005156
    -0.00145004    -0.00151515     0.00006511
     0.03183297     0.03182940     0.00000357
    -0.00145290    -0.00147825     0.00002535
    -0.00162283    -0.00166781     0.00004497
     0.02674313     0.02674342    -0.00000029
     0.03720613     0.03721027    -0.00000414
     0.03148200     0.03145525     0.00002675
    -0.00131684    -0.00139731     0.00008047
    -0.00108421    -0.00111832     0.00003411
     0.03498252     0.03498738    -0.00000486
    -0.00108255    -0.00118859     0.00010604
     0.02425767     0.02431442    -0.00005675
     0.03192775     0.03199638    -0.00006864
     0.03372242     0.03374598    -0.00002356
    -0.00142816    -0.00149088     0.00006272
    -0.00035742    -0.00040622     0.00004880
    -0.00047582    -0.00052084     0.00004503
     0.02886927     0.02883183     0.00003744
     0.02753735     0.02751664     0.00002071
    -0.00093066    -0.00098813     0.00005747
    -0.04074018    -0.04073015    -0.00001003
    -0.00113828    -0.00122216     0.00008388
    -0.00125439    -0.00129039     0.00003600
    -0.00095049    -0.00101982     0.00006932
    -0.00105939    -0.00118438     0.00012499
    -0.00130949    -0.00134574     0.00003624
     0.03165947     0.03167064    -0.00001117
     0.02534278     0.02526243     0.00008035
    -0.00136468    -0.00143286     0.00006818
     0.02311161     0.02300747     0.00010414
    -0.00117882    -0.00125956     0.00008074
    -0.00098432    -0.00105265     0.00006833
    -0.01359342    -0.01360371     0.00001029
    -0.00144209    -0.00149884     0.00005674
    -0.00128255    -0.00132416     0.00004161
    -0.00102946    -0.00108457     0.00005511
    -0.00126288    -0.00133643     0.00007355
     0.03468524     0.03467714     0.00000810
    -0.02530814    -0.02511129    -0.00019685
    -0.00104519    -0.00110486     0.00005967
     0.03325925     0.03325055     0.00000871
    -0.00131396    -0.00137975     0.00006579
    -0.00122666    -0.00127323     0.00004657
    -0.00108029    -0.00115305     0.00007276
    -0.00112642    -0.00117958     0.00005317
     0.02388357     0.02383095     0.00005262
    -0.00131279    -0.00136418     0.00005140
    -0.00114748    -0.00119929     0.00005181
     0.01057658     0.01057150     0.00000508
     0.03626195     0.03626215    -0.00000020
     0.03617871     0.03617243     0.00000628
    -0.01649824    -0.01652533     0.00002710
     0.02860311     0.02860053     0.00000258
    -0.00124405    -0.00129961     0.00005556
    -0.00119613    -0.00126018     0.00006405
     0.02626838     0.02628921    -0.00002084
     0.03173947     0.03172516     0.00001431
    -0.00507933    -0.00502226    -0.00005708
     0.03187653     0.03186193     0.00001460
     0.01105969     0.01102927     0.00003042
     0.04086693     0.04079316     0.00007377
     0.03629765     0.03630383    -0.00000618
     0.02698287     0.02701959    -0.00003673
     0.03022940     0.03021048     0.00001892
     0.03648669     0.03648704    -0.00000035
     0.01972975     0.01970917     0.00002058
     0.04369928     0.04376954    -0.00007026
     0.04855978     0.04853310     0.00002668
     0.03706155     0.03706667    -0.00000512
     0.04360189     0.04358445     0.00001745
     0.03587903     0.03587737     0.00000166
    -0.01108154    -0.01122584     0.00014430
     0.03804508     0.03803217     0.00001292
     0.03135916     0.03132955     0.00002962
    -0.00247890    -0.00243390    -0.00004500
     0.02366060     0.02365165     0.00000895
     0.01876756     0.01876333     0.00000423
     0.01237441     0.01238822    -0.00001382
     0.01185614     0.01190594    -0.00004980
    -0.00174855    -0.00183391     0.00008536
     0.01147276     0.01149320    -0.00002045
    -0.00321511    -0.00320425    -0.00001085
     0.01391071     0.01389862     0.00001208
    -0.02699193    -0.02703600     0.00004407
     0.00739706     0.00738837     0.00000869
     0.01117857     0.01114162     0.00003695
     0.01629391     0.01627741     0.00001650
     0.01916860     0.01915071     0.00001789
     0.01352360     0.01347927     0.00004433
     0.01453991     0.01451312     0.00002679
     0.00570800     0.00575211    -0.00004411
     0.01463589     0.01461668     0.00001921
     0.02387780     0.02385449     0.00002331
     0.01867466     0.01872171    -0.00004706
     0.01070227     0.01075732    -0.00005506
     0.01951957     0.01955877    -0.00003920
    -0.02036024    -0.02043111     0.00007087
     0.00698119     0.00696382     0.00001737
     0.01789543     0.01788704     0.00000839
    -0.01142788    -0.01146849     0.00004061
     0.01794107     0.01797456    -0.00003349
     0.00869845     0.00868766     0.00001079
     0.01249495     0.01249704    -0.00000209
     0.00705654     0.00711309    -0.00005655
     0.01619763     0.01616943     0.00002820
    -0.01869961    -0.01861154    -0.00008807
     0.02217287     0.02221130    -0.00003843
     0.01234874     0.01229187     0.00005687
    -0.00887733    -0.00888198     0.00000464
     0.00981041     0.00986023    -0.00004982
     0.01617818     0.01616763     0.00001055
     0.02218237     0.02215343     0.00002894
     0.02053401     0.02057941    -0.00004540
     0.00315638     0.00318422    -0.00002784
    -0.00192469    -0.00191474    -0.00000995
     0.01280252     0.01286177    -0.00005924
    -0.00810238    -0.00804911    -0.00005327
     0.01368466     0.01373120    -0.00004654
     0.03003827     0.03003688     0.00000139
     0.00309274     0.00310235    -0.00000961
    -0.01501938    -0.01508175     0.00006237
     0.01812964     0.01811638     0.00001326
     0.01687288     0.01687099     0.00000189
     0.01208830     0.01213748    -0.00004917
     0.01468999     0.01468271     0.00000727
     0.00516965     0.00520793    -0.00003829
     0.00033239     0.00037920    -0.00004681
     0.00450593     0.00456203    -0.00005610
     0.00407031     0.00409289    -0.00002259
     0.00924725     0.00925377    -0.00000653
     0.02105767     0.02103494     0.00002273
     0.02124401     0.02123157     0.00001244
     0.00750917     0.00749038     0.00001879
     0.04010009     0.04012024    -0.00002015
    -0.00201838    -0.00197835    -0.00004003
     0.00300898     0.00301675    -0.00000776
    -0.02679282    -0.02679687     0.00000405
     0.01843120     0.01845863    -0.00002744
     0.00393877     0.00396492    -0.00002615
     0.01751151     0.01750487     0.00000664
     0.02403500     0.02405112    -0.00001612
     0.01631116     0.01625983     0.00005133
     0.02139248     0.02138471     0.00000777
     0.00948344     0.00945642     0.00002702
    -0.00236932    -0.00244407     0.00007475
     0.01581324     0.01579604     0.00001721
     0.01891779     0.01887980     0.00003799
     0.01946754     0.01947811    -0.00001057
     0.02782176     0.02781695     0.00000482
     0.01617363     0.01621502    -0.00004139
    -0.01970752    -0.01955631    -0.00015121
     0.01998791     0.02001202    -0.00002412
     0.02358977     0.02357825     0.00001152
     0.02259813     0.02262613    -0.00002800
     0.00847425     0.00847940    -0.00000514
    -0.01211982    -0.01208756    -0.00003225
     0.00772074     0.00772473    -0.00000399
     0.00675729     0.00674997     0.00000732
     0.01436720     0.01438774    -0.00002053
    -0.00963316    -0.00961876    -0.00001439
     0.00642230     0.00644163    -0.00001934
     0.00510951     0.00511248    -0.00000297
     0.01633807     0.01634479    -0.00000672
     0.01338504     0.01341628    -0.00003124
     0.00616338     0.00612628     0.00003710
     0.01601896     0.01598472     0.00003424
     0.02199358     0.02198526     0.00000831
    -0.00732560    -0.00734427     0.00001867
     0.01231201     0.01230247     0.00000954
     0.01178522     0.01180293    -0.00001771
    -0.02020739    -0.02030290     0.00009550
     0.01935189     0.01937197    -0.00002007
     0.01514945     0.01512428     0.00002517
     0.01514276     0.01515563    -0.00001288
    -0.02728399    -0.02728342    -0.00000057
     0.01874320     0.01875589    -0.00001269
    -0.02552039    -0.02549259    -0.00002780
    -0.03211433    -0.03213441     0.00002008
    -0.01222371    -0.01223630     0.00001259
    -0.03852996    -0.03848922    -0.00004074
    -0.02816161    -0.02814706    -0.00001455
    -0.02067897    -0.02073567     0.00005670
    -0.03224843    -0.03221658    -0.00003185
    -0.02551329    -0.02550014    -0.00001315
    -0.01564244    -0.01567931     0.00003687
    -0.02193757    -0.02190348    -0.00003410
    -0.02881569    -0.02880043    -0.00001526
     0.00047127     0.00044808     0.00002319
    -0.02459727    -0.02461250     0.00001523
    -0.03455979    -0.03454920    -0.00001060
    -0.01494634    -0.01489464    -0.00005170
    -0.02587000    -0.02582921    -0.00004079
    -0.02748236    -0.02748576     0.00000340
    -0.01853808    -0.01846111    -0.00007697
    -0.02577533    -0.02580156     0.00002623
    -0.01641279    -0.01645840     0.00004561
    -0.01934545    -0.01935099     0.00000554
    -0.02488342    -0.02486813    -0.00001529
    -0.02126641    -0.02123167    -0.00003473
     0.02714268     0.02711301     0.00002966
     0.02792781     0.02794517    -0.00001736
    -0.01208485    -0.01213719     0.00005234
     0.01066447     0.01061281     0.00005166
    -0.03421225    -0.03418351    -0.00002874
    -0.01890261    -0.01892262     0.00002001
    -0.00715774    -0.00713670    -0.00002104
    -0.00795533    -0.00798837     0.00003304
     0.02671913     0.02671578     0.00000335
     0.03437416     0.03449402    -0.00011986
    -0.02034255    -0.02028615    -0.00005640
    -0.00472735    -0.00474571     0.00001835
    -0.02312791    -0.02312567    -0.00000224
    -0.02540545    -0.02538233    -0.00002311
     0.03615898     0.03621855    -0.00005957
    -0.02840754    -0.02841849     0.00001094
     0.01025823     0.01030834    -0.00005011
    -0.02090779    -0.02092401     0.00001623
    -0.02901226    -0.02900541    -0.00000686
    -0.01402820    -0.01404797     0.00001977
    -0.02667619    -0.02669829     0.00002210
     0.01459205     0.01461114    -0.00001909
    -0.01992652    -0.01996383     0.00003731
    -0.01986736    -0.01988515     0.00001779
    -0.01652183    -0.01655229     0.00003046
     0.01982537     0.01986786    -0.00004249
    -0.00150471    -0.00155844     0.00005374
     0.03589190     0.03593630    -0.00004440
    -0.02634800    -0.02637467     0.00002667
    -0.01013496    -0.01014446     0.00000950
    -0.02431577    -0.02433080     0.00001503
     0.02512226     0.02522227    -0.00010001
    -0.03442273    -0.03440631    -0.00001642
    -0.03322859    -0.03328829     0.00005970
    -0.02555100    -0.02556903     0.00001803
    -0.02425318    -0.02426032     0.00000714
     0.01091865     0.01089913     0.00001952
    -0.03580191    -0.03580991     0.00000800
    -0.01572453    -0.01575318     0.00002864
    -0.00000961    -0.00005930     0.00004969
    -0.00522404    -0.00527596     0.00005192
     0.00692658     0.00687726     0.00004932
    -0.03286452    -0.03288560     0.00002108
    -0.03587555    -0.03589652     0.00002097
     0.02124662     0.02126600    -0.00001938
     0.00603804     0.00596614     0.00007190
    -0.03032227    -0.03034087     0.00001860
    -0.01930803    -0.01934591     0.00003788
    -0.02511350    -0.02514037     0.00002687
    -0.01548619    -0.01550457     0.00001838
    -0.04927424    -0.04931446     0.00004022
    -0.04318423    -0.04316238    -0.00002185
    -0.00273790    -0.00273766    -0.00000024
    -0.03473261    -0.03477050     0.00003788
     0.00048142     0.00048679    -0.00000537
    -0.00695305    -0.00698399     0.00003093
    -0.02622435    -0.02626339     0.00003904
    -0.01634406    -0.01635666     0.00001260
     0.00395537     0.00400257    -0.00004721
    -0.01684554    -0.01686205     0.00001652
    -0.00817686    -0.00815101    -0.00002585
    -0.02605866    -0.02608338     0.00002472
     0.04141246     0.04132984     0.00008263
     0.00943158     0.00952383    -0.00009226
    -0.01976009    -0.01975233    -0.00000776
    -0.01587814    -0.01594463     0.00006649
    -0.02772108    -0.02771115    -0.00000994
     0.01018996     0.01019223    -0.00000228
    -0.00092132    -0.00089811    -0.00002321
     0.01576840     0.01577936    -0.00001097
     0.02275634     0.02277888    -0.00002254
    -0.00565591    -0.00562561    -0.00003030
    -0.00315690    -0.00313485    -0.00002205
    -0.01043187    -0.01047909     0.00004723
    -0.00609704    -0.00610901     0.00001197
    -0.00117156    -0.00113663    -0.00003493
    -0.00116408    -0.00109854    -0.00006554
    -0.00091096    -0.00083298    -0.00007798
    -0.00085672    -0.00093629     0.00007957
     0.02845925     0.02839643     0.00006281
     0.02639415     0.02636249     0.00003165
    -0.03335874    -0.03341795     0.00005921
    -0.00086603    -0.00093569     0.00006966
    -0.00086595    -0.00093569     0.00006974
    -0.00112533    -0.00105935    -0.00006598
    -0.03227583    -0.03228260     0.00000676
    -0.03227583    -0.03228260     0.00000676
    -0.00082524    -0.00085821     0.00003297
    -0.02521061    -0.02524156     0.00003094
    -0.00335397    -0.00327030    -0.00008366
    -0.00038559    -0.00049006     0.00010448
    -0.00056543    -0.00064062     0.00007519
    -0.02639771    -0.02635804    -0.00003967
    -0.00091974    -0.00088078    -0.00003896
    -0.00099150    -0.00098081    -0.00001070
    -0.00097716    -0.00090144    -0.00007572
     0.01531598     0.01533790    -0.00002192
    -0.00088252    -0.00093193     0.00004941
    -0.02721073    -0.02716137    -0.00004937
     0.00489797     0.00478406     0.00011391
    -0.00048491    -0.00042113    -0.00006378
    -0.02010609    -0.02020544     0.00009936
     0.02828273     0.02817067     0.00011206
    -0.00089730    -0.00092466     0.00002736
    -0.03185000    -0.03184420    -0.00000580
    -0.00091294    -0.00090690    -0.00000604
     0.02506231     0.02511239    -0.00005008
     0.03203858     0.03200905     0.00002952
     0.00171489     0.00175015    -0.00003526
     0.00005508     0.00012811    -0.00007303
    -0.02018405    -0.02010205    -0.00008200
     0.02823255     0.02815771     0.00007484
     0.02475319     0.02477182    -0.00001862
    -0.03209191    -0.03208806    -0.00000385
     0.00362994     0.00356013     0.00006982
     0.01118603     0.01114097     0.00004506
     0.01137431     0.01143717    -0.00006286
     0.02140962     0.02153719    -0.00012757
     0.03136052     0.03130342     0.00005711
     0.03431718     0.03434400    -0.00002683
    -0.03430373    -0.03426924    -0.00003449
    -0.00117757    -0.00114974    -0.00002783
    -0.00047103    -0.00046744    -0.00000359
    -0.00043435    -0.00048992     0.00005557
    -0.02948318    -0.02945056    -0.00003262
     0.04809811     0.04810784    -0.00000973
     0.00978015     0.00972827     0.00005189
     0.01493652     0.01493872    -0.00000220
    -0.00090581    -0.00091690     0.00001109
     0.00006955    -0.00001331     0.00008286
    -0.02398564    -0.02396519    -0.00002045
     0.01704578     0.01700350     0.00004228
    -0.03822764    -0.03821723    -0.00001041
    -0.00074954    -0.00081107     0.00006154
    -0.02379856    -0.02379118    -0.00000739
     0.01479132     0.01477697     0.00001435
    -0.02923393    -0.02909524    -0.00013869
    -0.00083090    -0.00086361     0.00003271
     0.00715347     0.00720613    -0.00005266
    -0.03183324    -0.03182791    -0.00000533
    -0.00070698    -0.00077750     0.00007052
    -0.00016942    -0.00020728     0.00003786
     0.01749899     0.01741778     0.00008121
     0.01901464     0.01900091     0.00001373
     0.01502964     0.01497591     0.00005373
    -0.02736682    -0.02743272     0.00006590
     0.02787077     0.02787086    -0.00000009
     0.01820164     0.01829054    -0.00008890
     0.01386534     0.01381030     0.00005504
     0.04242941     0.04238469     0.00004472
     0.01980632     0.01984627    -0.00003994
    -0.03587544    -0.03591414     0.00003870
     0.01538388     0.01536113     0.00002275
     0.01084273     0.01083239     0.00001035
    -0.00005293    -0.00011246     0.00005953
    -0.01253093    -0.01241060    -0.00012032
     0.00778186     0.00765682     0.00012504
    -0.02273764    -0.02277768     0.00004003
     0.02621569     0.02615968     0.00005601
    -0.02538428    -0.02534928    -0.00003500
     0.02076868     0.02082699    -0.00005831
     0.01452095     0.01453232    -0.00001138
     0.01023186     0.01025215    -0.00002029
     0.00597323     0.00593165     0.00004157
     0.01314141     0.01307982     0.00006159
    -0.03519649    -0.03526478     0.00006830
    -0.03099693    -0.03099274    -0.00000419
    -0.00301742    -0.00304344     0.00002602
     0.04506252     0.04500603     0.00005649
    -0.00003586     0.00000071    -0.00003657
    -0.00909856    -0.00912808     0.00002952
     0.02456892     0.02460507    -0.00003615
     0.00170098     0.00166421     0.00003677
     0.02875778     0.02867056     0.00008722
    -0.03088201    -0.03089442     0.00001241
     0.02398991     0.02394451     0.00004541
    -0.01840736    -0.01838669    -0.00002067
    -0.01840774    -0.01838669    -0.00002105
    -0.01736130    -0.01733563    -0.00002567
     0.00726160     0.00718478     0.00007682
    -0.03482562    -0.03482911     0.00000348
    -0.03124020    -0.03116408    -0.00007611
     0.01963922     0.01954562     0.00009360
    -0.01047138    -0.01054742     0.00007605
     0.02923401     0.02925772    -0.00002371
    -0.01529666    -0.01531803     0.00002137
    -0.01529683    -0.01531803     0.00002120
    -0.00707208    -0.00705184    -0.00002023
    -0.03396332    -0.03397027     0.00000695
    -0.02181360    -0.02175814    -0.00005546
    -0.03276667    -0.03274668    -0.00002000
    -0.03190704    -0.03195080     0.00004376
     0.00181543     0.00180758     0.00000786
    -0.01760326    -0.01758731    -0.00001596
    -0.01604694    -0.01605297     0.00000603
    -0.01010873    -0.01008984    -0.00001889
    -0.01681582    -0.01680935    -0.00000647
    -0.01681626    -0.01680936    -0.00000690
    -0.01175282    -0.01173348    -0.00001934
    -0.02349766    -0.02348243    -0.00001523
     0.00527539     0.00521815     0.00005724
     0.03032385     0.03033911    -0.00001526
    -0.01666085    -0.01664001    -0.00002084
     0.01669650     0.01670164    -0.00000514
     0.01274492     0.01276824    -0.00002333
     0.00437276     0.00444719    -0.00007443
    -0.01360210    -0.01359016    -0.00001194
    -0.03207360    -0.03203380    -0.00003980
    -0.00774197    -0.00778311     0.00004115
     0.01202384     0.01215625    -0.00013241
     0.01303736     0.01306136    -0.00002401
    -0.01590658    -0.01588707    -0.00001951
     0.00404171     0.00404073     0.00000097
    -0.00789794    -0.00792304     0.00002510
    -0.02822509    -0.02825836     0.00003327
     0.00711866     0.00714031    -0.00002165
    -0.01214180    -0.01213427    -0.00000753
    -0.01544456    -0.01544415    -0.00000040
    -0.01523854    -0.01523693    -0.00000161
     0.01962629     0.01964722    -0.00002093
     0.00488341     0.00483665     0.00004676
    -0.01135183    -0.01135462     0.00000279
    -0.01394281    -0.01393174    -0.00001108
    -0.01495040    -0.01493576    -0.00001464
    -0.01121003    -0.01125156     0.00004153
    -0.02176533    -0.02177998     0.00001465
    -0.02126047    -0.02127219     0.00001171
    -0.00932434    -0.00934096     0.00001663
     0.02914209     0.02926905    -0.00012697
    -0.01295281    -0.01294954    -0.00000327
    -0.01056643    -0.01060248     0.00003605
    -0.01149746    -0.01150112     0.00000365
     0.01600557     0.01607599    -0.00007041
    -0.01323627    -0.01322686    -0.00000942
    -0.00405031    -0.00407181     0.00002151
    -0.03047259    -0.03045169    -0.00002090
    -0.01117612    -0.01118717     0.00001104
     0.01147589     0.01149962    -0.00002373
    -0.01187943    -0.01187576    -0.00000367
     0.02843057     0.02839359     0.00003697
     0.01312013     0.01315334    -0.00003320
     0.00867907     0.00868502    -0.00000594
    -0.03547870    -0.03547991     0.00000122
     0.00297788     0.00297176     0.00000612
    -0.00225531    -0.00237892     0.00012362
     0.02806041     0.02796782     0.00009259
     0.01991454     0.01978555     0.00012899
     0.02835584     0.02829106     0.00006478
     0.01194313     0.01185025     0.00009288
    -0.00721192    -0.00722004     0.00000812
    -0.03831706    -0.03834403     0.00002697
    -0.04286245    -0.04281202    -0.00005043
    -0.04102146    -0.04100562    -0.00001585
     0.00234451     0.00231587     0.00002864
     0.01330242     0.01329693     0.00000549
    -0.04163965    -0.04156308    -0.00007657
    -0.03473397    -0.03478491     0.00005093
    -0.04435298    -0.04435807     0.00000509
    -0.04563515    -0.04560518    -0.00002997
     0.02835758     0.02846439    -0.00010681
    -0.01727858    -0.01726374    -0.00001484
    -0.03097995    -0.03100434     0.00002439
    -0.00066578    -0.00067308     0.00000730
    -0.03891650    -0.03896848     0.00005198
    -0.02322897    -0.02323548     0.00000651
    -0.03441231    -0.03444634     0.00003403
    -0.01894114    -0.01895719     0.00001605
    -0.00123281    -0.00122134    -0.00001147
    -0.00530666    -0.00528167    -0.00002499
    -0.01638887    -0.01643236     0.00004349
    -0.00280702    -0.00276919    -0.00003782
     0.02867939     0.02880508    -0.00012570
     0.02815483     0.02815814    -0.00000331
     0.02846314     0.02848513    -0.00002200
    -0.01628035    -0.01630226     0.00002190
     0.02221665     0.02229294    -0.00007629
     0.02287356     0.02301884    -0.00014528
    -0.00571167    -0.00571487     0.00000320
    -0.01480025    -0.01481286     0.00001262
    -0.00070431    -0.00063088    -0.00007344
    -0.00070431    -0.00063088    -0.00007344
     0.02590761     0.02591794    -0.00001034
    -0.02510484    -0.02505601    -0.00004884
    -0.00173633    -0.00176418     0.00002785
     0.01322579     0.01323890    -0.00001311
     0.00307891     0.00309065    -0.00001174
    -0.00187353    -0.00188759     0.00001406
     0.03278371     0.03277060     0.00001311
     0.01727128     0.01728298    -0.00001170
    -0.02034555    -0.02037772     0.00003217
    -0.00111648    -0.00106497    -0.00005151
     0.02689895     0.02703210    -0.00013315
    -0.00439894    -0.00440525     0.00000631
     0.02074555     0.02090785    -0.00016230
    -0.00060850    -0.00053973    -0.00006877
    -0.00060877    -0.00053973    -0.00006904
    -0.01944607    -0.01951532     0.00006925
    -0.02480176    -0.02470345    -0.00009831
     0.00322869     0.00323816    -0.00000947
     0.00401607     0.00399604     0.00002004
     0.02937589     0.02934953     0.00002636
    -0.00943329    -0.00945738     0.00002409
     0.00338110     0.00338746    -0.00000636
    -0.00066711    -0.00059502    -0.00007210
    -0.00066711    -0.00059502    -0.00007210
     0.02892755     0.02902463    -0.00009708
     0.03405919     0.03429578    -0.00023659
     0.00385379     0.00384286     0.00001093
    -0.00283907    -0.00285433     0.00001526
     0.00353636     0.00353823    -0.00000187
    -0.05094361    -0.05096141     0.00001780
     0.00369392     0.00369014     0.00000378
    -0.00256954    -0.00259575     0.00002620
     0.00420661     0.00432362    -0.00011701
     0.02007977     0.02019852    -0.00011874
    -0.00138852    -0.00130771    -0.00008080
    -0.02641616    -0.02635241    -0.00006375
    -0.00203340    -0.00207751     0.00004412
    -0.03276254    -0.03271584    -0.00004669
    -0.03394593    -0.03387795    -0.00006798
    -0.00711338    -0.00710703    -0.00000635
     0.01458533     0.01460216    -0.00001683
     0.01815568     0.01800691     0.00014878
    -0.03487379    -0.03485680    -0.00001698
    -0.00582076    -0.00582465     0.00000389
     0.00746787     0.00755555    -0.00008768
    -0.01687530    -0.01694887     0.00007356
    -0.01674975    -0.01673956    -0.00001019
    -0.00227027    -0.00229657     0.00002630
     0.03046404     0.03053344    -0.00006940
     0.01888688     0.01889695    -0.00001007
     0.00316169     0.00312285     0.00003884
    -0.00060181    -0.00063087     0.00002907
     0.01473211     0.01486636    -0.00013426
    -0.02608791    -0.02599525    -0.00009266
     0.01404641     0.01404022     0.00000619
     0.01851672     0.01851367     0.00000306
     0.00401047     0.00398103     0.00002944
    -0.00445216    -0.00445794     0.00000577
    -0.01837977    -0.01846424     0.00008447
     0.01597297     0.01587710     0.00009587
     0.01159600     0.01159403     0.00000197
     0.01386260     0.01394459    -0.00008199
     0.00532159     0.00539974    -0.00007815
    -0.00125581    -0.00123531    -0.00002050
    -0.00036836    -0.00040427     0.00003591
    -0.01923418    -0.01930364     0.00006946
     0.04727622     0.04729140    -0.00001519
    -0.01834964    -0.01833345    -0.00001619
     0.01260325     0.01261115    -0.00000790
     0.01769437     0.01762150     0.00007286
     0.00074935     0.00076815    -0.00001881
    -0.00030931    -0.00035030     0.00004098
     0.00252865     0.00249072     0.00003792
    -0.01933951    -0.01940896     0.00006944
     0.00357155     0.00353802     0.00003352
     0.01415860     0.01415693     0.00000167
     0.02152260     0.02156435    -0.00004175
     0.01057595     0.01050995     0.00006600
    -0.01538461    -0.01537444    -0.00001017
    -0.02058155    -0.02068862     0.00010707
     0.02422994     0.02422741     0.00000253
     0.00508211     0.00505562     0.00002649
    -0.01835677    -0.01846022     0.00010345
     0.00403958     0.00400047     0.00003911
    -0.01589782    -0.01588837    -0.00000945
    -0.01309605    -0.01309185    -0.00000420
     0.03307400     0.03301041     0.00006358
    -0.00310436    -0.00312944     0.00002509
     0.02967372     0.02965507     0.00001864
     0.04478341     0.04479966    -0.00001625
     0.02769817     0.02761412     0.00008405
     0.04119442     0.04127699    -0.00008257
    -0.01661269    -0.01659350    -0.00001919
     0.02351970     0.02361849    -0.00009879
    -0.01743700    -0.01744127     0.00000426
    -0.01743727    -0.01744127     0.00000399
    -0.01234559    -0.01225466    -0.00009093
    -0.00449475    -0.00449550     0.00000075
    -0.00118770    -0.00113665    -0.00005105
    -0.00627228    -0.00623369    -0.00003859
     0.00422342     0.00426369    -0.00004026
    -0.02622021    -0.02628130     0.00006109
    -0.02622013    -0.02628130     0.00006117
    -0.01137235    -0.01138557     0.00001323
    -0.01137235    -0.01138557     0.00001323
    -0.00138384    -0.00134592    -0.00003791
    -0.00616218    -0.00612311    -0.00003907
    -0.00050861    -0.00046234    -0.00004627
    -0.00050861    -0.00046234    -0.00004627
     0.03695246     0.03690419     0.00004827
    -0.01553784    -0.01555185     0.00001401
     0.02725169     0.02725990    -0.00000821
     0.03749612     0.03747719     0.00001893
     0.00446903     0.00451480    -0.00004576
    -0.01675859    -0.01676739     0.00000880
    -0.00173157    -0.00168385    -0.00004772
    -0.04568533    -0.04595928     0.00027395
     0.01954662     0.01952356     0.00002306
    -0.01174794    -0.01176202     0.00001408
    -0.01174794    -0.01176202     0.00001407
    -0.00156885    -0.00151305    -0.00005580
    -0.00090562    -0.00086692    -0.00003870
    -0.00379060    -0.00372897    -0.00006163
    -0.01678534    -0.01679213     0.00000678
    -0.00090589    -0.00086692    -0.00003897
    -0.01678562    -0.01679213     0.00000651
    -0.01088137    -0.01088318     0.00000181
    -0.01971767    -0.01957689    -0.00014078
    -0.00107681    -0.00103098    -0.00004583
    -0.00170177    -0.00165432    -0.00004745
     0.00166760     0.00175836    -0.00009077
    -0.01087745    -0.01088010     0.00000265
    -0.00075691    -0.00071572    -0.00004119
    -0.00075691    -0.00071572    -0.00004119
    -0.00164637    -0.00159840    -0.00004797
    -0.00152664    -0.00147589    -0.00005076
    -0.01214425    -0.01215879     0.00001454
    -0.01214425    -0.01215879     0.00001454
     0.01922648     0.01918386     0.00004262
    -0.00157973    -0.00153147    -0.00004826
    -0.00156289    -0.00151427    -0.00004861
    -0.01616269    -0.01617212     0.00000943
     0.03636990     0.03636473     0.00000517
    -0.00062684    -0.00058101    -0.00004584
    -0.00062684    -0.00058101    -0.00004584
    -0.01255367    -0.01256890     0.00001523
    -0.00145320    -0.00140400    -0.00004920
    -0.00130985    -0.00125539    -0.00005446
    -0.00513612    -0.00514042     0.00000430
    -0.00135211    -0.00130092    -0.00005118
     0.01024272     0.01027638    -0.00003366
    -0.00142030    -0.00136915    -0.00005115
    -0.01256238    -0.01257676     0.00001438
    -0.01272189    -0.01273580     0.00001391
    -0.01256265    -0.01257676     0.00001411
     0.03410408     0.03407527     0.00002882
    -0.01556897    -0.01558046     0.00001149
    -0.01556897    -0.01558046     0.00001149
    -0.01068436    -0.01060056    -0.00008380
    -0.01422957    -0.01424431     0.00001474
    -0.01500330    -0.01501629     0.00001299
    -0.01500330    -0.01501629     0.00001299
    -0.01300293    -0.01301684     0.00001390
    -0.01300293    -0.01301684     0.00001390
    -0.00543972    -0.00544546     0.00000574
    -0.01446503    -0.01447874     0.00001371
    -0.01446503    -0.01447874     0.00001371
     0.01015238     0.01018502    -0.00003264
    -0.01346626    -0.01347992     0.00001366
    -0.01346626    -0.01347992     0.00001366
    -0.01395324    -0.01396691     0.00001368
    -0.01395324    -0.01396691     0.00001368
    -0.00585347    -0.00586128     0.00000781
    -0.00580533    -0.00581336     0.00000802
    -0.00958170    -0.00958873     0.00000703
    -0.00256960    -0.00247809    -0.00009150
    -0.00619247    -0.00620201     0.00000954
    -0.00665416    -0.00666548     0.00001132
    -0.00901810    -0.00902628     0.00000818
    -0.00660159    -0.00661241     0.00001082
    -0.00854938    -0.00855823     0.00000885
    -0.00703480    -0.00704556     0.00001076
    -0.00803805    -0.00804723     0.00000917
    -0.00858925    -0.00852670    -0.00006255
    -0.00848301    -0.00849179     0.00000878
    -0.00749246    -0.00750248     0.00001001
    -0.00797481    -0.00798421     0.00000939
    -0.02064250    -0.02058775    -0.00005475
    -0.00604283    -0.00605455     0.00001172
     0.04082715     0.04077736     0.00004979
     0.00188278     0.00188067     0.00000211
    -0.04834312    -0.04844535     0.00010223
     0.01090034     0.01090970    -0.00000936
    -0.01024566    -0.01027516     0.00002950
    -0.01251207    -0.01251817     0.00000610
     0.00784246     0.00788087    -0.00003842
    -0.02041249    -0.02041590     0.00000342
     0.04106244     0.04103251     0.00002993
    -0.01565501    -0.01566912     0.00001411
    -0.02139082    -0.02138911    -0.00000170
    -0.02661769    -0.02663952     0.00002183
    -0.01024095    -0.01022880    -0.00001216
    -0.00724745    -0.00725762     0.00001017
    -0.00474787    -0.00474864     0.00000077
     0.03413467     0.03410607     0.00002860
    -0.02166481    -0.02166451    -0.00000030
    -0.00667795    -0.00668205     0.00000410
    -0.01624403    -0.01624941     0.00000538
    -0.01509878    -0.01510064     0.00000186
    -0.00722438    -0.00719713    -0.00002724
    -0.02554521    -0.02544647    -0.00009874
     0.03972511     0.03970040     0.00002471
     0.03555894     0.03553368     0.00002526
    -0.01438587    -0.01439977     0.00001390
    -0.01192381    -0.01195285     0.00002904
     0.01673851     0.01675097    -0.00001246
    -0.01924158    -0.01926742     0.00002584
    -0.00817240    -0.00816795    -0.00000445
     0.03835872     0.03833620     0.00002252
     0.03696836     0.03694548     0.00002288
    -0.01794101    -0.01797858     0.00003757
    -0.00727347    -0.00724655    -0.00002692
     0.03525537     0.03530014    -0.00004477
    -0.00959882    -0.00957616    -0.00002266
     0.02621194     0.02614861     0.00006333
    -0.00517408    -0.00516869    -0.00000539
     0.03572368     0.03562282     0.00010086
    -0.01234853    -0.01239300     0.00004447
    -0.00715502    -0.00712666    -0.00002836
    -0.01423248    -0.01424644     0.00001396
    -0.00951016    -0.00950238    -0.00000778
    -0.00533528    -0.00532851    -0.00000677
    -0.01009036    -0.01008648    -0.00000388
    -0.00416925    -0.00420388     0.00003463
    -0.01343853    -0.01346059     0.00002206
    -0.00992897    -0.00995071     0.00002174
    -0.00463951    -0.00465802     0.00001850
    -0.01057448    -0.01056210    -0.00001238
    -0.00900142    -0.00899136    -0.00001006
    -0.00460621    -0.00462558     0.00001937
    -0.00898501    -0.00899577     0.00001076
    -0.00600436    -0.00599941    -0.00000495
    -0.03513893    -0.03518770     0.00004876
    -0.01614653    -0.01616920     0.00002267
     0.00421855     0.00428637    -0.00006782
    -0.00363419    -0.00358659    -0.00004760
    -0.00929552    -0.00931213     0.00001661
    -0.02180576    -0.02183452     0.00002876
    -0.01304723    -0.01306068     0.00001344
    -0.02860390    -0.02856096    -0.00004294
    -0.00482526    -0.00483907     0.00001381
    -0.01029842    -0.01029751    -0.00000091
    -0.01013368    -0.01012563    -0.00000805
     0.00862195     0.00862681    -0.00000486
    -0.01922569    -0.01924876     0.00002307
    -0.00405583    -0.00409863     0.00004280
     0.01256537     0.01251698     0.00004839
    -0.02192636    -0.02193577     0.00000941
    -0.00853003    -0.00855877     0.00002874
    -0.01033731    -0.01035776     0.00002045
     0.02262597     0.02262770    -0.00000174
    -0.00879428    -0.00878000    -0.00001428
     0.00495917     0.00496163    -0.00000246
    -0.01194041    -0.01194899     0.00000858
    -0.00505517    -0.00506990     0.00001473
    -0.01020177    -0.01021732     0.00001555
    -0.01093547    -0.01095135     0.00001588
    -0.00561074    -0.00561024    -0.00000050
    -0.01128154    -0.01129509     0.00001355
    -0.00448933    -0.00449931     0.00000997
     0.00668020     0.00668923    -0.00000902
    -0.01391027    -0.01386969    -0.00004058
    -0.00662347    -0.00660485    -0.00001862
    -0.00499408    -0.00501157     0.00001749
    -0.01905102    -0.01908584     0.00003483
    -0.00898721    -0.00897550    -0.00001171
     0.03474176     0.03472487     0.00001689
     0.00588852     0.00585888     0.00002964
    -0.00904920    -0.00903834    -0.00001087
     0.02454941     0.02456152    -0.00001212
    -0.00840070    -0.00838441    -0.00001629
    -0.00875066    -0.00873804    -0.00001262
    -0.00696987    -0.00695425    -0.00001562
    -0.00573469    -0.00573589     0.00000120
    -0.00581638    -0.00581943     0.00000305
    -0.00715230    -0.00715114    -0.00000116
    -0.00852639    -0.00852581    -0.00000058
     0.00243575     0.00243590    -0.00000016
    -0.00867453    -0.00866963    -0.00000489
    -0.00826097    -0.00825446    -0.00000651
     0.01121955     0.01119522     0.00002433
     0.02425329     0.02421035     0.00004294
     0.01666836     0.01664320     0.00002516
    -0.00919157    -0.00931389     0.00012232
     0.00004492     0.00004114     0.00007551     0.00006476     0.00027395
